0 12643.0 4871.0 3855.0 4871.0 61.47 69.51 61.47
1 44544.0 18210.0 17189.0 18210.0 59.12 61.41 59.12
2 81742.0 44166.0 35323.0 44166.0 45.97 56.79 45.97
3 17719.0 5521.0 2997.0 5521.0 68.84 83.09 68.84
4 48924.0 24087.0 23301.0 24087.0 50.77 52.37 50.77
5 47658.0 34110.0 27348.0 34110.0 28.43 42.62 28.43
6 20064.0 9489.0 3110.0 9489.0 52.71 84.5 52.71
7 27840.0 12690.0 6574.0 12690.0 54.42 76.39 54.42
8 200853.0 63573.0 96909.0 63573.0 68.35 51.75 68.35
9 975.0 740.0 454.0 740.0 24.1 53.44 24.1
10 10626.0 6376.0 3725.0 6376.0 40.0 64.94 40.0
11 12480.0 2735.0 1219.0 2735.0 78.08 90.23 78.08
12 90538.0 30356.0 22492.0 30356.0 66.47 75.16 66.47
13 2376.0 695.0 424.0 695.0 70.75 82.15 70.75
14 48393.0 17730.0 13694.0 17730.0 63.36 71.7 63.36
15 45198.0 23212.0 13243.0 23212.0 48.64 70.7 48.64
16 50518.0 20810.0 10225.0 20810.0 58.81 79.76 58.81
17 43896.0 25634.0 17482.0 25634.0 41.6 60.17 41.6
18 72303.0 23297.0 22740.0 23297.0 67.78 68.55 67.78
19 41328.0 12106.0 7163.0 12106.0 70.71 82.67 70.71
20 4674.0 2460.0 1786.0 2460.0 47.37 61.79 47.37
21 23290.0 15705.0 6130.0 15705.0 32.57 73.68 32.57
22 65800.0 38450.0 29349.0 38450.0 41.57 55.4 41.57
23 98112.0 22770.0 31475.0 22770.0 76.79 67.92 76.79
24 52640.0 18955.0 16418.0 18955.0 63.99 68.81 63.99
25 46722.0 8849.0 7017.0 8849.0 81.06 84.98 81.06
26 44880.0 10335.0 8792.0 10335.0 76.97 80.41 76.97
27 27176.0 9225.0 3142.0 9225.0 66.05 88.44 66.05
28 107508.0 30333.0 37931.0 30333.0 71.79 64.72 71.79
29 8008.0 2879.0 2314.0 2879.0 64.05 71.1 64.05
30 35056.0 9033.0 7677.0 9033.0 74.23 78.1 74.23
31 73874.0 30125.0 22936.0 30125.0 59.22 68.95 59.22
32 32592.0 12531.0 15932.0 12531.0 61.55 51.12 61.55
33 23790.0 5156.0 5078.0 5156.0 78.33 78.65 78.33
34 28143.0 13345.0 12645.0 13345.0 52.58 55.07 52.58
35 7245.0 4995.0 3002.0 4995.0 31.06 58.56 31.06
36 170170.0 33425.0 50967.0 33425.0 80.36 70.05 80.36
37 44978.0 16351.0 14634.0 16351.0 63.65 67.46 63.65
38 60144.0 19488.0 14398.0 19488.0 67.6 76.06 67.6
39 103600.0 61333.0 82281.0 61333.0 40.8 20.58 40.8
40 175864.0 73924.0 51949.0 73924.0 57.97 70.46 57.97
41 7192.0 5409.0 2916.0 5409.0 24.79 59.45 24.79
42 171730.0 67055.0 71406.0 67055.0 60.95 58.42 60.95
43 42624.0 27265.0 15795.0 27265.0 36.03 62.94 36.03
44 50904.0 28025.0 22576.0 28025.0 44.95 55.65 44.95
45 29440.0 6176.0 7051.0 6176.0 79.02 76.05 79.02
46 31458.0 9808.0 7372.0 9808.0 68.82 76.57 68.82
47 22072.0 5351.0 4825.0 5351.0 75.76 78.14 75.76
48 15960.0 7090.0 3070.0 7090.0 55.58 80.76 55.58
49 37355.0 25499.0 20409.0 25499.0 31.74 45.36 31.74
50 110298.0 32215.0 33149.0 32215.0 70.79 69.95 70.79
51 18990.0 3715.0 3929.0 3715.0 80.44 79.31 80.44
52 164346.0 59094.0 60054.0 59094.0 64.04 63.46 64.04
53 111537.0 56652.0 53082.0 56652.0 49.21 52.41 49.21
54 79386.0 34433.0 43569.0 34433.0 56.63 45.12 56.63
55 26700.0 12150.0 5769.0 12150.0 54.49 78.39 54.49
56 53751.0 32472.0 25504.0 32472.0 39.59 52.55 39.59
57 47886.0 6621.0 6624.0 6621.0 86.17 86.17 86.17
58 28188.0 15615.0 5415.0 15615.0 44.6 80.79 44.6
59 320229.0 46575.0 74973.0 46575.0 85.46 76.59 85.46
60 50666.0 27899.0 22361.0 27899.0 44.94 55.87 44.94
61 16368.0 7742.0 7044.0 7742.0 52.7 56.96 52.7
62 50841.0 30316.0 22246.0 30316.0 40.37 56.24 40.37
63 226240.0 95357.0 87510.0 95357.0 57.85 61.32 57.85
64 57456.0 36578.0 17084.0 36578.0 36.34 70.27 36.34
65 19916.0 9624.0 4560.0 9624.0 51.68 77.1 51.68
66 57624.0 25152.0 18381.0 25152.0 56.35 68.1 56.35
67 58280.0 15617.0 16168.0 15617.0 73.2 72.26 73.2
68 19320.0 8105.0 7101.0 8105.0 58.05 63.25 58.05
69 644130.0 128863.0 287368.0 128863.0 79.99 55.39 79.99
70 138240.0 54170.0 55386.0 54170.0 60.81 59.93 60.81
71 14911.0 6870.0 3143.0 6870.0 53.93 78.92 53.93
72 17340.0 6591.0 4033.0 6591.0 61.99 76.74 61.99
73 117824.0 44402.0 51060.0 44402.0 62.31 56.66 62.31
74 29962.0 11534.0 4550.0 11534.0 61.5 84.81 61.5
75 78610.0 60505.0 50029.0 60505.0 23.03 36.36 23.03
76 9604.0 4569.0 1950.0 4569.0 52.43 79.7 52.43
77 64387.0 15723.0 14441.0 15723.0 75.58 77.57 75.58
78 42103.0 11779.0 12534.0 11779.0 72.02 70.23 72.02
79 12040.0 2500.0 1903.0 2500.0 79.24 84.19 79.24
80 78832.0 13652.0 21874.0 13652.0 82.68 72.25 82.68
81 31460.0 11460.0 10379.0 11460.0 63.57 67.01 63.57
82 34874.0 16414.0 13371.0 16414.0 52.93 61.66 52.93
83 17730.0 6350.0 5425.0 6350.0 64.18 69.4 64.18
84 56829.0 25138.0 20822.0 25138.0 55.77 63.36 55.77
85 151552.0 48993.0 50277.0 48993.0 67.67 66.83 67.67
86 8664.0 2935.0 2315.0 2935.0 66.12 73.28 66.12
87 14756.0 6058.0 4591.0 6058.0 58.95 68.89 58.95
88 25024.0 6909.0 7107.0 6909.0 72.39 71.6 72.39
89 279130.0 32979.0 59956.0 32979.0 88.19 78.52 88.19
90 89488.0 24324.0 16003.0 24324.0 72.82 82.12 72.82
91 31270.0 8762.0 5025.0 8762.0 71.98 83.93 71.98
92 58092.0 27215.0 15856.0 27215.0 53.15 72.71 53.15
93 9604.0 2634.0 1571.0 2634.0 72.57 83.64 72.57
94 48295.0 9245.0 10584.0 9245.0 80.86 78.08 80.86
95 142862.0 27740.0 41248.0 27740.0 80.58 71.13 80.58
96 77857.0 25593.0 21850.0 25593.0 67.13 71.94 67.13
97 173880.0 51925.0 48712.0 51925.0 70.14 71.99 70.14
98 4968.0 1149.0 1021.0 1149.0 76.87 79.45 76.87
99 71681.0 29426.0 20047.0 29426.0 58.95 72.03 58.95
100 32042.0 5923.0 3953.0 5923.0 81.51 87.66 81.51
101 46190.0 38771.0 27589.0 38771.0 16.06 40.27 16.06
102 110848.0 32419.0 25545.0 32419.0 70.75 76.95 70.75
103 31756.0 15132.0 7592.0 15132.0 52.35 76.09 52.35
104 33475.0 15815.0 13412.0 15815.0 52.76 59.93 52.76
105 27145.0 13875.0 10220.0 13875.0 48.89 62.35 48.89
106 62514.0 18060.0 9677.0 18060.0 71.11 84.52 71.11
107 24309.0 11014.0 8291.0 11014.0 54.69 65.89 54.69
108 6288.0 3093.0 1481.0 3093.0 50.81 76.45 50.81
109 30798.0 18241.0 12462.0 18241.0 40.77 59.54 40.77
110 48858.0 12400.0 8275.0 12400.0 74.62 83.06 74.62
111 9282.0 2313.0 1192.0 2313.0 75.08 87.16 75.08
112 113836.0 18989.0 26716.0 18989.0 83.32 76.53 83.32
113 80514.0 46371.0 32916.0 46371.0 42.41 59.12 42.41
114 111198.0 23905.0 26831.0 23905.0 78.5 75.87 78.5
115 18277.0 4093.0 3446.0 4093.0 77.61 81.15 77.61
116 52808.0 26623.0 30519.0 26623.0 49.59 42.21 49.59
117 30004.0 13618.0 12940.0 13618.0 54.61 56.87 54.61
118 45942.0 18224.0 11860.0 18224.0 60.33 74.18 60.33
119 11900.0 4775.0 2588.0 4775.0 59.87 78.25 59.87
120 42528.0 26252.0 12135.0 26252.0 38.27 71.47 38.27
121 21902.0 11063.0 6866.0 11063.0 49.49 68.65 49.49
122 59409.0 23800.0 27442.0 23800.0 59.94 53.81 59.94
123 76320.0 53911.0 31492.0 53911.0 29.36 58.74 29.36
124 27048.0 13193.0 12196.0 13193.0 51.22 54.91 51.22
125 36600.0 12788.0 9032.0 12788.0 65.06 75.32 65.06
126 298224.0 124157.0 163986.0 124157.0 58.37 45.01 58.37
127 35448.0 9319.0 10255.0 9319.0 73.71 71.07 73.71
128 71001.0 27729.0 25238.0 27729.0 60.95 64.45 60.95
129 90171.0 63210.0 54080.0 63210.0 29.9 40.03 29.9
130 35088.0 9758.0 5669.0 9758.0 72.19 83.84 72.19
131 87874.0 21205.0 29234.0 21205.0 75.87 66.73 75.87
132 7020.0 3694.0 1559.0 3694.0 47.38 77.79 47.38
133 25520.0 10964.0 5566.0 10964.0 57.04 78.19 57.04
134 113014.0 39153.0 36331.0 39153.0 65.36 67.85 65.36
135 8099.0 2688.0 3340.0 2688.0 66.81 58.76 66.81
136 226884.0 98959.0 82359.0 98959.0 56.38 63.7 56.38
137 171526.0 23406.0 39812.0 23406.0 86.35 76.79 86.35
138 4142.0 2073.0 933.0 2073.0 49.95 77.47 49.95
139 10148.0 4709.0 4349.0 4709.0 53.6 57.14 53.6
140 73509.0 25303.0 40357.0 25303.0 65.58 45.1 65.58
141 54876.0 23915.0 22357.0 23915.0 56.42 59.26 56.42
142 110880.0 36045.0 40062.0 36045.0 67.49 63.87 67.49
143 45100.0 27800.0 22093.0 27800.0 38.36 51.01 38.36
144 39720.0 16665.0 13205.0 16665.0 58.04 66.75 58.04
145 8024.0 2234.0 1094.0 2234.0 72.16 86.37 72.16
146 34176.0 4890.0 8186.0 4890.0 85.69 76.05 85.69
147 111550.0 59610.0 54875.0 59610.0 46.56 50.81 46.56
148 61160.0 23395.0 9946.0 23395.0 61.75 83.74 61.75
149 44080.0 6833.0 6439.0 6833.0 84.5 85.39 84.5
150 28329.0 12047.0 8863.0 12047.0 57.47 68.71 57.47
151 75440.0 24035.0 32043.0 24035.0 68.14 57.53 68.14
152 132864.0 22338.0 31897.0 22338.0 83.19 75.99 83.19
153 8024.0 2314.0 1127.0 2314.0 71.16 85.95 71.16
154 213674.0 157569.0 138709.0 157569.0 26.26 35.08 26.26
155 22992.0 5616.0 4375.0 5616.0 75.57 80.97 75.57
156 165261.0 57949.0 60858.0 57949.0 64.93 63.17 64.93
157 71567.0 24996.0 22016.0 24996.0 65.07 69.24 65.07
158 28906.0 4671.0 3279.0 4671.0 83.84 88.66 83.84
159 60628.0 39178.0 31336.0 39178.0 35.38 48.31 35.38
160 75504.0 25548.0 25901.0 25548.0 66.16 65.7 66.16
161 20475.0 8244.0 4576.0 8244.0 59.74 77.65 59.74
162 30906.0 7510.0 8100.0 7510.0 75.7 73.79 75.7
163 246124.0 72724.0 67118.0 72724.0 70.45 72.73 70.45
164 12272.0 4355.0 767.0 4355.0 64.51 93.75 64.51
165 46144.0 30504.0 17596.0 30504.0 33.89 61.87 33.89
166 27540.0 16590.0 10361.0 16590.0 39.76 62.38 39.76
167 125748.0 21360.0 24288.0 21360.0 83.01 80.69 83.01
168 151398.0 42583.0 37940.0 42583.0 71.87 74.94 71.87
169 28126.0 6787.0 5413.0 6787.0 75.87 80.75 75.87
170 51988.0 28404.0 15339.0 28404.0 45.36 70.5 45.36
171 53302.0 20142.0 15859.0 20142.0 62.21 70.25 62.21
172 26068.0 4917.0 2842.0 4917.0 81.14 89.1 81.14
173 45733.0 7333.0 7492.0 7333.0 83.97 83.62 83.97
174 42256.0 10262.0 5149.0 10262.0 75.71 87.81 75.71
175 6084.0 2811.0 993.0 2811.0 53.8 83.68 53.8
176 161634.0 34920.0 33048.0 34920.0 78.4 79.55 78.4
177 19355.0 6793.0 5768.0 6793.0 64.9 70.2 64.9
178 18998.0 9138.0 3411.0 9138.0 51.9 82.05 51.9
179 7280.0 2750.0 2041.0 2750.0 62.23 71.96 62.23
180 29369.0 10018.0 5441.0 10018.0 65.89 81.47 65.89
181 11766.0 4748.0 2148.0 4748.0 59.65 81.74 59.65
182 18130.0 3243.0 2925.0 3243.0 82.11 83.87 82.11
183 31790.0 19550.0 9388.0 19550.0 38.5 70.47 38.5
184 32706.0 9454.0 4477.0 9454.0 71.09 86.31 71.09
185 175959.0 27064.0 69669.0 27064.0 84.62 60.41 84.62
186 59218.0 18950.0 17838.0 18950.0 68.0 69.88 68.0
187 17168.0 13172.0 6800.0 13172.0 23.28 60.39 23.28
188 124778.0 25081.0 28476.0 25081.0 79.9 77.18 79.9
189 299266.0 123458.0 164373.0 123458.0 58.75 45.07 58.75
190 75020.0 8785.0 6306.0 8785.0 88.29 91.59 88.29
191 24637.0 6551.0 5138.0 6551.0 73.41 79.15 73.41
192 16368.0 9369.0 7700.0 9369.0 42.76 52.96 42.76
193 26226.0 3987.0 2950.0 3987.0 84.8 88.75 84.8
194 16770.0 6200.0 3199.0 6200.0 63.03 80.92 63.03
195 29840.0 19020.0 15591.0 19020.0 36.26 47.75 36.26
196 62280.0 16160.0 12847.0 16160.0 74.05 79.37 74.05
197 16310.0 4995.0 5433.0 4995.0 69.37 66.69 69.37
198 87340.0 29355.0 26718.0 29355.0 66.39 69.41 66.39
199 79794.0 51900.0 26489.0 51900.0 34.96 66.8 34.96
200 20176.0 4273.0 3983.0 4273.0 78.82 80.26 78.82
201 19856.0 4249.0 3441.0 4249.0 78.6 82.67 78.6
202 104040.0 48865.0 53704.0 48865.0 53.03 48.38 53.03
203 26976.0 15761.0 6122.0 15761.0 41.57 77.31 41.57
204 84606.0 52118.0 36766.0 52118.0 38.4 56.54 38.4
205 28850.0 12945.0 7395.0 12945.0 55.13 74.37 55.13
206 31200.0 19550.0 10364.0 19550.0 37.34 66.78 37.34
207 52736.0 9320.0 6849.0 9320.0 82.33 87.01 82.33
208 30000.0 12455.0 11015.0 12455.0 58.48 63.28 58.48
209 35880.0 26832.0 18455.0 26832.0 25.22 48.56 25.22
210 33234.0 7939.0 6786.0 7939.0 76.11 79.58 76.11
211 31164.0 11543.0 10626.0 11543.0 62.96 65.9 62.96
212 340788.0 112154.0 150249.0 112154.0 67.09 55.91 67.09
213 55738.0 40264.0 23529.0 40264.0 27.76 57.79 27.76
214 90720.0 22745.0 48675.0 22745.0 74.93 46.35 74.93
215 242820.0 61445.0 71784.0 61445.0 74.7 70.44 74.7
216 27508.0 14457.0 6655.0 14457.0 47.44 75.81 47.44
217 85824.0 24826.0 29006.0 24826.0 71.07 66.2 71.07
218 41275.0 13165.0 10840.0 13165.0 68.1 73.74 68.1
219 84180.0 32703.0 30703.0 32703.0 61.15 63.53 61.15
220 32154.0 13942.0 14631.0 13942.0 56.64 54.5 56.64
221 233985.0 67770.0 70680.0 67770.0 71.04 69.79 71.04
222 10200.0 5882.0 2134.0 5882.0 42.33 79.08 42.33
223 27772.0 8029.0 5009.0 8029.0 71.09 81.96 71.09
224 16104.0 9283.0 4280.0 9283.0 42.36 73.42 42.36
225 21078.0 13541.0 5964.0 13541.0 35.76 71.71 35.76
226 28413.0 9817.0 10531.0 9817.0 65.45 62.94 65.45
227 16005.0 7110.0 4642.0 7110.0 55.58 71.0 55.58
228 222723.0 99633.0 95555.0 99633.0 55.27 57.1 55.27
229 10593.0 3299.0 1979.0 3299.0 68.86 81.32 68.86
230 14652.0 5828.0 2339.0 5828.0 60.22 84.04 60.22
231 6765.0 2275.0 818.0 2275.0 66.37 87.91 66.37
232 52318.0 8866.0 14695.0 8866.0 83.05 71.91 83.05
233 62060.0 18782.0 8854.0 18782.0 69.74 85.73 69.74
234 43050.0 16800.0 13593.0 16800.0 60.98 68.43 60.98
235 55575.0 25505.0 17146.0 25505.0 54.11 69.15 54.11
236 56486.0 23292.0 18236.0 23292.0 58.77 67.72 58.77
237 19504.0 10507.0 4882.0 10507.0 46.13 74.97 46.13
238 15275.0 5385.0 6388.0 5385.0 64.75 58.18 64.75
239 20999.0 9796.0 5777.0 9796.0 53.35 72.49 53.35
240 94068.0 35105.0 22710.0 35105.0 62.68 75.86 62.68
241 2574.0 863.0 360.0 863.0 66.47 86.01 66.47
242 86254.0 26209.0 30368.0 26209.0 69.61 64.79 69.61
243 119040.0 25745.0 28381.0 25745.0 78.37 76.16 78.37
244 17628.0 3744.0 4149.0 3744.0 78.76 76.46 78.76
245 28910.0 10796.0 8451.0 10796.0 62.66 70.77 62.66
246 32148.0 12772.0 7089.0 12772.0 60.27 77.95 60.27
247 39947.0 22253.0 16861.0 22253.0 44.29 57.79 44.29
248 18252.0 9671.0 4802.0 9671.0 47.01 73.69 47.01
249 153360.0 63774.0 59046.0 63774.0 58.42 61.5 58.42
250 19881.0 6972.0 4204.0 6972.0 64.93 78.85 64.93
251 10105.0 3221.0 2586.0 3221.0 68.12 74.41 68.12
252 140286.0 53933.0 62114.0 53933.0 61.55 55.72 61.55
253 114750.0 30385.0 50286.0 30385.0 73.52 56.18 73.52
254 43407.0 9297.0 9527.0 9297.0 78.58 78.05 78.58
255 71379.0 19829.0 15613.0 19829.0 72.22 78.13 72.22
256 88928.0 29189.0 29235.0 29189.0 67.18 67.13 67.18
257 84524.0 24784.0 27917.0 24784.0 70.68 66.97 70.68
258 63916.0 28504.0 12562.0 28504.0 55.4 80.35 55.4
259 68262.0 12019.0 12067.0 12019.0 82.39 82.32 82.39
260 196664.0 60187.0 106648.0 60187.0 69.4 45.77 69.4
261 11808.0 5555.0 2459.0 5555.0 52.96 79.18 52.96
262 22444.0 8649.0 2847.0 8649.0 61.46 87.32 61.46
263 53954.0 13656.0 12489.0 13656.0 74.69 76.85 74.69
264 33756.0 15041.0 10007.0 15041.0 55.44 70.35 55.44
265 16644.0 5942.0 2678.0 5942.0 64.3 83.91 64.3
266 38254.0 20201.0 19322.0 20201.0 47.19 49.49 47.19
267 44138.0 10692.0 6716.0 10692.0 75.78 84.78 75.78
268 87759.0 50179.0 47818.0 50179.0 42.82 45.51 42.82
269 26100.0 11004.0 10285.0 11004.0 57.84 60.59 57.84
270 32944.0 12800.0 12200.0 12800.0 61.15 62.97 61.15
271 48100.0 17905.0 16002.0 17905.0 62.78 66.73 62.78
272 44979.0 28801.0 20994.0 28801.0 35.97 53.32 35.97
273 83232.0 34029.0 22743.0 34029.0 59.12 72.68 59.12
274 4360.0 1195.0 595.0 1195.0 72.59 86.35 72.59
275 11570.0 3858.0 2803.0 3858.0 66.66 75.77 66.66
276 115984.0 60986.0 63263.0 60986.0 47.42 45.46 47.42
277 27168.0 12989.0 8250.0 12989.0 52.19 69.63 52.19
278 28365.0 13262.0 10764.0 13262.0 53.25 62.05 53.25
279 61236.0 8924.0 11841.0 8924.0 85.43 80.66 85.43
280 52539.0 26535.0 24200.0 26535.0 49.49 53.94 49.49
281 74520.0 28353.0 30773.0 28353.0 61.95 58.71 61.95
282 390264.0 270211.0 246602.0 270211.0 30.76 36.81 30.76
283 27756.0 6003.0 5340.0 6003.0 78.37 80.76 78.37
284 35955.0 5280.0 5426.0 5280.0 85.31 84.91 85.31
285 27930.0 16387.0 15665.0 16387.0 41.33 43.91 41.33
286 37736.0 13772.0 12833.0 13772.0 63.5 65.99 63.5
287 163795.0 22855.0 26411.0 22855.0 86.05 83.88 86.05
288 91210.0 26170.0 30400.0 26170.0 71.31 66.67 71.31
289 58300.0 24396.0 11018.0 24396.0 58.15 81.1 58.15
290 43772.0 18032.0 9957.0 18032.0 58.8 77.25 58.8
291 52380.0 21040.0 22572.0 21040.0 59.83 56.91 59.83
292 160107.0 96909.0 94600.0 96909.0 39.47 40.91 39.47
293 16500.0 5591.0 2828.0 5591.0 66.12 82.86 66.12
294 17101.0 5219.0 4019.0 5219.0 69.48 76.5 69.48
295 21870.0 4091.0 2173.0 4091.0 81.29 90.06 81.29
296 4900.0 2495.0 1351.0 2495.0 49.08 72.43 49.08
297 196394.0 81680.0 132194.0 81680.0 58.41 32.69 58.41
298 40860.0 26095.0 19273.0 26095.0 36.14 52.83 36.14
299 10255.0 3355.0 2585.0 3355.0 67.28 74.79 67.28
300 66597.0 28296.0 22182.0 28296.0 57.51 66.69 57.51
301 21384.0 14957.0 12377.0 14957.0 30.06 42.12 30.06
302 131215.0 39400.0 57807.0 39400.0 69.97 55.94 69.97
303 77935.0 30837.0 27035.0 30837.0 60.43 65.31 60.43
304 105930.0 21196.0 28375.0 21196.0 79.99 73.21 79.99
305 54708.0 48816.0 49589.0 48816.0 10.77 9.36 10.77
306 37736.0 5072.0 4278.0 5072.0 86.56 88.66 86.56
307 58788.0 20968.0 11074.0 20968.0 64.33 81.16 64.33
308 96944.0 37943.0 39255.0 37943.0 60.86 59.51 60.86
309 193160.0 38465.0 52463.0 38465.0 80.09 72.84 80.09
310 253870.0 102802.0 170728.0 102802.0 59.51 32.75 59.51
311 66844.0 27336.0 18893.0 27336.0 59.1 71.74 59.1
312 128475.0 42305.0 37964.0 42305.0 67.07 70.45 67.07
313 39060.0 23985.0 20002.0 23985.0 38.59 48.79 38.59
314 40915.0 20340.0 11343.0 20340.0 50.29 72.28 50.29
315 50960.0 13665.0 13134.0 13665.0 73.18 74.23 73.18
316 54730.0 29150.0 27511.0 29150.0 46.74 49.73 46.74
317 190125.0 117960.0 153064.0 117960.0 37.96 19.49 37.96
318 91542.0 38389.0 45971.0 38389.0 58.06 49.78 58.06
319 155100.0 27879.0 27845.0 27879.0 82.03 82.05 82.03
320 231840.0 41163.0 42125.0 41163.0 82.25 81.83 82.25
321 68264.0 13892.0 16164.0 13892.0 79.65 76.32 79.65
322 59829.0 24512.0 16721.0 24512.0 59.03 72.05 59.03
323 195663.0 58802.0 68836.0 58802.0 69.95 64.82 69.95
324 60333.0 37639.0 39129.0 37639.0 37.61 35.14 37.61
325 23790.0 10010.0 5679.0 10010.0 57.92 76.13 57.92
326 45414.0 18382.0 16036.0 18382.0 59.52 64.69 59.52
327 42244.0 12051.0 18298.0 12051.0 71.47 56.68 71.47
328 45360.0 18900.0 17593.0 18900.0 58.33 61.21 58.33
329 82992.0 11603.0 14121.0 11603.0 86.02 82.99 86.02
330 40086.0 12414.0 9449.0 12414.0 69.03 76.43 69.03
331 46376.0 14463.0 11785.0 14463.0 68.81 74.59 68.81
332 32850.0 9110.0 3716.0 9110.0 72.27 88.69 72.27
333 17940.0 5520.0 5336.0 5520.0 69.23 70.26 69.23
334 33350.0 13325.0 9349.0 13325.0 60.04 71.97 60.04
335 17934.0 5101.0 2640.0 5101.0 71.56 85.28 71.56
336 37947.0 15010.0 8916.0 15010.0 60.44 76.5 60.44
337 56429.0 18426.0 16584.0 18426.0 67.35 70.61 67.35
338 67100.0 5835.0 14492.0 5835.0 91.3 78.4 91.3
339 14616.0 10025.0 5533.0 10025.0 31.41 62.14 31.41
340 65184.0 34311.0 34156.0 34311.0 47.36 47.6 47.36
341 69994.0 31025.0 23971.0 31025.0 55.67 65.75 55.67
342 348568.0 108612.0 156838.0 108612.0 68.84 55.01 68.84
343 8330.0 2420.0 1107.0 2420.0 70.95 86.71 70.95
344 220550.0 33795.0 37094.0 33795.0 84.68 83.18 84.68
345 146100.0 133980.0 134699.0 133980.0 8.3 7.8 8.3
346 58023.0 25276.0 18728.0 25276.0 56.44 67.72 56.44
347 26640.0 6660.0 3109.0 6660.0 75.0 88.33 75.0
348 27352.0 15237.0 6988.0 15237.0 44.29 74.45 44.29
349 13552.0 5074.0 3322.0 5074.0 62.56 75.49 62.56
350 22899.0 10160.0 6949.0 10160.0 55.63 69.65 55.63
351 10368.0 3381.0 2514.0 3381.0 67.39 75.75 67.39
352 45646.0 19824.0 18390.0 19824.0 56.57 59.71 56.57
353 31590.0 4786.0 4287.0 4786.0 84.85 86.43 84.85
354 16796.0 6817.0 3167.0 6817.0 59.41 81.14 59.41
355 21482.0 11151.0 5661.0 11151.0 48.09 73.65 48.09
356 51100.0 8650.0 8104.0 8650.0 83.07 84.14 83.07
357 33720.0 10665.0 9259.0 10665.0 68.37 72.54 68.37
358 37115.0 12510.0 13102.0 12510.0 66.29 64.7 66.29
359 491840.0 144515.0 326414.0 144515.0 70.62 33.63 70.62
360 39156.0 9653.0 10698.0 9653.0 75.35 72.68 75.35
361 110097.0 42352.0 13584.0 42352.0 61.53 87.66 61.53
362 26226.0 8729.0 6163.0 8729.0 66.72 76.5 66.72
363 5890.0 3021.0 993.0 3021.0 48.71 83.14 48.71
364 131463.0 64200.0 83363.0 64200.0 51.16 36.59 51.16
365 37920.0 26685.0 20206.0 26685.0 29.63 46.71 29.63
366 27685.0 10099.0 4014.0 10099.0 63.52 85.5 63.52
367 29700.0 15800.0 14227.0 15800.0 46.8 52.1 46.8
368 69278.0 35835.0 36200.0 35835.0 48.27 47.75 48.27
369 77542.0 8761.0 11331.0 8761.0 88.7 85.39 88.7
370 50700.0 10855.0 15307.0 10855.0 78.59 69.81 78.59
371 121275.0 34259.0 29434.0 34259.0 71.75 75.73 71.75
372 53544.0 23109.0 15683.0 23109.0 56.84 70.71 56.84
373 26258.0 7855.0 3754.0 7855.0 70.09 85.7 70.09
374 28595.0 5927.0 4001.0 5927.0 79.27 86.01 79.27
375 102416.0 31881.0 29538.0 31881.0 68.87 71.16 68.87
376 24771.0 11137.0 6563.0 11137.0 55.04 73.51 55.04
377 34029.0 8197.0 4658.0 8197.0 75.91 86.31 75.91
378 57441.0 18284.0 8303.0 18284.0 68.17 85.55 68.17
379 84840.0 66926.0 54347.0 66926.0 21.12 35.94 21.12
380 120227.0 28210.0 31323.0 28210.0 76.54 73.95 76.54
381 101018.0 51537.0 33960.0 51537.0 48.98 66.38 48.98
382 66666.0 23766.0 23625.0 23766.0 64.35 64.56 64.35
383 29412.0 12128.0 10813.0 12128.0 58.77 63.24 58.77
384 66147.0 39943.0 23936.0 39943.0 39.61 63.81 39.61
385 49610.0 17470.0 13487.0 17470.0 64.79 72.81 64.79
386 118755.0 44640.0 40690.0 44640.0 62.41 65.74 62.41
387 32508.0 19019.0 14569.0 19019.0 41.49 55.18 41.49
388 31598.0 12335.0 10386.0 12335.0 60.96 67.13 60.96
389 45920.0 30635.0 21459.0 30635.0 33.29 53.27 33.29
390 102375.0 12740.0 21702.0 12740.0 87.56 78.8 87.56
391 51792.0 13795.0 16115.0 13795.0 73.36 68.89 73.36
392 32592.0 24007.0 18303.0 24007.0 26.34 43.84 26.34
393 40014.0 11031.0 6088.0 11031.0 72.43 84.79 72.43
394 69940.0 28300.0 26001.0 28300.0 59.54 62.82 59.54
395 22784.0 2380.0 4641.0 2380.0 89.55 79.63 89.55
396 46501.0 15431.0 19532.0 15431.0 66.82 58.0 66.82
397 8944.0 4536.0 2390.0 4536.0 49.28 73.28 49.28
398 16544.0 9125.0 2848.0 9125.0 44.84 82.79 44.84
399 16946.0 7413.0 6184.0 7413.0 56.26 63.51 56.26
400 24381.0 9624.0 6702.0 9624.0 60.53 72.51 60.53
401 4752.0 1230.0 809.0 1230.0 74.12 82.98 74.12
402 86900.0 31595.0 28915.0 31595.0 63.64 66.73 63.64
403 36736.0 10260.0 6934.0 10260.0 72.07 81.12 72.07
404 138348.0 35884.0 30992.0 35884.0 74.06 77.6 74.06
405 87426.0 56859.0 37876.0 56859.0 34.96 56.68 34.96
406 40110.0 11960.0 6600.0 11960.0 70.18 83.55 70.18
407 106370.0 50710.0 79123.0 50710.0 52.33 25.62 52.33
408 70338.0 28576.0 21502.0 28576.0 59.37 69.43 59.37
409 34488.0 18835.0 14693.0 18835.0 45.39 57.4 45.39
410 58604.0 37921.0 31216.0 37921.0 35.29 46.73 35.29
411 47554.0 14955.0 11282.0 14955.0 68.55 76.28 68.55
412 7406.0 2456.0 1280.0 2456.0 66.84 82.72 66.84
413 28336.0 18043.0 10380.0 18043.0 36.32 63.37 36.32
414 39936.0 12741.0 11588.0 12741.0 68.1 70.98 68.1
415 17556.0 7656.0 5691.0 7656.0 56.39 67.58 56.39
416 133037.0 50777.0 55452.0 50777.0 61.83 58.32 61.83
417 19975.0 9330.0 6790.0 9330.0 53.29 66.01 53.29
418 24282.0 5858.0 6162.0 5858.0 75.88 74.62 75.88
419 17945.0 4720.0 3963.0 4720.0 73.7 77.92 73.7
420 83440.0 18255.0 22016.0 18255.0 78.12 73.61 78.12
421 37506.0 22211.0 16327.0 22211.0 40.78 56.47 40.78
422 24662.0 14744.0 8024.0 14744.0 40.22 67.46 40.22
423 114172.0 58907.0 54176.0 58907.0 48.41 52.55 48.41
424 35496.0 17189.0 12788.0 17189.0 51.57 63.97 51.57
425 12129.0 5868.0 2820.0 5868.0 51.62 76.75 51.62
426 46020.0 14455.0 14833.0 14455.0 68.59 67.77 68.59
427 18425.0 4755.0 1937.0 4755.0 74.19 89.49 74.19
428 81991.0 16501.0 18221.0 16501.0 79.87 77.78 79.87
429 63406.0 15479.0 16290.0 15479.0 75.59 74.31 75.59
430 21424.0 8577.0 5693.0 8577.0 59.97 73.43 59.97
431 94154.0 13373.0 16525.0 13373.0 85.8 82.45 85.8
432 59878.0 13257.0 11326.0 13257.0 77.86 81.08 77.86
433 63126.0 43434.0 41346.0 43434.0 31.19 34.5 31.19
434 19032.0 7723.0 6961.0 7723.0 59.42 63.42 59.42
435 9480.0 6059.0 3020.0 6059.0 36.09 68.14 36.09
436 31200.0 8301.0 7742.0 8301.0 73.39 75.19 73.39
437 30186.0 14010.0 13119.0 14010.0 53.59 56.54 53.59
438 65912.0 26229.0 22079.0 26229.0 60.21 66.5 60.21
439 27156.0 5010.0 4448.0 5010.0 81.55 83.62 81.55
440 35100.0 23000.0 16970.0 23000.0 34.47 51.65 34.47
441 40238.0 14488.0 9792.0 14488.0 63.99 75.66 63.99
442 108927.0 59382.0 55856.0 59382.0 45.48 48.72 45.48
443 7300.0 1825.0 828.0 1825.0 75.0 88.66 75.0
444 11594.0 4364.0 2274.0 4364.0 62.36 80.39 62.36
445 22413.0 12156.0 5350.0 12156.0 45.76 76.13 45.76
446 22920.0 5770.0 4192.0 5770.0 74.83 81.71 74.83
447 273294.0 74565.0 56795.0 74565.0 72.72 79.22 72.72
448 30266.0 18492.0 10326.0 18492.0 38.9 65.88 38.9
449 38100.0 8115.0 7251.0 8115.0 78.7 80.97 78.7
450 67680.0 6752.0 4999.0 6752.0 90.02 92.61 90.02
451 25150.0 8050.0 5523.0 8050.0 67.99 78.04 67.99
452 133322.0 49484.0 38990.0 49484.0 62.88 70.76 62.88
453 61429.0 17436.0 10753.0 17436.0 71.62 82.5 71.62
454 115200.0 85190.0 31061.0 85190.0 26.05 73.04 26.05
455 28348.0 8719.0 10358.0 8719.0 69.24 63.46 69.24
456 36905.0 15983.0 14349.0 15983.0 56.69 61.12 56.69
457 260406.0 60841.0 68810.0 60841.0 76.64 73.58 76.64
458 26268.0 9845.0 8021.0 9845.0 62.52 69.46 62.52
459 36038.0 13331.0 12249.0 13331.0 63.01 66.01 63.01
460 227176.0 111639.0 107070.0 111639.0 50.86 52.87 50.86
461 111879.0 36377.0 35124.0 36377.0 67.49 68.61 67.49
462 28987.0 18402.0 8301.0 18402.0 36.52 71.36 36.52
463 116691.0 32900.0 42123.0 32900.0 71.81 63.9 71.81
464 26904.0 9186.0 6622.0 9186.0 65.86 75.39 65.86
465 21480.0 7470.0 6088.0 7470.0 65.22 71.66 65.22
466 61683.0 21381.0 10365.0 21381.0 65.34 83.2 65.34
467 16146.0 2234.0 3104.0 2234.0 86.16 80.78 86.16
468 25452.0 7176.0 7752.0 7176.0 71.81 69.54 71.81
469 28920.0 14710.0 10083.0 14710.0 49.14 65.13 49.14
470 37290.0 14173.0 11266.0 14173.0 61.99 69.79 61.99
471 33696.0 19129.0 8830.0 19129.0 43.23 73.8 43.23
472 25500.0 5792.0 3662.0 5792.0 77.29 85.64 77.29
473 79008.0 24570.0 19649.0 24570.0 68.9 75.13 68.9
474 38808.0 15725.0 14331.0 15725.0 59.48 63.07 59.48
475 18333.0 2794.0 2932.0 2794.0 84.76 84.01 84.76
476 136882.0 77043.0 52891.0 77043.0 43.72 61.36 43.72
477 66640.0 15312.0 18505.0 15312.0 77.02 72.23 77.02
478 15792.0 3767.0 2237.0 3767.0 76.15 85.83 76.15
479 200660.0 106255.0 52282.0 106255.0 47.05 73.94 47.05
480 25025.0 9300.0 6731.0 9300.0 62.84 73.1 62.84
481 58056.0 19834.0 17231.0 19834.0 65.84 70.32 65.84
482 13398.0 5156.0 3242.0 5156.0 61.52 75.8 61.52
483 22806.0 14110.0 13981.0 14110.0 38.13 38.7 38.13
484 35140.0 3180.0 5636.0 3180.0 90.95 83.96 90.95
485 31850.0 10540.0 4302.0 10540.0 66.91 86.49 66.91
486 69300.0 32770.0 30603.0 32770.0 52.71 55.84 52.71
487 11750.0 3685.0 1953.0 3685.0 68.64 83.38 68.64
488 94243.0 31601.0 24528.0 31601.0 66.47 73.97 66.47
489 8544.0 3233.0 1898.0 3233.0 62.16 77.79 62.16
490 76630.0 27215.0 29382.0 27215.0 64.49 61.66 64.49
491 111540.0 26510.0 32759.0 26510.0 76.23 70.63 76.23
492 38200.0 17395.0 11605.0 17395.0 54.46 69.62 54.46
493 20896.0 7222.0 4731.0 7222.0 65.44 77.36 65.44
494 89279.0 23771.0 25218.0 23771.0 73.37 71.75 73.37
495 50209.0 17181.0 15101.0 17181.0 65.78 69.92 65.78
496 129237.0 57460.0 25120.0 57460.0 55.54 80.56 55.54
497 31521.0 10114.0 6050.0 10114.0 67.91 80.81 67.91
498 16310.0 7580.0 3685.0 7580.0 53.53 77.41 53.53
499 32373.0 8538.0 7858.0 8538.0 73.63 75.73 73.63
500 43050.0 10730.0 10580.0 10730.0 75.08 75.42 75.08
501 62370.0 35935.0 19309.0 35935.0 42.38 69.04 42.38
502 42300.0 22615.0 11048.0 22615.0 46.54 73.88 46.54
503 86350.0 41485.0 27554.0 41485.0 51.96 68.09 51.96
504 26606.0 7654.0 4724.0 7654.0 71.23 82.24 71.23
505 35319.0 11100.0 8719.0 11100.0 68.57 75.31 68.57
506 59600.0 18630.0 24030.0 18630.0 68.74 59.68 68.74
507 29232.0 12685.0 5409.0 12685.0 56.61 81.5 56.61
508 7228.0 3497.0 2287.0 3497.0 51.62 68.36 51.62
509 28280.0 20413.0 13377.0 20413.0 27.82 52.7 27.82
510 48870.0 13810.0 21690.0 13810.0 71.74 55.62 71.74
511 11781.0 4908.0 2591.0 4908.0 58.34 78.01 58.34
512 67368.0 15434.0 19252.0 15434.0 77.09 71.42 77.09
513 124560.0 36692.0 30309.0 36692.0 70.54 75.67 70.54
514 21250.0 4140.0 2551.0 4140.0 80.52 88.0 80.52
515 25536.0 9340.0 5691.0 9340.0 63.42 77.71 63.42
516 52212.0 30635.0 7206.0 30635.0 41.33 86.2 41.33
517 18718.0 4085.0 3425.0 4085.0 78.18 81.7 78.18
518 26722.0 8328.0 9984.0 8328.0 68.83 62.64 68.83
519 102439.0 26838.0 27392.0 26838.0 73.8 73.26 73.8
520 242258.0 78372.0 143872.0 78372.0 67.65 40.61 67.65
521 292380.0 94905.0 88557.0 94905.0 67.54 69.71 67.54
522 17898.0 9598.0 1900.0 9598.0 46.37 89.38 46.37
523 89145.0 36860.0 52468.0 36860.0 58.65 41.14 58.65
524 19008.0 7908.0 6381.0 7908.0 58.4 66.43 58.4
525 16317.0 11742.0 8168.0 11742.0 28.04 49.94 28.04
526 63830.0 15670.0 16727.0 15670.0 75.45 73.79 75.45
527 135360.0 46142.0 63398.0 46142.0 65.91 53.16 65.91
528 25857.0 9874.0 8599.0 9874.0 61.81 66.74 61.81
529 130620.0 47150.0 26896.0 47150.0 63.9 79.41 63.9
530 79254.0 14279.0 18264.0 14279.0 81.98 76.96 81.98
531 263175.0 87410.0 104137.0 87410.0 66.79 60.43 66.79
532 77575.0 15140.0 19584.0 15140.0 80.48 74.75 80.48
533 30217.0 18064.0 10291.0 18064.0 40.22 65.94 40.22
534 57187.0 21843.0 16019.0 21843.0 61.8 71.99 61.8
535 13515.0 4882.0 4258.0 4882.0 63.88 68.49 63.88
536 30408.0 9063.0 9408.0 9063.0 70.2 69.06 70.2
537 7718.0 2750.0 629.0 2750.0 64.37 91.85 64.37
538 17917.0 10621.0 3402.0 10621.0 40.72 81.01 40.72
539 80956.0 33867.0 23876.0 33867.0 58.17 70.51 58.17
540 21160.0 7030.0 6338.0 7030.0 66.78 70.05 66.78
541 56252.0 9605.0 6846.0 9605.0 82.93 87.83 82.93
542 38493.0 14207.0 9055.0 14207.0 63.09 76.48 63.09
543 33867.0 14474.0 10801.0 14474.0 57.26 68.11 57.26
544 79794.0 32101.0 39293.0 32101.0 59.77 50.76 59.77
545 38577.0 24682.0 17124.0 24682.0 36.02 55.61 36.02
546 20904.0 6929.0 5075.0 6929.0 66.85 75.72 66.85
547 28860.0 9473.0 8981.0 9473.0 67.18 68.88 67.18
548 43834.0 20244.0 14774.0 20244.0 53.82 66.3 53.82
549 33088.0 13094.0 7839.0 13094.0 60.43 76.31 60.43
550 6956.0 3193.0 1481.0 3193.0 54.1 78.71 54.1
551 6775.0 2455.0 1306.0 2455.0 63.76 80.72 63.76
552 116230.0 87817.0 60634.0 87817.0 24.45 47.83 24.45
553 59176.0 8615.0 9708.0 8615.0 85.44 83.59 85.44
554 153786.0 31235.0 34655.0 31235.0 79.69 77.47 79.69
555 14883.0 4879.0 2309.0 4879.0 67.22 84.49 67.22
556 13904.0 1973.0 1739.0 1973.0 85.81 87.49 85.81
557 88164.0 35163.0 32290.0 35163.0 60.12 63.38 60.12
558 70441.0 8473.0 8781.0 8473.0 87.97 87.53 87.97
559 18231.0 5474.0 5072.0 5474.0 69.97 72.18 69.97
560 111552.0 62044.0 75601.0 62044.0 44.38 32.23 44.38
561 22932.0 16643.0 13757.0 16643.0 27.42 40.01 27.42
562 216450.0 67605.0 62856.0 67605.0 68.77 70.96 68.77
563 25974.0 10434.0 5192.0 10434.0 59.83 80.01 59.83
564 34017.0 13036.0 10048.0 13036.0 61.68 70.46 61.68
565 76640.0 12965.0 16771.0 12965.0 83.08 78.12 83.08
566 19635.0 5910.0 5104.0 5910.0 69.9 74.01 69.9
567 36330.0 16380.0 9968.0 16380.0 54.91 72.56 54.91
568 41128.0 14946.0 17730.0 14946.0 63.66 56.89 63.66
569 99696.0 15906.0 29226.0 15906.0 84.05 70.68 84.05
570 13356.0 8126.0 4333.0 8126.0 39.16 67.56 39.16
571 16744.0 5279.0 2364.0 5279.0 68.47 85.88 68.47
572 241695.0 53637.0 91495.0 53637.0 77.81 62.14 77.81
573 219880.0 49745.0 90487.0 49745.0 77.38 58.85 77.38
574 47234.0 17081.0 11501.0 17081.0 63.84 75.65 63.84
575 35145.0 13015.0 10741.0 13015.0 62.97 69.44 62.97
576 39587.0 16423.0 8815.0 16423.0 58.51 77.73 58.51
577 27714.0 6464.0 5449.0 6464.0 76.68 80.34 76.68
578 29645.0 14955.0 11483.0 14955.0 49.55 61.26 49.55
579 102273.0 16990.0 59760.0 16990.0 83.39 41.57 83.39
580 6478.0 3520.0 534.0 3520.0 45.66 91.76 45.66
581 114750.0 51228.0 47336.0 51228.0 55.36 58.75 55.36
582 28987.0 19607.0 8456.0 19607.0 32.36 70.83 32.36
583 20010.0 6186.0 3839.0 6186.0 69.09 80.81 69.09
584 48496.0 13864.0 11797.0 13864.0 71.41 75.67 71.41
585 254538.0 77148.0 102070.0 77148.0 69.69 59.9 69.69
586 27936.0 6547.0 6077.0 6547.0 76.56 78.25 76.56
587 42780.0 21320.0 18236.0 21320.0 50.16 57.37 50.16
588 123008.0 19145.0 19682.0 19145.0 84.44 84.0 84.44
589 106056.0 62022.0 54050.0 62022.0 41.52 49.04 41.52
590 26964.0 13272.0 9910.0 13272.0 50.78 63.25 50.78
591 54883.0 23266.0 22738.0 23266.0 57.61 58.57 57.61
592 32524.0 17015.0 10442.0 17015.0 47.68 67.89 47.68
593 35028.0 13513.0 11915.0 13513.0 61.42 65.98 61.42
594 34357.0 7736.0 6470.0 7736.0 77.48 81.17 77.48
595 12720.0 6255.0 4610.0 6255.0 50.83 63.76 50.83
596 103873.0 36628.0 40881.0 36628.0 64.74 60.64 64.74
597 20958.0 9178.0 6494.0 9178.0 56.21 69.01 56.21
598 51448.0 6918.0 3922.0 6918.0 86.55 92.38 86.55
599 73240.0 43150.0 41284.0 43150.0 41.08 43.63 41.08
600 20418.0 13401.0 9597.0 13401.0 34.37 53.0 34.37
601 38636.0 30161.0 29050.0 30161.0 21.94 24.81 21.94
602 38556.0 16749.0 12709.0 16749.0 56.56 67.04 56.56
603 24192.0 8201.0 3646.0 8201.0 66.1 84.93 66.1
604 49776.0 30268.0 29074.0 30268.0 39.19 41.59 39.19
605 175821.0 112184.0 86564.0 112184.0 36.19 50.77 36.19
606 40467.0 11843.0 5865.0 11843.0 70.73 85.51 70.73
607 13635.0 5565.0 3632.0 5565.0 59.19 73.36 59.19
608 27730.0 8301.0 3672.0 8301.0 70.06 86.76 70.06
609 106992.0 60822.0 22563.0 60822.0 43.15 78.91 43.15
610 88510.0 25259.0 34065.0 25259.0 71.46 61.51 71.46
611 31929.0 13777.0 14598.0 13777.0 56.85 54.28 56.85
612 19869.0 7668.0 5050.0 7668.0 61.41 74.58 61.41
613 172278.0 47171.0 48047.0 47171.0 72.62 72.11 72.62
614 49248.0 16656.0 22714.0 16656.0 66.18 53.88 66.18
615 38688.0 28347.0 22765.0 28347.0 26.73 41.16 26.73
616 116554.0 30684.0 43364.0 30684.0 73.67 62.79 73.67
617 77616.0 19876.0 20430.0 19876.0 74.39 73.68 74.39
618 41245.0 6532.0 7814.0 6532.0 84.16 81.05 84.16
619 38781.0 6771.0 4611.0 6771.0 82.54 88.11 82.54
620 59059.0 18878.0 17092.0 18878.0 68.04 71.06 68.04
621 41752.0 15052.0 16248.0 15052.0 63.95 61.08 63.95
622 77462.0 21244.0 21283.0 21244.0 72.57 72.52 72.57
623 24700.0 5498.0 3626.0 5498.0 77.74 85.32 77.74
624 95400.0 39820.0 16399.0 39820.0 58.26 82.81 58.26
625 15423.0 3836.0 2456.0 3836.0 75.13 84.08 75.13
626 33568.0 20675.0 13489.0 20675.0 38.41 59.82 38.41
627 10850.0 3435.0 1760.0 3435.0 68.34 83.78 68.34
628 43438.0 18021.0 6433.0 18021.0 58.51 85.19 58.51
629 72443.0 17246.0 15219.0 17246.0 76.19 78.99 76.19
630 71175.0 32194.0 29539.0 32194.0 54.77 58.5 54.77
631 39811.0 22453.0 17641.0 22453.0 43.6 55.69 43.6
632 57344.0 26489.0 10438.0 26489.0 53.81 81.8 53.81
633 30192.0 13052.0 4420.0 13052.0 56.77 85.36 56.77
634 9168.0 3337.0 2296.0 3337.0 63.6 74.96 63.6
635 8272.0 2530.0 1479.0 2530.0 69.41 82.12 69.41
636 58092.0 7195.0 8343.0 7195.0 87.61 85.64 87.61
637 136670.0 52125.0 53956.0 52125.0 61.86 60.52 61.86
638 155160.0 67715.0 44832.0 67715.0 56.36 71.11 56.36
639 49490.0 22154.0 20823.0 22154.0 55.24 57.92 55.24
640 19740.0 5410.0 3117.0 5410.0 72.59 84.21 72.59
641 18955.0 13090.0 2671.0 13090.0 30.94 85.91 30.94
642 82680.0 29045.0 33703.0 29045.0 64.87 59.24 64.87
643 118668.0 36652.0 32810.0 36652.0 69.11 72.35 69.11
644 78435.0 24720.0 18556.0 24720.0 68.48 76.34 68.48
645 17290.0 5845.0 3023.0 5845.0 66.19 82.52 66.19
646 29750.0 17795.0 11390.0 17795.0 40.18 61.71 40.18
647 55278.0 10900.0 14386.0 10900.0 80.28 73.98 80.28
648 82810.0 16660.0 16683.0 16660.0 79.88 79.85 79.88
649 115800.0 42095.0 63216.0 42095.0 63.65 45.41 63.65
650 8277.0 3581.0 2049.0 3581.0 56.74 75.24 56.74
651 29808.0 8451.0 6337.0 8451.0 71.65 78.74 71.65
652 137460.0 54948.0 51891.0 54948.0 60.03 62.25 60.03
653 29997.0 14988.0 11382.0 14988.0 50.04 62.06 50.04
654 60282.0 18379.0 19550.0 18379.0 69.51 67.57 69.51
655 17936.0 4725.0 4722.0 4725.0 73.66 73.67 73.66
656 75153.0 52588.0 44879.0 52588.0 30.03 40.28 30.03
657 28490.0 8484.0 7252.0 8484.0 70.22 74.55 70.22
658 72416.0 31904.0 36811.0 31904.0 55.94 49.17 55.94
659 13440.0 2570.0 2146.0 2570.0 80.88 84.03 80.88
660 32825.0 10725.0 8061.0 10725.0 67.33 75.44 67.33
661 50568.0 7172.0 10877.0 7172.0 85.82 78.49 85.82
662 29876.0 12447.0 10723.0 12447.0 58.34 64.11 58.34
663 29526.0 6669.0 4838.0 6669.0 77.41 83.61 77.41
664 15936.0 4579.0 2503.0 4579.0 71.27 84.29 71.27
665 51350.0 18839.0 14796.0 18839.0 63.31 71.19 63.31
666 30096.0 16190.0 4262.0 16190.0 46.21 85.84 46.21
667 61048.0 23116.0 21071.0 23116.0 62.13 65.48 62.13
668 78472.0 20879.0 20474.0 20879.0 73.39 73.91 73.39
669 68034.0 36090.0 21339.0 36090.0 46.95 68.63 46.95
670 38332.0 18763.0 10461.0 18763.0 51.05 72.71 51.05
671 24500.0 8225.0 3169.0 8225.0 66.43 87.07 66.43
672 32825.0 8923.0 9197.0 8923.0 72.82 71.98 72.82
673 96425.0 30220.0 38819.0 30220.0 68.66 59.74 68.66
674 18920.0 8530.0 4307.0 8530.0 54.92 77.24 54.92
675 252784.0 88801.0 130448.0 88801.0 64.87 48.4 64.87
676 67064.0 25174.0 23310.0 25174.0 62.46 65.24 62.46
677 45180.0 11020.0 10640.0 11020.0 75.61 76.45 75.61
678 61124.0 28195.0 19474.0 28195.0 53.87 68.14 53.87
679 120152.0 17313.0 16781.0 17313.0 85.59 86.03 85.59
680 59852.0 29000.0 21496.0 29000.0 51.55 64.08 51.55
681 27244.0 7883.0 5994.0 7883.0 71.07 78.0 71.07
682 26078.0 14113.0 7260.0 14113.0 45.88 72.16 45.88
683 1020.0 206.0 64.0 206.0 79.8 93.73 79.8
684 79272.0 37041.0 35458.0 37041.0 53.27 55.27 53.27
685 136640.0 24630.0 47535.0 24630.0 81.97 65.21 81.97
686 11664.0 6808.0 4236.0 6808.0 41.63 63.68 41.63
687 8272.0 2552.0 1068.0 2552.0 69.15 87.09 69.15
688 11520.0 3295.0 2237.0 3295.0 71.4 80.58 71.4
689 49058.0 23844.0 17835.0 23844.0 51.4 63.65 51.4
690 97034.0 65369.0 58179.0 65369.0 32.63 40.04 32.63
691 208520.0 81700.0 66629.0 81700.0 60.82 68.05 60.82
692 21665.0 9380.0 4910.0 9380.0 56.7 77.34 56.7
693 222312.0 84154.0 98644.0 84154.0 62.15 55.63 62.15
694 65040.0 17885.0 34224.0 17885.0 72.5 47.38 72.5
695 16268.0 6468.0 2028.0 6468.0 60.24 87.53 60.24
696 27984.0 14886.0 4260.0 14886.0 46.81 84.78 46.81
697 84540.0 39780.0 29131.0 39780.0 52.95 65.54 52.95
698 351664.0 115093.0 188984.0 115093.0 67.27 46.26 67.27
699 29250.0 13215.0 11973.0 13215.0 54.82 59.07 54.82
700 32509.0 12900.0 12188.0 12900.0 60.32 62.51 60.32
701 145680.0 23670.0 25878.0 23670.0 83.75 82.24 83.75
702 179324.0 56618.0 44168.0 56618.0 68.43 75.37 68.43
703 23808.0 9609.0 5111.0 9609.0 59.64 78.53 59.64
704 17152.0 7891.0 5574.0 7891.0 53.99 67.5 53.99
705 40002.0 22365.0 15849.0 22365.0 44.09 60.38 44.09
706 30300.0 8735.0 6381.0 8735.0 71.17 78.94 71.17
707 24080.0 8360.0 5934.0 8360.0 65.28 75.36 65.28
708 101336.0 23519.0 24415.0 23519.0 76.79 75.91 76.79
709 96407.0 18249.0 25526.0 18249.0 81.07 73.52 81.07
710 101010.0 26742.0 34677.0 26742.0 73.53 65.67 73.53
711 127305.0 42352.0 34419.0 42352.0 66.73 72.96 66.73
712 40560.0 6395.0 11109.0 6395.0 84.23 72.61 84.23
713 4788.0 1460.0 640.0 1460.0 69.51 86.63 69.51
714 52080.0 25820.0 23571.0 25820.0 50.42 54.74 50.42
715 23520.0 8155.0 5437.0 8155.0 65.33 76.88 65.33
716 60421.0 23481.0 17924.0 23481.0 61.14 70.33 61.14
717 63196.0 23827.0 21808.0 23827.0 62.3 65.49 62.3
718 69005.0 47847.0 33171.0 47847.0 30.66 51.93 30.66
719 28810.0 14156.0 3908.0 14156.0 50.86 86.44 50.86
720 26520.0 10808.0 8260.0 10808.0 59.25 68.85 59.25
721 19227.0 7884.0 5799.0 7884.0 59.0 69.84 59.0
722 81770.0 32601.0 33021.0 32601.0 60.13 59.62 60.13
723 44460.0 14780.0 11944.0 14780.0 66.76 73.14 66.76
724 188168.0 72171.0 105400.0 72171.0 61.65 43.99 61.65
725 56727.0 33232.0 35841.0 33232.0 41.42 36.82 41.42
726 34959.0 10427.0 7016.0 10427.0 70.17 79.93 70.17
727 52215.0 18719.0 14379.0 18719.0 64.15 72.46 64.15
728 55545.0 16230.0 7703.0 16230.0 70.78 86.13 70.78
729 79690.0 41680.0 48269.0 41680.0 47.7 39.43 47.7
730 15372.0 5485.0 4959.0 5485.0 64.32 67.74 64.32
731 16016.0 10105.0 4113.0 10105.0 36.91 74.32 36.91
732 53690.0 40973.0 14224.0 40973.0 23.69 73.51 23.69
733 78705.0 58691.0 57421.0 58691.0 25.43 27.04 25.43
734 43070.0 24057.0 14095.0 24057.0 44.14 67.27 44.14
735 38640.0 23048.0 19534.0 23048.0 40.35 49.45 40.35
736 108402.0 26572.0 25646.0 26572.0 75.49 76.34 75.49
737 233445.0 111890.0 167891.0 111890.0 52.07 28.08 52.07
738 52360.0 21025.0 10786.0 21025.0 59.85 79.4 59.85
739 81840.0 33955.0 29046.0 33955.0 58.51 64.51 58.51
740 32232.0 6775.0 5269.0 6775.0 78.98 83.65 78.98
741 177749.0 70997.0 37617.0 70997.0 60.06 78.84 60.06
742 29054.0 5782.0 7790.0 5782.0 80.1 73.19 80.1
743 156312.0 68833.0 65629.0 68833.0 55.96 58.01 55.96
744 74970.0 14695.0 18553.0 14695.0 80.4 75.25 80.4
745 32612.0 17757.0 13029.0 17757.0 45.55 60.05 45.55
746 79743.0 22195.0 19184.0 22195.0 72.17 75.94 72.17
747 145260.0 49905.0 45450.0 49905.0 65.64 68.71 65.64
748 53580.0 35518.0 28142.0 35518.0 33.71 47.48 33.71
749 20100.0 5540.0 5755.0 5540.0 72.44 71.37 72.44
750 44484.0 26001.0 20978.0 26001.0 41.55 52.84 41.55
751 21941.0 10501.0 5925.0 10501.0 52.14 73.0 52.14
752 24588.0 20484.0 9754.0 20484.0 16.69 60.33 16.69
753 70594.0 28798.0 20347.0 28798.0 59.21 71.18 59.21
754 29070.0 9218.0 4743.0 9218.0 68.29 83.68 68.29
755 81648.0 23149.0 21671.0 23149.0 71.65 73.46 71.65
756 47920.0 26605.0 22033.0 26605.0 44.48 54.02 44.48
757 280661.0 59487.0 100326.0 59487.0 78.8 64.25 78.8
758 40240.0 17495.0 15706.0 17495.0 56.52 60.97 56.52
759 37312.0 25060.0 19613.0 25060.0 32.84 47.44 32.84
760 55917.0 18448.0 10416.0 18448.0 67.01 81.37 67.01
761 225040.0 183070.0 193342.0 183070.0 18.65 14.09 18.65
762 69240.0 31870.0 36174.0 31870.0 53.97 47.76 53.97
763 178596.0 30155.0 50054.0 30155.0 83.12 71.97 83.12
764 10322.0 6494.0 3449.0 6494.0 37.09 66.59 37.09
765 82536.0 13006.0 13449.0 13006.0 84.24 83.71 84.24
766 29084.0 8524.0 7271.0 8524.0 70.69 75.0 70.69
767 94458.0 17333.0 16531.0 17333.0 81.65 82.5 81.65
768 24804.0 4919.0 4235.0 4919.0 80.17 82.93 80.17
769 36540.0 6995.0 4384.0 6995.0 80.86 88.0 80.86
770 42050.0 15695.0 14199.0 15695.0 62.68 66.23 62.68
771 17150.0 8978.0 3256.0 8978.0 47.65 81.01 47.65
772 34927.0 11301.0 4815.0 11301.0 67.64 86.21 67.64
773 24750.0 2460.0 3254.0 2460.0 90.06 86.85 90.06
774 137144.0 44280.0 30019.0 44280.0 67.71 78.11 67.71
775 22218.0 10089.0 6222.0 10089.0 54.59 72.0 54.59
776 29796.0 8253.0 6504.0 8253.0 72.3 78.17 72.3
777 4060.0 580.0 504.0 580.0 85.71 87.59 85.71
778 82944.0 38699.0 45778.0 38699.0 53.34 44.81 53.34
779 145792.0 30598.0 34798.0 30598.0 79.01 76.13 79.01
780 86940.0 51219.0 35592.0 51219.0 41.09 59.06 41.09
781 42700.0 23430.0 18138.0 23430.0 45.13 57.52 45.13
782 61692.0 11234.0 17035.0 11234.0 81.79 72.39 81.79
783 107402.0 38010.0 18108.0 38010.0 64.61 83.14 64.61
784 58089.0 9777.0 20496.0 9777.0 83.17 64.72 83.17
785 60480.0 26150.0 25526.0 26150.0 56.76 57.79 56.76
786 222385.0 63573.0 56464.0 63573.0 71.41 74.61 71.41
787 8085.0 2282.0 1080.0 2282.0 71.77 86.64 71.77
788 58881.0 20094.0 18544.0 20094.0 65.87 68.51 65.87
789 147768.0 39407.0 56056.0 39407.0 73.33 62.06 73.33
790 18688.0 6718.0 4925.0 6718.0 64.05 73.65 64.05
791 214896.0 92395.0 137789.0 92395.0 57.0 35.88 57.0
792 268992.0 72698.0 130247.0 72698.0 72.97 51.58 72.97
793 20884.0 10674.0 6940.0 10674.0 48.89 66.77 48.89
794 46569.0 22371.0 16591.0 22371.0 51.96 64.37 51.96
795 57021.0 20163.0 25633.0 20163.0 64.64 55.05 64.64
796 13054.0 5413.0 2927.0 5413.0 58.53 77.58 58.53
797 53784.0 14875.0 12147.0 14875.0 72.34 77.42 72.34
798 99006.0 15503.0 26860.0 15503.0 84.34 72.87 84.34
799 48150.0 22490.0 18158.0 22490.0 53.29 62.29 53.29
800 193125.0 65085.0 61968.0 65085.0 66.3 67.91 66.3
801 23864.0 8941.0 6608.0 8941.0 62.53 72.31 62.53
802 37765.0 7739.0 7118.0 7739.0 79.51 81.15 79.51
803 84168.0 26607.0 27127.0 26607.0 68.39 67.77 68.39
804 57058.0 6839.0 6285.0 6839.0 88.01 88.98 88.01
805 87300.0 46590.0 32964.0 46590.0 46.63 62.24 46.63
806 52744.0 25805.0 16861.0 25805.0 51.08 68.03 51.08
807 20905.0 12531.0 9563.0 12531.0 40.06 54.25 40.06
808 84692.0 22458.0 19649.0 22458.0 73.48 76.8 73.48
809 26818.0 4460.0 3825.0 4460.0 83.37 85.74 83.37
810 36708.0 11361.0 13291.0 11361.0 69.05 63.79 69.05
811 22896.0 15273.0 10296.0 15273.0 33.29 55.03 33.29
812 372736.0 160826.0 149774.0 160826.0 56.85 59.82 56.85
813 102080.0 35805.0 49460.0 35805.0 64.92 51.55 64.92
814 319520.0 75745.0 84351.0 75745.0 76.29 73.6 76.29
815 55784.0 16570.0 17453.0 16570.0 70.3 68.71 70.3
816 268005.0 81035.0 129641.0 81035.0 69.76 51.63 69.76
817 12032.0 6249.0 5025.0 6249.0 48.06 58.24 48.06
818 969.0 270.0 163.0 270.0 72.14 83.18 72.14
819 540394.0 180834.0 390317.0 180834.0 66.54 27.77 66.54
820 27232.0 9366.0 9925.0 9366.0 65.61 63.55 65.61
821 6776.0 1528.0 909.0 1528.0 77.45 86.59 77.45
822 159244.0 67217.0 33441.0 67217.0 57.79 79.0 57.79
823 117390.0 42490.0 40010.0 42490.0 63.8 65.92 63.8
824 9690.0 3251.0 1414.0 3251.0 66.45 85.41 66.45
825 57600.0 14727.0 12829.0 14727.0 74.43 77.73 74.43
826 428260.0 90461.0 208565.0 90461.0 78.88 51.3 78.88
827 27405.0 13448.0 8436.0 13448.0 50.93 69.22 50.93
828 45999.0 19670.0 18612.0 19670.0 57.24 59.54 57.24
829 30143.0 7335.0 3974.0 7335.0 75.67 86.82 75.67
830 132192.0 67018.0 69646.0 67018.0 49.3 47.31 49.3
831 337125.0 224497.0 258030.0 224497.0 33.41 23.46 33.41
832 9828.0 4784.0 3003.0 4784.0 51.32 69.44 51.32
833 211480.0 104360.0 162379.0 104360.0 50.65 23.22 50.65
834 62573.0 19748.0 15942.0 19748.0 68.44 74.52 68.44
835 229320.0 54950.0 52849.0 54950.0 76.04 76.95 76.04
836 123310.0 39786.0 35858.0 39786.0 67.73 70.92 67.73
837 49191.0 27667.0 11990.0 27667.0 43.76 75.63 43.76
838 60588.0 17495.0 17408.0 17495.0 71.12 71.27 71.12
839 67024.0 18385.0 15150.0 18385.0 72.57 77.4 72.57
840 331968.0 56019.0 82413.0 56019.0 83.13 75.17 83.13
841 541343.0 178592.0 387364.0 178592.0 67.01 28.44 67.01
842 30618.0 13974.0 7877.0 13974.0 54.36 74.27 54.36
843 93310.0 21709.0 14723.0 21709.0 76.73 84.22 76.73
844 63778.0 8152.0 15536.0 8152.0 87.22 75.64 87.22
845 38872.0 7860.0 8080.0 7860.0 79.78 79.21 79.78
846 22981.0 8086.0 9413.0 8086.0 64.81 59.04 64.81
847 38076.0 13390.0 8605.0 13390.0 64.83 77.4 64.83
848 72424.0 27109.0 25806.0 27109.0 62.57 64.37 62.57
849 62748.0 14603.0 15889.0 14603.0 76.73 74.68 76.73
850 54145.0 19671.0 18767.0 19671.0 63.67 65.34 63.67
851 79825.0 23934.0 26336.0 23934.0 70.02 67.01 70.02
852 87520.0 26880.0 31099.0 26880.0 69.29 64.47 69.29
853 79094.0 27030.0 31349.0 27030.0 65.83 60.36 65.83
854 88658.0 33636.0 29939.0 33636.0 62.06 66.23 62.06
855 5865.0 2968.0 1346.0 2968.0 49.39 77.05 49.39
856 357512.0 36894.0 66261.0 36894.0 89.68 81.47 89.68
857 43326.0 10685.0 10302.0 10685.0 75.34 76.22 75.34
858 85342.0 25865.0 30707.0 25865.0 69.69 64.02 69.69
859 47608.0 26423.0 19843.0 26423.0 44.5 58.32 44.5
860 36244.0 18187.0 14781.0 18187.0 49.82 59.22 49.82
861 11832.0 3309.0 1327.0 3309.0 72.03 88.78 72.03
862 4896.0 1053.0 1010.0 1053.0 78.49 79.37 78.49
863 42427.0 14197.0 14610.0 14197.0 66.54 65.56 66.54
864 114720.0 42775.0 34556.0 42775.0 62.71 69.88 62.71
865 12544.0 2586.0 1875.0 2586.0 79.38 85.05 79.38
866 92196.0 27704.0 41867.0 27704.0 69.95 54.59 69.95
867 21054.0 5435.0 4318.0 5435.0 74.19 79.49 74.19
868 142603.0 110676.0 58758.0 110676.0 22.39 58.8 22.39
869 75600.0 18870.0 13906.0 18870.0 75.04 81.61 75.04
870 30674.0 7958.0 7513.0 7958.0 74.06 75.51 74.06
871 10168.0 6808.0 4609.0 6808.0 33.04 54.67 33.04
872 26496.0 10108.0 7473.0 10108.0 61.85 71.8 61.85
873 245625.0 128580.0 145326.0 128580.0 47.65 40.83 47.65
874 37107.0 16374.0 14967.0 16374.0 55.87 59.67 55.87
875 92750.0 16065.0 14889.0 16065.0 82.68 83.95 82.68
876 29799.0 20805.0 14139.0 20805.0 30.18 52.55 30.18
877 103638.0 94236.0 93883.0 94236.0 9.07 9.41 9.07
878 76728.0 33605.0 38323.0 33605.0 56.2 50.05 56.2
879 97661.0 37842.0 27601.0 37842.0 61.25 71.74 61.25
880 26826.0 17308.0 7258.0 17308.0 35.48 72.94 35.48
881 144330.0 85585.0 91671.0 85585.0 40.7 36.49 40.7
882 39770.0 22438.0 9366.0 22438.0 43.58 76.45 43.58
883 20822.0 8044.0 4729.0 8044.0 61.37 77.29 61.37
884 113223.0 16600.0 26049.0 16600.0 85.34 76.99 85.34
885 63630.0 25320.0 18988.0 25320.0 60.21 70.16 60.21
886 16343.0 5607.0 5259.0 5607.0 65.69 67.82 65.69
887 48280.0 23644.0 15848.0 23644.0 51.03 67.17 51.03
888 158920.0 51375.0 81564.0 51375.0 67.67 48.68 67.67
889 21505.0 3160.0 2203.0 3160.0 85.31 89.76 85.31
890 158074.0 44437.0 44507.0 44437.0 71.89 71.84 71.89
891 37392.0 7905.0 7641.0 7905.0 78.86 79.57 78.86
892 126876.0 43367.0 65646.0 43367.0 65.82 48.26 65.82
893 40683.0 13390.0 5619.0 13390.0 67.09 86.19 67.09
894 10506.0 5307.0 2275.0 5307.0 49.49 78.35 49.49
895 141336.0 47405.0 48983.0 47405.0 66.46 65.34 66.46
896 96733.0 20970.0 24686.0 20970.0 78.32 74.48 78.32
897 11196.0 3725.0 1546.0 3725.0 66.73 86.19 66.73
898 9796.0 3301.0 1950.0 3301.0 66.3 80.09 66.3
899 245670.0 40580.0 99078.0 40580.0 83.48 59.67 83.48
900 51940.0 13675.0 10864.0 13675.0 73.67 79.08 73.67
901 62913.0 19255.0 17552.0 19255.0 69.39 72.1 69.39
902 35550.0 29305.0 24931.0 29305.0 17.57 29.87 17.57
903 7104.0 2075.0 1277.0 2075.0 70.79 82.02 70.79
904 8648.0 3561.0 1229.0 3561.0 58.82 85.79 58.82
905 15796.0 9794.0 6237.0 9794.0 38.0 60.52 38.0
906 87216.0 17523.0 24207.0 17523.0 79.91 72.24 79.91
907 71253.0 21793.0 30685.0 21793.0 69.41 56.94 69.41
908 78200.0 36492.0 18543.0 36492.0 53.34 76.29 53.34
909 66752.0 42972.0 31442.0 42972.0 35.62 52.9 35.62
910 176205.0 48280.0 18300.0 48280.0 72.6 89.61 72.6
911 73740.0 25460.0 20109.0 25460.0 65.47 72.73 65.47
912 72286.0 24319.0 16914.0 24319.0 66.36 76.6 66.36
913 68649.0 6240.0 9284.0 6240.0 90.91 86.48 90.91
914 21640.0 8600.0 6416.0 8600.0 60.26 70.35 60.26
915 77165.0 34320.0 31878.0 34320.0 55.52 58.69 55.52
916 45288.0 16809.0 15363.0 16809.0 62.88 66.08 62.88
917 31350.0 7430.0 3187.0 7430.0 76.3 89.83 76.3
918 30488.0 10001.0 8159.0 10001.0 67.2 73.24 67.2
919 137577.0 46530.0 56851.0 46530.0 66.18 58.68 66.18
920 104286.0 31100.0 32935.0 31100.0 70.18 68.42 70.18
921 79744.0 19373.0 26394.0 19373.0 75.71 66.9 75.71
922 5115.0 2306.0 1755.0 2306.0 54.92 65.69 54.92
923 44286.0 20888.0 24117.0 20888.0 52.83 45.54 52.83
924 52250.0 28369.0 23025.0 28369.0 45.71 55.93 45.71
925 32200.0 15137.0 10525.0 15137.0 52.99 67.31 52.99
926 18300.0 7505.0 4670.0 7505.0 58.99 74.48 58.99
927 8568.0 1320.0 1170.0 1320.0 84.59 86.34 84.59
928 122430.0 39336.0 33211.0 39336.0 67.87 72.87 67.87
929 112608.0 55174.0 27366.0 55174.0 51.0 75.7 51.0
930 64260.0 20750.0 16318.0 20750.0 67.71 74.61 67.71
931 24244.0 19975.0 16768.0 19975.0 17.61 30.84 17.61
932 122286.0 41537.0 32450.0 41537.0 66.03 73.46 66.03
933 46488.0 28327.0 18011.0 28327.0 39.07 61.26 39.07
934 30628.0 17474.0 11073.0 17474.0 42.95 63.85 42.95
935 14798.0 5344.0 1975.0 5344.0 63.89 86.65 63.89
936 51348.0 9293.0 10087.0 9293.0 81.9 80.36 81.9
937 54340.0 16921.0 14947.0 16921.0 68.86 72.49 68.86
938 62852.0 24173.0 14897.0 24173.0 61.54 76.3 61.54
939 19850.0 5265.0 2049.0 5265.0 73.48 89.68 73.48
940 71840.0 25520.0 18825.0 25520.0 64.48 73.8 64.48
941 47582.0 17084.0 13936.0 17084.0 64.1 70.71 64.1
942 53067.0 20154.0 13702.0 20154.0 62.02 74.18 62.02
943 22472.0 14550.0 13889.0 14550.0 35.25 38.19 35.25
944 39330.0 23010.0 7743.0 23010.0 41.5 80.31 41.5
945 37878.0 7902.0 10473.0 7902.0 79.14 72.35 79.14
946 154512.0 50596.0 36913.0 50596.0 67.25 76.11 67.25
947 78225.0 24445.0 26244.0 24445.0 68.75 66.45 68.75
948 150280.0 75558.0 71743.0 75558.0 49.72 52.26 49.72
949 19941.0 9900.0 9292.0 9900.0 50.35 53.4 50.35
950 117195.0 72207.0 42675.0 72207.0 38.39 63.59 38.39
951 41192.0 7072.0 7357.0 7072.0 82.83 82.14 82.83
952 123099.0 30229.0 43120.0 30229.0 75.44 64.97 75.44
953 54954.0 10543.0 11886.0 10543.0 80.81 78.37 80.81
954 46254.0 12671.0 10211.0 12671.0 72.61 77.92 72.61
955 173070.0 25465.0 47859.0 25465.0 85.29 72.35 85.29
956 44856.0 11897.0 18480.0 11897.0 73.48 58.8 73.48
957 75376.0 59682.0 54466.0 59682.0 20.82 27.74 20.82
958 72896.0 41429.0 35706.0 41429.0 43.17 51.02 43.17
959 36760.0 20620.0 16905.0 20620.0 43.91 54.01 43.91
960 31122.0 8251.0 7831.0 8251.0 73.49 74.84 73.49
961 26688.0 9038.0 6009.0 9038.0 66.13 77.48 66.13
962 18865.0 7415.0 3017.0 7415.0 60.69 84.01 60.69
963 88561.0 43955.0 8449.0 43955.0 50.37 90.46 50.37
964 19080.0 5710.0 3516.0 5710.0 70.07 81.57 70.07
965 21094.0 6792.0 4719.0 6792.0 67.8 77.63 67.8
966 47300.0 21050.0 16474.0 21050.0 55.5 65.17 55.5
967 95925.0 40200.0 49737.0 40200.0 58.09 48.15 58.09
968 35700.0 12075.0 9469.0 12075.0 66.18 73.48 66.18
969 43286.0 13390.0 9588.0 13390.0 69.07 77.85 69.07
970 53808.0 20644.0 12465.0 20644.0 61.63 76.83 61.63
971 22287.0 8747.0 4085.0 8747.0 60.75 81.67 60.75
972 9867.0 4114.0 2903.0 4114.0 58.31 70.58 58.31
973 146880.0 68962.0 65624.0 68962.0 53.05 55.32 53.05
974 233160.0 84020.0 105238.0 84020.0 63.96 54.86 63.96
975 27146.0 11345.0 7468.0 11345.0 58.21 72.49 58.21
976 57720.0 21474.0 16592.0 21474.0 62.8 71.25 62.8
977 26270.0 7742.0 8016.0 7742.0 70.53 69.49 70.53
978 35991.0 8461.0 5303.0 8461.0 76.49 85.27 76.49
979 37929.0 13335.0 11754.0 13335.0 64.84 69.01 64.84
980 42336.0 22681.0 18339.0 22681.0 46.43 56.68 46.43
981 12495.0 4575.0 2491.0 4575.0 63.39 80.06 63.39
982 193254.0 51528.0 72840.0 51528.0 73.34 62.31 73.34
983 37422.0 7319.0 6062.0 7319.0 80.44 83.8 80.44
984 16388.0 12159.0 3277.0 12159.0 25.81 80.0 25.81
985 32580.0 10515.0 9282.0 10515.0 67.73 71.51 67.73
986 26440.0 9920.0 7068.0 9920.0 62.48 73.27 62.48
987 114372.0 24473.0 41474.0 24473.0 78.6 63.74 78.6
988 75180.0 47475.0 51757.0 47475.0 36.85 31.16 36.85
989 175956.0 31187.0 28204.0 31187.0 82.28 83.97 82.28
990 23042.0 9492.0 5113.0 9492.0 58.81 77.81 58.81
991 33232.0 12546.0 9351.0 12546.0 62.25 71.86 62.25
992 6650.0 2645.0 1376.0 2645.0 60.23 79.31 60.23
993 80497.0 10152.0 10210.0 10152.0 87.39 87.32 87.39
994 50502.0 19895.0 14076.0 19895.0 60.61 72.13 60.61
995 32520.0 3740.0 4366.0 3740.0 88.5 86.57 88.5
996 29057.0 10717.0 7645.0 10717.0 63.12 73.69 63.12
997 31948.0 14003.0 10828.0 14003.0 56.17 66.11 56.17
998 26752.0 10092.0 4541.0 10092.0 62.28 83.03 62.28
999 23664.0 9031.0 6529.0 9031.0 61.84 72.41 61.84
1000 104204.0 19712.0 21964.0 19712.0 81.08 78.92 81.08
1001 67915.0 14095.0 12585.0 14095.0 79.25 81.47 79.25
1002 17168.0 8865.0 5742.0 8865.0 48.36 66.55 48.36
1003 2240.0 1510.0 417.0 1510.0 32.59 81.38 32.59
1004 22572.0 10271.0 4592.0 10271.0 54.5 79.66 54.5
1005 25368.0 7008.0 3253.0 7008.0 72.37 87.18 72.37
1006 28700.0 11590.0 6060.0 11590.0 59.62 78.89 59.62
1007 44368.0 19774.0 18664.0 19774.0 55.43 57.93 55.43
1008 58305.0 16560.0 21533.0 16560.0 71.6 63.07 71.6
1009 39450.0 12100.0 6974.0 12100.0 69.33 82.32 69.33
1010 87696.0 46469.0 42417.0 46469.0 47.01 51.63 47.01
1011 51388.0 32056.0 30629.0 32056.0 37.62 40.4 37.62
1012 22659.0 9206.0 5985.0 9206.0 59.37 73.59 59.37
1013 76314.0 15252.0 11897.0 15252.0 80.01 84.41 80.01
1014 24585.0 11730.0 5356.0 11730.0 52.29 78.21 52.29
1015 70070.0 24390.0 16294.0 24390.0 65.19 76.75 65.19
1016 48034.0 23114.0 8915.0 23114.0 51.88 81.44 51.88
1017 195941.0 78576.0 39546.0 78576.0 59.9 79.82 59.9
1018 91456.0 72954.0 58785.0 72954.0 20.23 35.72 20.23
1019 112457.0 16833.0 18878.0 16833.0 85.03 83.21 85.03
1020 10186.0 6349.0 4629.0 6349.0 37.67 54.56 37.67
1021 138501.0 49349.0 65784.0 49349.0 64.37 52.5 64.37
1022 30780.0 12526.0 9182.0 12526.0 59.3 70.17 59.3
1023 8225.0 2345.0 772.0 2345.0 71.49 90.61 71.49
1024 620540.0 117447.0 278123.0 117447.0 81.07 55.18 81.07
1025 38881.0 19440.0 18427.0 19440.0 50.0 52.61 50.0
1026 46256.0 29160.0 27207.0 29160.0 36.96 41.18 36.96
1027 40565.0 17175.0 25092.0 17175.0 57.66 38.14 57.66
1028 35037.0 11863.0 7210.0 11863.0 66.14 79.42 66.14
1029 65833.0 40068.0 38180.0 40068.0 39.14 42.0 39.14
1030 56892.0 31318.0 28510.0 31318.0 44.95 49.89 44.95
1031 66633.0 22431.0 20549.0 22431.0 66.34 69.16 66.34
1032 25075.0 7483.0 6609.0 7483.0 70.16 73.64 70.16
1033 183312.0 62269.0 115477.0 62269.0 66.03 37.01 66.03
1034 11376.0 8258.0 2104.0 8258.0 27.41 81.5 27.41
1035 25816.0 10863.0 8372.0 10863.0 57.92 67.57 57.92
1036 156950.0 36519.0 39342.0 36519.0 76.73 74.93 76.73
1037 14670.0 3510.0 1794.0 3510.0 76.07 87.77 76.07
1038 150816.0 66114.0 81366.0 66114.0 56.16 46.05 56.16
1039 22576.0 4126.0 4827.0 4126.0 81.72 78.62 81.72
1040 38280.0 8936.0 10510.0 8936.0 76.66 72.54 76.66
1041 338546.0 291506.0 275089.0 291506.0 13.89 18.74 13.89
1042 10520.0 5210.0 4261.0 5210.0 50.48 59.5 50.48
1043 64758.0 44606.0 36584.0 44606.0 31.12 43.51 31.12
1044 78780.0 44575.0 38358.0 44575.0 43.42 51.31 43.42
1045 6165.0 1340.0 814.0 1340.0 78.26 86.8 78.26
1046 128823.0 44381.0 30890.0 44381.0 65.55 76.02 65.55
1047 100520.0 50825.0 37399.0 50825.0 49.44 62.79 49.44
1048 101315.0 19520.0 23434.0 19520.0 80.73 76.87 80.73
1049 102753.0 9866.0 16612.0 9866.0 90.4 83.83 90.4
1050 211314.0 38581.0 34795.0 38581.0 81.74 83.53 81.74
1051 179872.0 23152.0 51622.0 23152.0 87.13 71.3 87.13
1052 21793.0 10565.0 6305.0 10565.0 51.52 71.07 51.52
1053 161184.0 41282.0 57096.0 41282.0 74.39 64.58 74.39
1054 73008.0 26092.0 15985.0 26092.0 64.26 78.11 64.26
1055 44162.0 18676.0 20666.0 18676.0 57.71 53.2 57.71
1056 23312.0 10151.0 6208.0 10151.0 56.46 73.37 56.46
1057 24990.0 4715.0 4060.0 4715.0 81.13 83.75 81.13
1058 67081.0 30537.0 22028.0 30537.0 54.48 67.16 54.48
1059 46480.0 13113.0 20534.0 13113.0 71.79 55.82 71.79
1060 9657.0 4099.0 1693.0 4099.0 57.55 82.47 57.55
1061 13376.0 6155.0 1600.0 6155.0 53.98 88.04 53.98
1062 29750.0 9400.0 7501.0 9400.0 68.4 74.79 68.4
1063 9000.0 1895.0 858.0 1895.0 78.94 90.47 78.94
1064 116400.0 52957.0 41155.0 52957.0 54.5 64.64 54.5
1065 63720.0 33672.0 27567.0 33672.0 47.16 56.74 47.16
1066 7991.0 1800.0 902.0 1800.0 77.47 88.71 77.47
1067 180908.0 44573.0 83556.0 44573.0 75.36 53.81 75.36
1068 11472.0 6706.0 2817.0 6706.0 41.54 75.44 41.54
1069 190165.0 120186.0 132213.0 120186.0 36.8 30.47 36.8
1070 77765.0 11105.0 12828.0 11105.0 85.72 83.5 85.72
1071 58156.0 15885.0 14270.0 15885.0 72.69 75.46 72.69
1072 62964.0 8205.0 14309.0 8205.0 86.97 77.27 86.97
1073 20400.0 5865.0 2180.0 5865.0 71.25 89.31 71.25
1074 97094.0 28506.0 26942.0 28506.0 70.64 72.25 70.64
1075 131572.0 31866.0 29721.0 31866.0 75.78 77.41 75.78
1076 77626.0 40835.0 25492.0 40835.0 47.4 67.16 47.4
1077 186789.0 43007.0 30243.0 43007.0 76.98 83.81 76.98
1078 65016.0 14743.0 12602.0 14743.0 77.32 80.62 77.32
1079 72556.0 23391.0 27969.0 23391.0 67.76 61.45 67.76
1080 58232.0 8470.0 6064.0 8470.0 85.45 89.59 85.45
1081 9798.0 2706.0 2282.0 2706.0 72.38 76.71 72.38
1082 41877.0 8452.0 6895.0 8452.0 79.82 83.54 79.82
1083 67628.0 24837.0 17173.0 24837.0 63.27 74.61 63.27
1084 37221.0 19898.0 12877.0 19898.0 46.54 65.4 46.54
1085 19776.0 11840.0 8408.0 11840.0 40.13 57.48 40.13
1086 65360.0 24235.0 22791.0 24235.0 62.92 65.13 62.92
1087 30380.0 9573.0 11836.0 9573.0 68.49 61.04 68.49
1088 677280.0 307360.0 472374.0 307360.0 54.62 30.25 54.62
1089 100488.0 34122.0 17819.0 34122.0 66.04 82.27 66.04
1090 19446.0 9938.0 5794.0 9938.0 48.89 70.2 48.89
1091 16160.0 8235.0 2461.0 8235.0 49.04 84.77 49.04
1092 91050.0 34120.0 39759.0 34120.0 62.53 56.33 62.53
1093 51794.0 21078.0 8934.0 21078.0 59.3 82.75 59.3
1094 24149.0 8921.0 7295.0 8921.0 63.06 69.79 63.06
1095 28444.0 11923.0 4240.0 11923.0 58.08 85.09 58.08
1096 67703.0 18230.0 15679.0 18230.0 73.07 76.84 73.07
1097 46004.0 12452.0 17115.0 12452.0 72.93 62.8 72.93
1098 138322.0 42853.0 55192.0 42853.0 69.02 60.1 69.02
1099 48312.0 18211.0 15804.0 18211.0 62.31 67.29 62.31
1100 102384.0 25344.0 30057.0 25344.0 75.25 70.64 75.25
1101 15980.0 3341.0 3415.0 3341.0 79.09 78.63 79.09
1102 37170.0 15770.0 16455.0 15770.0 57.57 55.73 57.57
1103 120756.0 20103.0 37479.0 20103.0 83.35 68.96 83.35
1104 73440.0 22617.0 7387.0 22617.0 69.2 89.94 69.2
1105 17056.0 5830.0 4169.0 5830.0 65.82 75.56 65.82
1106 120302.0 36713.0 34999.0 36713.0 69.48 70.91 69.48
1107 24525.0 15205.0 11512.0 15205.0 38.0 53.06 38.0
1108 127424.0 27674.0 27319.0 27674.0 78.28 78.56 78.28
1109 123700.0 39920.0 63003.0 39920.0 67.73 49.07 67.73
1110 41344.0 10506.0 12540.0 10506.0 74.59 69.67 74.59
1111 281338.0 101187.0 151697.0 101187.0 64.03 46.08 64.03
1112 10918.0 4190.0 3782.0 4190.0 61.62 65.36 61.62
1113 21594.0 5449.0 1808.0 5449.0 74.77 91.63 74.77
1114 117268.0 18185.0 15863.0 18185.0 84.49 86.47 84.49
1115 27744.0 8392.0 5292.0 8392.0 69.75 80.93 69.75
1116 135786.0 45452.0 58098.0 45452.0 66.53 57.21 66.53
1117 22590.0 9520.0 3732.0 9520.0 57.86 83.48 57.86
1118 25434.0 5810.0 4860.0 5810.0 77.16 80.89 77.16
1119 23591.0 6406.0 2560.0 6406.0 72.85 89.15 72.85
1120 28798.0 11634.0 5393.0 11634.0 59.6 81.27 59.6
1121 113508.0 29706.0 39480.0 29706.0 73.83 65.22 73.83
1122 22080.0 10310.0 9151.0 10310.0 53.31 58.56 53.31
1123 73242.0 25023.0 21125.0 25023.0 65.84 71.16 65.84
1124 49882.0 23032.0 25912.0 23032.0 53.83 48.05 53.83
1125 67314.0 11046.0 10460.0 11046.0 83.59 84.46 83.59
1126 166344.0 66573.0 86554.0 66573.0 59.98 47.97 59.98
1127 37120.0 4106.0 3856.0 4106.0 88.94 89.61 88.94
1128 79690.0 15640.0 10448.0 15640.0 80.37 86.89 80.37
1129 87108.0 31039.0 27564.0 31039.0 64.37 68.36 64.37
1130 109594.0 17971.0 19052.0 17971.0 83.6 82.62 83.6
1131 67795.0 28845.0 22086.0 28845.0 57.45 67.42 57.45
1132 33180.0 17940.0 13091.0 17940.0 45.93 60.55 45.93
1133 258962.0 80573.0 100254.0 80573.0 68.89 61.29 68.89
1134 200502.0 86990.0 51967.0 86990.0 56.61 74.08 56.61
1135 153272.0 66085.0 54598.0 66085.0 56.88 64.38 56.88
1136 26384.0 10524.0 7754.0 10524.0 60.11 70.61 60.11
1137 84448.0 51495.0 19348.0 51495.0 39.02 77.09 39.02
1138 17400.0 6695.0 3964.0 6695.0 61.52 77.22 61.52
1139 65362.0 43766.0 28181.0 43766.0 33.04 56.88 33.04
1140 20474.0 5121.0 3289.0 5121.0 74.99 83.94 74.99
1141 15792.0 7261.0 4101.0 7261.0 54.02 74.03 54.02
1142 19278.0 12184.0 9149.0 12184.0 36.8 52.54 36.8
1143 38520.0 12490.0 8900.0 12490.0 67.58 76.9 67.58
1144 122815.0 45601.0 41878.0 45601.0 62.87 65.9 62.87
1145 63426.0 29688.0 17652.0 29688.0 53.19 72.17 53.19
1146 33072.0 13285.0 10184.0 13285.0 59.83 69.21 59.83
1147 20844.0 6683.0 3816.0 6683.0 67.94 81.69 67.94
1148 114376.0 49324.0 40055.0 49324.0 56.88 64.98 56.88
1149 100800.0 43661.0 31603.0 43661.0 56.69 68.65 56.69
1150 62250.0 13828.0 14775.0 13828.0 77.79 76.27 77.79
1151 30361.0 12591.0 6552.0 12591.0 58.53 78.42 58.53
1152 102723.0 36963.0 19486.0 36963.0 64.02 81.03 64.02
1153 24472.0 6625.0 6771.0 6625.0 72.93 72.33 72.93
1154 10144.0 5513.0 2554.0 5513.0 45.65 74.82 45.65
1155 42904.0 16050.0 12981.0 16050.0 62.59 69.74 62.59
1156 767033.0 383339.0 592949.0 383339.0 50.02 22.7 50.02
1157 94336.0 16531.0 15843.0 16531.0 82.48 83.21 82.48
1158 167934.0 43635.0 45620.0 43635.0 74.02 72.83 74.02
1159 275187.0 102411.0 105679.0 102411.0 62.78 61.6 62.78
1160 39879.0 24720.0 15098.0 24720.0 38.01 62.14 38.01
1161 118592.0 23278.0 25439.0 23278.0 80.37 78.55 80.37
1162 28461.0 7725.0 4881.0 7725.0 72.86 82.85 72.86
1163 75515.0 30560.0 28099.0 30560.0 59.53 62.79 59.53
1164 17815.0 8880.0 5450.0 8880.0 50.15 69.41 50.15
1165 44436.0 18779.0 17678.0 18779.0 57.74 60.22 57.74
1166 22100.0 6770.0 4589.0 6770.0 69.37 79.24 69.37
1167 69184.0 33619.0 37891.0 33619.0 51.41 45.23 51.41
1168 45972.0 26782.0 19697.0 26782.0 41.74 57.15 41.74
1169 46150.0 20888.0 22939.0 20888.0 54.74 50.29 54.74
1170 8874.0 1636.0 1164.0 1636.0 81.56 86.88 81.56
1171 99912.0 17214.0 27639.0 17214.0 82.77 72.34 82.77
1172 39200.0 26100.0 16003.0 26100.0 33.42 59.18 33.42
1173 85722.0 28587.0 26133.0 28587.0 66.65 69.51 66.65
1174 34270.0 11419.0 7314.0 11419.0 66.68 78.66 66.68
1175 30272.0 15196.0 11631.0 15196.0 49.8 61.58 49.8
1176 35055.0 17865.0 5028.0 17865.0 49.04 85.66 49.04
1177 96957.0 38431.0 56691.0 38431.0 60.36 41.53 60.36
1178 56108.0 18382.0 14229.0 18382.0 67.24 74.64 67.24
1179 31329.0 11707.0 9040.0 11707.0 62.63 71.14 62.63
1180 128892.0 28559.0 47020.0 28559.0 77.84 63.52 77.84
1181 79094.0 35487.0 33899.0 35487.0 55.13 57.14 55.13
1182 31075.0 13660.0 12836.0 13660.0 56.04 58.69 56.04
1183 15562.0 3926.0 4011.0 3926.0 74.77 74.23 74.77
1184 42402.0 9973.0 5327.0 9973.0 76.48 87.44 76.48
1185 82566.0 22857.0 14961.0 22857.0 72.32 81.88 72.32
1186 38440.0 22445.0 21383.0 22445.0 41.61 44.37 41.61
1187 65018.0 26543.0 20667.0 26543.0 59.18 68.21 59.18
1188 194796.0 70374.0 55263.0 70374.0 63.87 71.63 63.87
1189 161980.0 71275.0 107204.0 71275.0 56.0 33.82 56.0
1190 20397.0 6484.0 3310.0 6484.0 68.21 83.77 68.21
1191 27534.0 15460.0 11552.0 15460.0 43.85 58.04 43.85
1192 80172.0 21143.0 11908.0 21143.0 73.63 85.15 73.63
1193 65250.0 17741.0 18479.0 17741.0 72.81 71.68 72.81
1194 26128.0 5835.0 5123.0 5835.0 77.67 80.39 77.67
1195 7840.0 5788.0 3785.0 5788.0 26.17 51.72 26.17
1196 25800.0 4150.0 4279.0 4150.0 83.91 83.41 83.91
1197 129456.0 37192.0 31502.0 37192.0 71.27 75.67 71.27
1198 26894.0 5047.0 2471.0 5047.0 81.23 90.81 81.23
1199 49528.0 25664.0 20771.0 25664.0 48.18 58.06 48.18
1200 67525.0 13233.0 10806.0 13233.0 80.4 84.0 80.4
1201 11546.0 3778.0 3535.0 3778.0 67.28 69.38 67.28
1202 21390.0 10490.0 6300.0 10490.0 50.96 70.55 50.96
1203 26100.0 11095.0 10018.0 11095.0 57.49 61.62 57.49
1204 47740.0 21112.0 22460.0 21112.0 55.78 52.95 55.78
1205 112343.0 37928.0 34867.0 37928.0 66.24 68.96 66.24
1206 24981.0 15601.0 7992.0 15601.0 37.55 68.01 37.55
1207 38480.0 6835.0 3636.0 6835.0 82.24 90.55 82.24
1208 60726.0 10757.0 13192.0 10757.0 82.29 78.28 82.29
1209 90640.0 21486.0 19126.0 21486.0 76.3 78.9 76.3
1210 109552.0 40707.0 45688.0 40707.0 62.84 58.3 62.84
1211 134697.0 35258.0 43385.0 35258.0 73.82 67.79 73.82
1212 19440.0 6937.0 2844.0 6937.0 64.32 85.37 64.32
1213 87616.0 24385.0 15572.0 24385.0 72.17 82.23 72.17
1214 20460.0 7880.0 6202.0 7880.0 61.49 69.69 61.49
1215 28475.0 12335.0 9066.0 12335.0 56.68 68.16 56.68
1216 24336.0 5820.0 2416.0 5820.0 76.08 90.07 76.08
1217 14094.0 5485.0 3842.0 5485.0 61.08 72.74 61.08
1218 42148.0 9574.0 10454.0 9574.0 77.28 75.2 77.28
1219 55200.0 14680.0 16450.0 14680.0 73.41 70.2 73.41
1220 47945.0 22938.0 11294.0 22938.0 52.16 76.44 52.16
1221 306810.0 69892.0 127988.0 69892.0 77.22 58.28 77.22
1222 281589.0 120558.0 145057.0 120558.0 57.19 48.49 57.19
1223 18200.0 6465.0 7814.0 6465.0 64.48 57.07 64.48
1224 78792.0 24190.0 37059.0 24190.0 69.3 52.97 69.3
1225 46330.0 19222.0 12404.0 19222.0 58.51 73.23 58.51
1226 41446.0 21282.0 13306.0 21282.0 48.65 67.9 48.65
1227 86445.0 27430.0 34727.0 27430.0 68.27 59.83 68.27
1228 55315.0 11715.0 10307.0 11715.0 78.82 81.37 78.82
1229 85176.0 27702.0 29559.0 27702.0 67.48 65.3 67.48
1230 40760.0 11260.0 7705.0 11260.0 72.37 81.1 72.37
1231 17400.0 9050.0 8565.0 9050.0 47.99 50.78 47.99
1232 107139.0 20192.0 16171.0 20192.0 81.15 84.91 81.15
1233 10388.0 4707.0 2423.0 4707.0 54.69 76.68 54.69
1234 21400.0 6725.0 5905.0 6725.0 68.57 72.41 68.57
1235 73623.0 30469.0 33460.0 30469.0 58.61 54.55 58.61
1236 162498.0 35891.0 67290.0 35891.0 77.91 58.59 77.91
1237 18247.0 5036.0 4474.0 5036.0 72.4 75.48 72.4
1238 38372.0 12263.0 8347.0 12263.0 68.04 78.25 68.04
1239 36256.0 10973.0 9721.0 10973.0 69.73 73.19 69.73
1240 106354.0 43962.0 57793.0 43962.0 58.66 45.66 58.66
1241 108459.0 53411.0 21187.0 53411.0 50.75 80.47 50.75
1242 7104.0 1536.0 1009.0 1536.0 78.38 85.8 78.38
1243 181478.0 46581.0 60391.0 46581.0 74.33 66.72 74.33
1244 17697.0 7372.0 4707.0 7372.0 58.34 73.4 58.34
1245 64636.0 31403.0 29176.0 31403.0 51.42 54.86 51.42
1246 43368.0 12424.0 9547.0 12424.0 71.35 77.99 71.35
1247 62010.0 23955.0 21962.0 23955.0 61.37 64.58 61.37
1248 33750.0 11085.0 14582.0 11085.0 67.16 56.79 67.16
1249 32025.0 4245.0 4711.0 4245.0 86.74 85.29 86.74
1250 28003.0 9531.0 5201.0 9531.0 65.96 81.43 65.96
1251 460100.0 154629.0 177024.0 154629.0 66.39 61.52 66.39
1252 41775.0 16195.0 17883.0 16195.0 61.23 57.19 61.23
1253 13140.0 6740.0 4127.0 6740.0 48.71 68.59 48.71
1254 22143.0 16990.0 10929.0 16990.0 23.27 50.64 23.27
1255 91022.0 28178.0 32521.0 28178.0 69.04 64.27 69.04
1256 61884.0 29648.0 21655.0 29648.0 52.09 65.01 52.09
1257 14490.0 2410.0 2246.0 2410.0 83.37 84.5 83.37
1258 54540.0 12705.0 14924.0 12705.0 76.71 72.64 76.71
1259 32895.0 9920.0 7719.0 9920.0 69.84 76.53 69.84
1260 376320.0 215944.0 129989.0 215944.0 42.62 65.46 42.62
1261 63102.0 44560.0 39353.0 44560.0 29.38 37.64 29.38
1262 11305.0 4675.0 2856.0 4675.0 58.65 74.74 58.65
1263 14706.0 5187.0 4631.0 5187.0 64.73 68.51 64.73
1264 81624.0 24828.0 25417.0 24828.0 69.58 68.86 69.58
1265 99392.0 38961.0 34874.0 38961.0 60.8 64.91 60.8
1266 238440.0 48265.0 69822.0 48265.0 79.76 70.72 79.76
1267 5440.0 1720.0 1131.0 1720.0 68.38 79.21 68.38
1268 16112.0 7505.0 3609.0 7505.0 53.42 77.6 53.42
1269 70668.0 57975.0 35787.0 57975.0 17.96 49.36 17.96
1270 8160.0 5515.0 1677.0 5515.0 32.41 79.45 32.41
1271 31086.0 15616.0 17051.0 15616.0 49.77 45.15 49.77
1272 230670.0 69929.0 79125.0 69929.0 69.68 65.7 69.68
1273 57980.0 12370.0 12567.0 12370.0 78.67 78.33 78.67
1274 89434.0 57240.0 70755.0 57240.0 36.0 20.89 36.0
1275 16881.0 13806.0 7865.0 13806.0 18.22 53.41 18.22
1276 98392.0 63998.0 89321.0 63998.0 34.96 9.22 34.96
1277 18177.0 5588.0 2066.0 5588.0 69.26 88.63 69.26
1278 32568.0 10555.0 5773.0 10555.0 67.59 82.27 67.59
1279 238623.0 93059.0 78976.0 93059.0 61.0 66.9 61.0
1280 155946.0 37732.0 32814.0 37732.0 75.8 78.96 75.8
1281 33644.0 21996.0 11937.0 21996.0 34.62 64.52 34.62
1282 61612.0 20193.0 15137.0 20193.0 67.23 75.43 67.23
1283 77486.0 30212.0 26211.0 30212.0 61.01 66.17 61.01
1284 10374.0 3085.0 2329.0 3085.0 70.26 77.55 70.26
1285 53580.0 20200.0 16154.0 20200.0 62.3 69.85 62.3
1286 17480.0 11225.0 5644.0 11225.0 35.78 67.71 35.78
1287 25200.0 6264.0 8045.0 6264.0 75.14 68.08 75.14
1288 68130.0 29830.0 36823.0 29830.0 56.22 45.95 56.22
1289 106938.0 35840.0 35122.0 35840.0 66.49 67.16 66.49
1290 313872.0 226952.0 92721.0 226952.0 27.69 70.46 27.69
1291 13623.0 4663.0 3520.0 4663.0 65.77 74.16 65.77
1292 60673.0 17970.0 20672.0 17970.0 70.38 65.93 70.38
1293 18228.0 9181.0 3499.0 9181.0 49.63 80.8 49.63
1294 3402.0 1665.0 563.0 1665.0 51.06 83.45 51.06
1295 38527.0 8663.0 7084.0 8663.0 77.51 81.61 77.51
1296 98112.0 22825.0 31712.0 22825.0 76.74 67.68 76.74
1297 87514.0 21510.0 22205.0 21510.0 75.42 74.63 75.42
1298 319308.0 56079.0 110052.0 56079.0 82.44 65.53 82.44
1299 60630.0 10476.0 15598.0 10476.0 82.72 74.27 82.72
1300 142437.0 43988.0 39897.0 43988.0 69.12 71.99 69.12
1301 65790.0 17765.0 16235.0 17765.0 73.0 75.32 73.0
1302 69861.0 25283.0 23109.0 25283.0 63.81 66.92 63.81
1303 26010.0 5935.0 1865.0 5935.0 77.18 92.83 77.18
1304 74844.0 47316.0 41085.0 47316.0 36.78 45.11 36.78
1305 63630.0 50200.0 55095.0 50200.0 21.11 13.41 21.11
1306 62785.0 8925.0 14821.0 8925.0 85.78 76.39 85.78
1307 58440.0 16650.0 14144.0 16650.0 71.51 75.8 71.51
1308 24412.0 15162.0 5744.0 15162.0 37.89 76.47 37.89
1309 31726.0 10483.0 7959.0 10483.0 66.96 74.91 66.96
1310 26765.0 10372.0 4592.0 10372.0 61.25 82.84 61.25
1311 21682.0 10891.0 5075.0 10891.0 49.77 76.59 49.77
1312 1000.0 790.0 528.0 790.0 21.0 47.2 21.0
1313 41730.0 6923.0 4966.0 6923.0 83.41 88.1 83.41
1314 14518.0 4916.0 3105.0 4916.0 66.14 78.61 66.14
1315 283030.0 89118.0 121530.0 89118.0 68.51 57.06 68.51
1316 7037.0 4408.0 3067.0 4408.0 37.36 56.42 37.36
1317 71940.0 20367.0 11026.0 20367.0 71.69 84.67 71.69
1318 20430.0 12430.0 7270.0 12430.0 39.16 64.42 39.16
1319 149798.0 71588.0 79894.0 71588.0 52.21 46.67 52.21
1320 44300.0 17005.0 12717.0 17005.0 61.61 71.29 61.61
1321 136510.0 85740.0 53089.0 85740.0 37.19 61.11 37.19
1322 577415.0 288810.0 379145.0 288810.0 49.98 34.34 49.98
1323 33948.0 19767.0 13278.0 19767.0 41.77 60.89 41.77
1324 21222.0 11685.0 6383.0 11685.0 44.94 69.92 44.94
1325 34496.0 10412.0 8042.0 10412.0 69.82 76.69 69.82
1326 27612.0 5063.0 3450.0 5063.0 81.66 87.51 81.66
1327 10100.0 2665.0 646.0 2665.0 73.61 93.6 73.61
1328 196764.0 97498.0 94905.0 97498.0 50.45 51.77 50.45
1329 22100.0 13756.0 5102.0 13756.0 37.76 76.91 37.76
1330 16902.0 7191.0 3087.0 7191.0 57.45 81.74 57.45
1331 66157.0 23389.0 28635.0 23389.0 64.65 56.72 64.65
1332 70272.0 19843.0 14717.0 19843.0 71.76 79.06 71.76
1333 60588.0 24103.0 19291.0 24103.0 60.22 68.16 60.22
1334 144420.0 47155.0 49637.0 47155.0 67.35 65.63 67.35
1335 87906.0 68556.0 73648.0 68556.0 22.01 16.22 22.01
1336 20181.0 4319.0 5464.0 4319.0 78.6 72.93 78.6
1337 79148.0 39068.0 36328.0 39068.0 50.64 54.1 50.64
1338 23532.0 12116.0 5491.0 12116.0 48.51 76.67 48.51
1339 16416.0 6985.0 2897.0 6985.0 57.45 82.35 57.45
1340 252801.0 72947.0 80216.0 72947.0 71.14 68.27 71.14
1341 31635.0 15280.0 12538.0 15280.0 51.7 60.37 51.7
1342 97664.0 33499.0 36615.0 33499.0 65.7 62.51 65.7
1343 84882.0 22519.0 28574.0 22519.0 73.47 66.34 73.47
1344 199528.0 54021.0 51731.0 54021.0 72.93 74.07 72.93
1345 25387.0 7503.0 2382.0 7503.0 70.45 90.62 70.45
1346 38950.0 12585.0 14115.0 12585.0 67.69 63.76 67.69
1347 62667.0 10968.0 10021.0 10968.0 82.5 84.01 82.5
1348 21777.0 7535.0 6138.0 7535.0 65.4 71.81 65.4
1349 112316.0 37576.0 31899.0 37576.0 66.54 71.6 66.54
1350 119712.0 50890.0 52750.0 50890.0 57.49 55.94 57.49
1351 108360.0 22640.0 20835.0 22640.0 79.11 80.77 79.11
1352 111210.0 36507.0 33251.0 36507.0 67.17 70.1 67.17
1353 24384.0 9556.0 7008.0 9556.0 60.81 71.26 60.81
1354 44793.0 17436.0 15887.0 17436.0 61.07 64.53 61.07
1355 18966.0 10915.0 10157.0 10915.0 42.45 46.45 42.45
1356 50739.0 15997.0 9072.0 15997.0 68.47 82.12 68.47
1357 98280.0 56885.0 40389.0 56885.0 42.12 58.9 42.12
1358 2205.0 1530.0 343.0 1530.0 30.61 84.44 30.61
1359 69828.0 24561.0 28874.0 24561.0 64.83 58.65 64.83
1360 40172.0 20141.0 18542.0 20141.0 49.86 53.84 49.86
1361 217557.0 32016.0 95382.0 32016.0 85.28 56.16 85.28
1362 41412.0 9149.0 9921.0 9149.0 77.91 76.04 77.91
1363 92628.0 37099.0 34597.0 37099.0 59.95 62.65 59.95
1364 47288.0 20810.0 24879.0 20810.0 55.99 47.39 55.99
1365 21240.0 10223.0 5584.0 10223.0 51.87 73.71 51.87
1366 117342.0 40129.0 57474.0 40129.0 65.8 51.02 65.8
1367 23373.0 12917.0 10137.0 12917.0 44.74 56.63 44.74
1368 128700.0 17767.0 20532.0 17767.0 86.2 84.05 86.2
1369 62426.0 19750.0 17372.0 19750.0 68.36 72.17 68.36
1370 70920.0 45565.0 34443.0 45565.0 35.75 51.43 35.75
1371 12129.0 4440.0 1697.0 4440.0 63.39 86.01 63.39
1372 26560.0 10645.0 7113.0 10645.0 59.92 73.22 59.92
1373 21166.0 10576.0 1211.0 10576.0 50.03 94.28 50.03
1374 25428.0 14385.0 10449.0 14385.0 43.43 58.91 43.43
1375 76923.0 27500.0 28675.0 27500.0 64.25 62.72 64.25
1376 85119.0 33251.0 8451.0 33251.0 60.94 90.07 60.94
1377 29568.0 7968.0 7367.0 7968.0 73.05 75.08 73.05
1378 61993.0 25437.0 19998.0 25437.0 58.97 67.74 58.97
1379 73508.0 19598.0 25501.0 19598.0 73.34 65.31 73.34
1380 21982.0 3849.0 2449.0 3849.0 82.49 88.86 82.49
1381 45816.0 15185.0 7128.0 15185.0 66.86 84.44 66.86
1382 72704.0 15808.0 15861.0 15808.0 78.26 78.18 78.26
1383 60770.0 9980.0 15634.0 9980.0 83.58 74.27 83.58
1384 19096.0 7794.0 9010.0 7794.0 59.19 52.82 59.19
1385 631276.0 238304.0 317159.0 238304.0 62.25 49.76 62.25
1386 35188.0 14724.0 11743.0 14724.0 58.16 66.63 58.16
1387 55614.0 26117.0 28490.0 26117.0 53.04 48.77 53.04
1388 67367.0 43525.0 28825.0 43525.0 35.39 57.21 35.39
1389 216132.0 37078.0 69411.0 37078.0 82.84 67.88 82.84
1390 37587.0 13492.0 8996.0 13492.0 64.1 76.07 64.1
1391 51865.0 20810.0 11014.0 20810.0 59.88 78.76 59.88
1392 221265.0 90050.0 120257.0 90050.0 59.3 45.65 59.3
1393 143064.0 44527.0 41050.0 44527.0 68.88 71.31 68.88
1394 39360.0 13070.0 15547.0 13070.0 66.79 60.5 66.79
1395 82350.0 41270.0 37743.0 41270.0 49.88 54.17 49.88
1396 50826.0 29433.0 22115.0 29433.0 42.09 56.49 42.09
1397 175120.0 59134.0 47780.0 59134.0 66.23 72.72 66.23
1398 21750.0 13080.0 8668.0 13080.0 39.86 60.15 39.86
1399 11466.0 4504.0 2539.0 4504.0 60.72 77.86 60.72
1400 56908.0 11537.0 9849.0 11537.0 79.73 82.69 79.73
1401 193198.0 116349.0 90246.0 116349.0 39.78 53.29 39.78
1402 13916.0 6926.0 1904.0 6926.0 50.23 86.32 50.23
1403 63099.0 14171.0 16107.0 14171.0 77.54 74.47 77.54
1404 33936.0 13377.0 8257.0 13377.0 60.58 75.67 60.58
1405 35917.0 8721.0 6060.0 8721.0 75.72 83.13 75.72
1406 77616.0 16500.0 18924.0 16500.0 78.74 75.62 78.74
1407 20385.0 11950.0 6147.0 11950.0 41.38 69.85 41.38
1408 37587.0 11867.0 8879.0 11867.0 68.43 76.38 68.43
1409 51865.0 14100.0 14996.0 14100.0 72.81 71.09 72.81
1410 76076.0 32337.0 30040.0 32337.0 57.49 60.51 57.49
1411 22304.0 15449.0 12020.0 15449.0 30.73 46.11 30.73
1412 45210.0 22068.0 10572.0 22068.0 51.19 76.62 51.19
1413 12280.0 5180.0 3465.0 5180.0 57.82 71.78 57.82
1414 25162.0 7689.0 5643.0 7689.0 69.44 77.57 69.44
1415 56236.0 25638.0 23846.0 25638.0 54.41 57.6 54.41
1416 53863.0 20412.0 21324.0 20412.0 62.1 60.41 62.1
1417 32513.0 18015.0 14132.0 18015.0 44.59 56.53 44.59
1418 54630.0 15400.0 13798.0 15400.0 71.81 74.74 71.81
1419 85050.0 48940.0 36058.0 48940.0 42.46 57.6 42.46
1420 9765.0 4960.0 2956.0 4960.0 49.21 69.73 49.21
1421 86838.0 21172.0 22291.0 21172.0 75.62 74.33 75.62
1422 61200.0 31560.0 24029.0 31560.0 48.43 60.74 48.43
1423 146133.0 55087.0 38561.0 55087.0 62.3 73.61 62.3
1424 60690.0 17964.0 21554.0 17964.0 70.4 64.49 70.4
1425 20748.0 5750.0 5400.0 5750.0 72.29 73.97 72.29
1426 252558.0 88583.0 98354.0 88583.0 64.93 61.06 64.93
1427 214425.0 78700.0 85083.0 78700.0 63.3 60.32 63.3
1428 14124.0 6964.0 2202.0 6964.0 50.69 84.41 50.69
1429 25024.0 7577.0 7876.0 7577.0 69.72 68.53 69.72
1430 100170.0 17070.0 19796.0 17070.0 82.96 80.24 82.96
1431 26410.0 7435.0 7004.0 7435.0 71.85 73.48 71.85
1432 38500.0 16360.0 13575.0 16360.0 57.51 64.74 57.51
1433 4248.0 2077.0 940.0 2077.0 51.11 77.87 51.11
1434 23940.0 7585.0 6912.0 7585.0 68.32 71.13 68.32
1435 20757.0 5131.0 1923.0 5131.0 75.28 90.74 75.28
1436 94896.0 12509.0 29654.0 12509.0 86.82 68.75 86.82
1437 153405.0 62715.0 59594.0 62715.0 59.12 61.15 59.12
1438 24024.0 6752.0 3442.0 6752.0 71.89 85.67 71.89
1439 31693.0 12741.0 6748.0 12741.0 59.8 78.71 59.8
1440 68684.0 24117.0 15167.0 24117.0 64.89 77.92 64.89
1441 21500.0 9930.0 8948.0 9930.0 53.81 58.38 53.81
1442 38784.0 17331.0 18292.0 17331.0 55.31 52.84 55.31
1443 18900.0 8960.0 2571.0 8960.0 52.59 86.4 52.59
1444 35224.0 16654.0 10077.0 16654.0 52.72 71.39 52.72
1445 158418.0 49539.0 47727.0 49539.0 68.73 69.87 68.73
1446 16800.0 3771.0 3271.0 3771.0 77.55 80.53 77.55
1447 117605.0 17955.0 20747.0 17955.0 84.73 82.36 84.73
1448 17700.0 4520.0 4537.0 4520.0 74.46 74.37 74.46
1449 77572.0 27188.0 31339.0 27188.0 64.95 59.6 64.95
1450 16086.0 6698.0 2429.0 6698.0 58.36 84.9 58.36
1451 16483.0 6068.0 4292.0 6068.0 63.19 73.96 63.19
1452 37895.0 6110.0 5028.0 6110.0 83.88 86.73 83.88
1453 8184.0 4387.0 3227.0 4387.0 46.4 60.57 46.4
1454 334248.0 135410.0 149562.0 135410.0 59.49 55.25 59.49
1455 27360.0 9337.0 3531.0 9337.0 65.87 87.09 65.87
1456 70716.0 6285.0 9095.0 6285.0 91.11 87.14 91.11
1457 1820.0 670.0 527.0 670.0 63.19 71.04 63.19
1458 52104.0 27668.0 24105.0 27668.0 46.9 53.74 46.9
1459 42444.0 21680.0 10953.0 21680.0 48.92 74.19 48.92
1460 59502.0 23710.0 29135.0 23710.0 60.15 51.04 60.15
1461 155540.0 47748.0 43122.0 47748.0 69.3 72.28 69.3
1462 67200.0 44785.0 29075.0 44785.0 33.36 56.73 33.36
1463 46431.0 21893.0 23323.0 21893.0 52.85 49.77 52.85
1464 79790.0 20339.0 20211.0 20339.0 74.51 74.67 74.51
1465 102726.0 24429.0 27943.0 24429.0 76.22 72.8 76.22
1466 130812.0 55890.0 65697.0 55890.0 57.27 49.78 57.27
1467 72585.0 48750.0 46440.0 48750.0 32.84 36.02 32.84
1468 158249.0 21936.0 15949.0 21936.0 86.14 89.92 86.14
1469 22225.0 15315.0 9393.0 15315.0 31.09 57.74 31.09
1470 28934.0 14156.0 8820.0 14156.0 51.07 69.52 51.07
1471 239757.0 92773.0 115358.0 92773.0 61.31 51.89 61.31
1472 59670.0 21545.0 26141.0 21545.0 63.89 56.19 63.89
1473 86616.0 23848.0 27435.0 23848.0 72.47 68.33 72.47
1474 94146.0 31504.0 47936.0 31504.0 66.54 49.08 66.54
1475 208350.0 53205.0 54647.0 53205.0 74.46 73.77 74.46
1476 47844.0 26185.0 21288.0 26185.0 45.27 55.51 45.27
1477 81594.0 28579.0 16799.0 28579.0 64.97 79.41 64.97
1478 40005.0 24135.0 22719.0 24135.0 39.67 43.21 39.67
1479 49707.0 21409.0 16781.0 21409.0 56.93 66.24 56.93
1480 35550.0 9875.0 4833.0 9875.0 72.22 86.41 72.22
1481 74943.0 44156.0 23774.0 44156.0 41.08 68.28 41.08
1482 15312.0 1913.0 1684.0 1913.0 87.51 89.0 87.51
1483 117260.0 82340.0 58430.0 82340.0 29.78 50.17 29.78
1484 11844.0 3950.0 2571.0 3950.0 66.65 78.29 66.65
1485 63420.0 19905.0 8458.0 19905.0 68.61 86.66 68.61
1486 31650.0 11395.0 5797.0 11395.0 64.0 81.68 64.0
1487 46696.0 12515.0 16406.0 12515.0 73.2 64.87 73.2
1488 12939.0 5015.0 4483.0 5015.0 61.24 65.35 61.24
1489 55374.0 11446.0 10431.0 11446.0 79.33 81.16 79.33
1490 81091.0 34019.0 44821.0 34019.0 58.05 44.73 58.05
1491 32589.0 15620.0 7213.0 15620.0 52.07 77.87 52.07
1492 51884.0 21602.0 4431.0 21602.0 58.36 91.46 58.36
1493 44368.0 19439.0 13753.0 19439.0 56.19 69.0 56.19
1494 75072.0 39811.0 27358.0 39811.0 46.97 63.56 46.97
1495 28302.0 13799.0 11075.0 13799.0 51.24 60.87 51.24
1496 11121.0 5313.0 1976.0 5313.0 52.23 82.23 52.23
1497 84456.0 35595.0 27503.0 35595.0 57.85 67.44 57.85
1498 15606.0 3931.0 2392.0 3931.0 74.81 84.67 74.81
1499 134138.0 28120.0 30100.0 28120.0 79.04 77.56 79.04
1500 30408.0 7080.0 4639.0 7080.0 76.72 84.74 76.72
1501 58128.0 40385.0 27620.0 40385.0 30.52 52.48 30.52
1502 83814.0 20407.0 31311.0 20407.0 75.65 62.64 75.65
1503 39446.0 10096.0 11885.0 10096.0 74.41 69.87 74.41
1504 23324.0 13205.0 8731.0 13205.0 43.38 62.57 43.38
1505 263296.0 31689.0 87966.0 31689.0 87.96 66.59 87.96
1506 100125.0 45474.0 18697.0 45474.0 54.58 81.33 54.58
1507 77720.0 18807.0 16753.0 18807.0 75.8 78.44 75.8
1508 15042.0 4491.0 4637.0 4491.0 70.14 69.17 70.14
1509 71151.0 10129.0 14421.0 10129.0 85.76 79.73 85.76
1510 228470.0 127431.0 116893.0 127431.0 44.22 48.84 44.22
1511 5148.0 2577.0 2077.0 2577.0 49.94 59.65 49.94
1512 20181.0 13218.0 10669.0 13218.0 34.5 47.13 34.5
1513 25992.0 10962.0 2950.0 10962.0 57.83 88.65 57.83
1514 150837.0 85113.0 110090.0 85113.0 43.57 27.01 43.57
1515 100480.0 43110.0 44536.0 43110.0 57.1 55.68 57.1
1516 39273.0 19130.0 10112.0 19130.0 51.29 74.25 51.29
1517 158712.0 28322.0 34537.0 28322.0 82.16 78.24 82.16
1518 42600.0 18106.0 13554.0 18106.0 57.5 68.18 57.5
1519 92232.0 18972.0 13743.0 18972.0 79.43 85.1 79.43
1520 49203.0 15528.0 16795.0 15528.0 68.44 65.87 68.44
1521 30888.0 18687.0 14486.0 18687.0 39.5 53.1 39.5
1522 58104.0 19857.0 15837.0 19857.0 65.83 72.74 65.83
1523 98455.0 44140.0 36247.0 44140.0 55.17 63.18 55.17
1524 28540.0 21590.0 15924.0 21590.0 24.35 44.2 24.35
1525 73882.0 26420.0 26459.0 26420.0 64.24 64.19 64.24
1526 28424.0 20039.0 20008.0 20039.0 29.5 29.61 29.5
1527 117132.0 13979.0 7997.0 13979.0 88.07 93.17 88.07
1528 10444.0 6252.0 2825.0 6252.0 40.14 72.95 40.14
1529 45144.0 11440.0 10537.0 11440.0 74.66 76.66 74.66
1530 27168.0 4815.0 6068.0 4815.0 82.28 77.66 82.28
1531 273410.0 80690.0 81462.0 80690.0 70.49 70.21 70.49
1532 17200.0 10330.0 4906.0 10330.0 39.94 71.48 39.94
1533 50246.0 32821.0 19907.0 32821.0 34.68 60.38 34.68
1534 11426.0 2560.0 2192.0 2560.0 77.59 80.82 77.59
1535 281556.0 43648.0 43926.0 43648.0 84.5 84.4 84.5
1536 24768.0 13609.0 10043.0 13609.0 45.05 59.45 45.05
1537 28269.0 16008.0 3222.0 16008.0 43.37 88.6 43.37
1538 100940.0 18693.0 23693.0 18693.0 81.48 76.53 81.48
1539 107289.0 32785.0 40192.0 32785.0 69.44 62.54 69.44
1540 83181.0 44387.0 35264.0 44387.0 46.64 57.61 46.64
1541 242606.0 43419.0 34621.0 43419.0 82.1 85.73 82.1
1542 22380.0 9475.0 5777.0 9475.0 57.66 74.19 57.66
1543 96280.0 61960.0 68549.0 61960.0 35.65 28.8 35.65
1544 58212.0 10188.0 13453.0 10188.0 82.5 76.89 82.5
1545 269584.0 83868.0 131380.0 83868.0 68.89 51.27 68.89
1546 22125.0 11899.0 11409.0 11899.0 46.22 48.43 46.22
1547 26376.0 9544.0 8177.0 9544.0 63.82 69.0 63.82
1548 156288.0 33375.0 41687.0 33375.0 78.65 73.33 78.65
1549 230702.0 37258.0 47451.0 37258.0 83.85 79.43 83.85
1550 79110.0 44830.0 35377.0 44830.0 43.33 55.28 43.33
1551 52560.0 12340.0 26643.0 12340.0 76.52 49.31 76.52
1552 25285.0 9820.0 10447.0 9820.0 61.16 58.68 61.16
1553 58806.0 19560.0 15975.0 19560.0 66.74 72.83 66.74
1554 68970.0 26348.0 23653.0 26348.0 61.8 65.71 61.8
1555 137814.0 39824.0 73281.0 39824.0 71.1 46.83 71.1
1556 22356.0 7080.0 3600.0 7080.0 68.33 83.9 68.33
1557 139490.0 88520.0 79711.0 88520.0 36.54 42.86 36.54
1558 19368.0 6584.0 4578.0 6584.0 66.01 76.36 66.01
1559 120099.0 64448.0 53258.0 64448.0 46.34 55.65 46.34
1560 27852.0 2205.0 3162.0 2205.0 92.08 88.65 92.08
1561 225578.0 47102.0 71885.0 47102.0 79.12 68.13 79.12
1562 209100.0 99595.0 155030.0 99595.0 52.37 25.86 52.37
1563 10804.0 2847.0 1948.0 2847.0 73.65 81.97 73.65
1564 22011.0 11860.0 6456.0 11860.0 46.12 70.67 46.12
1565 146900.0 25615.0 37076.0 25615.0 82.56 74.76 82.56
1566 24276.0 6531.0 5090.0 6531.0 73.1 79.03 73.1
1567 339205.0 123147.0 180988.0 123147.0 63.7 46.64 63.7
1568 87648.0 14308.0 17653.0 14308.0 83.68 79.86 83.68
1569 8178.0 1482.0 1208.0 1482.0 81.88 85.23 81.88
1570 109962.0 35688.0 43094.0 35688.0 67.55 60.81 67.55
1571 70587.0 40197.0 32944.0 40197.0 43.05 53.33 43.05
1572 47736.0 11468.0 13549.0 11468.0 75.98 71.62 75.98
1573 206960.0 46300.0 56613.0 46300.0 77.63 72.65 77.63
1574 64369.0 28416.0 15436.0 28416.0 55.85 76.02 55.85
1575 53865.0 27937.0 20736.0 27937.0 48.14 61.5 48.14
1576 74802.0 41474.0 32214.0 41474.0 44.55 56.93 44.55
1577 131880.0 69781.0 57566.0 69781.0 47.09 56.35 47.09
1578 29367.0 14240.0 9220.0 14240.0 51.51 68.6 51.51
1579 25974.0 9260.0 4705.0 9260.0 64.35 81.89 64.35
1580 146200.0 39150.0 43350.0 39150.0 73.22 70.35 73.22
1581 19992.0 9124.0 3558.0 9124.0 54.36 82.2 54.36
1582 24138.0 13610.0 10695.0 13610.0 43.62 55.69 43.62
1583 11900.0 3290.0 2588.0 3290.0 72.35 78.25 72.35
1584 29900.0 19173.0 11855.0 19173.0 35.88 60.35 35.88
1585 74649.0 9779.0 6321.0 9779.0 86.9 91.53 86.9
1586 65182.0 18734.0 16798.0 18734.0 71.26 74.23 71.26
1587 156055.0 50245.0 60289.0 50245.0 67.8 61.37 67.8
1588 96720.0 23285.0 27618.0 23285.0 75.93 71.45 75.93
1589 31524.0 15035.0 8335.0 15035.0 52.31 73.56 52.31
1590 47956.0 14387.0 12852.0 14387.0 70.0 73.2 70.0
1591 20286.0 9560.0 7802.0 9560.0 52.87 61.54 52.87
1592 119682.0 42772.0 43730.0 42772.0 64.26 63.46 64.26
1593 67665.0 16475.0 13246.0 16475.0 75.65 80.42 75.65
1594 170966.0 49245.0 70718.0 49245.0 71.2 58.64 71.2
1595 11880.0 2500.0 2837.0 2500.0 78.96 76.12 78.96
1596 34424.0 10080.0 6395.0 10080.0 70.72 81.42 70.72
1597 330144.0 72437.0 118694.0 72437.0 78.06 64.05 78.06
1598 118405.0 28714.0 37913.0 28714.0 75.75 67.98 75.75
1599 137924.0 37518.0 54695.0 37518.0 72.8 60.34 72.8
1600 73876.0 35677.0 39261.0 35677.0 51.71 46.86 51.71
1601 4142.0 1000.0 409.0 1000.0 75.86 90.13 75.86
1602 31500.0 8465.0 8630.0 8465.0 73.13 72.6 73.13
1603 47838.0 22717.0 15108.0 22717.0 52.51 68.42 52.51
1604 28981.0 6786.0 8178.0 6786.0 76.58 71.78 76.58
1605 203252.0 42587.0 74358.0 42587.0 79.05 63.42 79.05
1606 22144.0 15625.0 12868.0 15625.0 29.44 41.89 29.44
1607 87591.0 26835.0 20134.0 26835.0 69.36 77.01 69.36
1608 45024.0 26305.0 24223.0 26305.0 41.58 46.2 41.58
1609 24598.0 10668.0 6298.0 10668.0 56.63 74.4 56.63
1610 24300.0 6810.0 6362.0 6810.0 71.98 73.82 71.98
1611 39220.0 14060.0 5447.0 14060.0 64.15 86.11 64.15
1612 174240.0 100925.0 82980.0 100925.0 42.08 52.38 42.08
1613 74359.0 29584.0 27180.0 29584.0 60.21 63.45 60.21
1614 18962.0 5392.0 2569.0 5392.0 71.56 86.45 71.56
1615 26588.0 12048.0 9010.0 12048.0 54.69 66.11 54.69
1616 52923.0 18480.0 19478.0 18480.0 65.08 63.2 65.08
1617 73278.0 4764.0 8171.0 4764.0 93.5 88.85 93.5
1618 61020.0 37712.0 23496.0 37712.0 38.2 61.49 38.2
1619 44486.0 20300.0 13592.0 20300.0 54.37 69.45 54.37
1620 52283.0 31985.0 27244.0 31985.0 38.82 47.89 38.82
1621 86580.0 23490.0 28776.0 23490.0 72.87 66.76 72.87
1622 22631.0 6889.0 4800.0 6889.0 69.56 78.79 69.56
1623 117864.0 42162.0 38413.0 42162.0 64.23 67.41 64.23
1624 14688.0 5910.0 4259.0 5910.0 59.76 71.0 59.76
1625 311680.0 72280.0 125100.0 72280.0 76.81 59.86 76.81
1626 100168.0 27088.0 30191.0 27088.0 72.96 69.86 72.96
1627 32364.0 12526.0 7924.0 12526.0 61.3 75.52 61.3
1628 49392.0 13146.0 13925.0 13146.0 73.38 71.81 73.38
1629 23736.0 4656.0 3854.0 4656.0 80.38 83.76 80.38
1630 17440.0 7761.0 5202.0 7761.0 55.5 70.17 55.5
1631 54069.0 15855.0 15767.0 15855.0 70.68 70.84 70.68
1632 205840.0 91490.0 68101.0 91490.0 55.55 66.92 55.55
1633 115188.0 51582.0 66850.0 51582.0 55.22 41.96 55.22
1634 26448.0 8092.0 5278.0 8092.0 69.4 80.04 69.4
1635 21376.0 12017.0 7454.0 12017.0 43.78 65.13 43.78
1636 10336.0 4882.0 1724.0 4882.0 52.77 83.32 52.77
1637 94250.0 22805.0 20555.0 22805.0 75.8 78.19 75.8
1638 55458.0 14453.0 6180.0 14453.0 73.94 88.86 73.94
1639 36400.0 5160.0 4626.0 5160.0 85.82 87.29 85.82
1640 75658.0 50723.0 29608.0 50723.0 32.96 60.87 32.96
1641 14976.0 7275.0 3679.0 7275.0 51.42 75.43 51.42
1642 11475.0 4920.0 1151.0 4920.0 57.12 89.97 57.12
1643 45325.0 21757.0 19948.0 21757.0 52.0 55.99 52.0
1644 66402.0 20652.0 20905.0 20652.0 68.9 68.52 68.9
1645 36140.0 13694.0 8189.0 13694.0 62.11 77.34 62.11
1646 20060.0 6873.0 3753.0 6873.0 65.74 81.29 65.74
1647 99424.0 24142.0 32267.0 24142.0 75.72 67.55 75.72
1648 44704.0 20453.0 11701.0 20453.0 54.25 73.83 54.25
1649 34542.0 10301.0 18166.0 10301.0 70.18 47.41 70.18
1650 299691.0 51656.0 84461.0 51656.0 82.76 71.82 82.76
1651 51842.0 26552.0 17795.0 26552.0 48.78 65.67 48.78
1652 60563.0 9426.0 9694.0 9426.0 84.44 83.99 84.44
1653 31488.0 15455.0 3877.0 15455.0 50.92 87.69 50.92
1654 55165.0 15550.0 19279.0 15550.0 71.81 65.05 71.81
1655 42849.0 7277.0 5856.0 7277.0 83.02 86.33 83.02
1656 22308.0 8002.0 4846.0 8002.0 64.13 78.28 64.13
1657 44427.0 24998.0 23482.0 24998.0 43.73 47.14 43.73
1658 145266.0 33036.0 29239.0 33036.0 77.26 79.87 77.26
1659 78651.0 16731.0 16018.0 16731.0 78.73 79.63 78.73
1660 69471.0 45167.0 33358.0 45167.0 34.98 51.98 34.98
1661 53110.0 21540.0 14749.0 21540.0 59.44 72.23 59.44
1662 64076.0 9561.0 12501.0 9561.0 85.08 80.49 85.08
1663 75756.0 44717.0 37447.0 44717.0 40.97 50.57 40.97
1664 33981.0 12088.0 7462.0 12088.0 64.43 78.04 64.43
1665 21648.0 9531.0 5994.0 9531.0 55.97 72.31 55.97
1666 4182.0 2171.0 1045.0 2171.0 48.09 75.01 48.09
1667 35625.0 8351.0 5800.0 8351.0 76.56 83.72 76.56
1668 100128.0 14814.0 27670.0 14814.0 85.2 72.37 85.2
1669 52302.0 28880.0 31495.0 28880.0 44.78 39.78 44.78
1670 17202.0 7592.0 4505.0 7592.0 55.87 73.81 55.87
1671 83348.0 14190.0 19626.0 14190.0 82.97 76.45 82.97
1672 27200.0 13425.0 10620.0 13425.0 50.64 60.96 50.64
1673 30408.0 12028.0 6068.0 12028.0 60.44 80.04 60.44
1674 13596.0 5520.0 3519.0 5520.0 59.4 74.12 59.4
1675 22560.0 8308.0 8527.0 8308.0 63.17 62.2 63.17
1676 125828.0 37788.0 46743.0 37788.0 69.97 62.85 69.97
1677 27864.0 9555.0 8093.0 9555.0 65.71 70.96 65.71
1678 37140.0 22770.0 20033.0 22770.0 38.69 46.06 38.69
1679 40425.0 19400.0 4983.0 19400.0 52.01 87.67 52.01
1680 245184.0 44537.0 45161.0 44537.0 81.84 81.58 81.84
1681 46208.0 17226.0 19000.0 17226.0 62.72 58.88 62.72
1682 73508.0 39853.0 32196.0 39853.0 45.78 56.2 45.78
1683 29300.0 10985.0 7254.0 10985.0 62.51 75.24 62.51
1684 38556.0 9125.0 9589.0 9125.0 76.33 75.13 76.33
1685 22790.0 12614.0 9087.0 12614.0 44.65 60.13 44.65
1686 6580.0 4434.0 2317.0 4434.0 32.61 64.79 32.61
1687 20740.0 8267.0 6788.0 8267.0 60.14 67.27 60.14
1688 36844.0 12371.0 6712.0 12371.0 66.42 81.78 66.42
1689 29502.0 9707.0 7823.0 9707.0 67.1 73.48 67.1
1690 121352.0 14904.0 13294.0 14904.0 87.72 89.05 87.72
1691 72828.0 28811.0 27022.0 28811.0 60.44 62.9 60.44
