0 12.0 12.0
1 140.0 139.0
2 147.0 97.0
3 8.0 5.0
4 192.0 192.0
5 609.0 445.0
6 16.0 4.0
7 3.0 2.0
8 182.0 255.0
9 17.0 2.0
10 71.0 0.0
11 2.0 2.0
12 96.0 85.0
13 4.0 4.0
14 99.0 89.0
15 131.0 85.0
16 56.0 41.0
17 59.0 42.0
18 168.0 169.0
19 18.0 15.0
20 41.0 29.0
21 135.0 0.0
22 108.0 58.0
23 80.0 99.0
24 19.0 17.0
25 13.0 13.0
26 85.0 73.0
27 27.0 0.0
28 150.0 213.0
29 10.0 8.0
30 33.0 33.0
31 50.0 45.0
32 24.0 35.0
33 12.0 12.0
34 80.0 80.0
35 50.0 0.0
36 74.0 107.0
37 57.0 57.0
38 19.0 17.0
39 220.0 562.0
40 410.0 189.0
41 58.0 1.0
42 104.0 126.0
43 99.0 51.0
44 91.0 69.0
45 8.0 11.0
46 13.0 12.0
47 29.0 29.0
48 15.0 5.0
49 70.0 23.0
50 20.0 53.0
51 3.0 2.0
52 143.0 162.0
53 185.0 167.0
54 193.0 252.0
55 20.0 8.0
56 199.0 106.0
57 6.0 6.0
58 9.0 9.0
59 52.0 129.0
60 118.0 95.0
61 89.0 89.0
62 219.0 169.0
63 98.0 85.0
64 266.0 43.0
65 72.0 44.0
66 59.0 44.0
67 28.0 35.0
68 33.0 29.0
69 153.0 876.0
70 529.0 529.0
71 10.0 10.0
72 30.0 23.0
73 133.0 238.0
74 28.0 8.0
75 807.0 538.0
76 2.0 1.0
77 32.0 32.0
78 51.0 72.0
79 6.0 6.0
80 33.0 54.0
81 55.0 55.0
82 137.0 135.0
83 44.0 44.0
84 71.0 53.0
85 62.0 85.0
86 12.0 8.0
87 18.0 14.0
88 13.0 13.0
89 30.0 57.0
90 45.0 23.0
91 19.0 17.0
92 122.0 84.0
93 1.0 1.0
94 11.0 28.0
95 50.0 102.0
96 39.0 33.0
97 109.0 90.0
98 11.0 11.0
99 113.0 91.0
100 17.0 15.0
101 348.0 74.0
102 141.0 137.0
103 38.0 29.0
104 130.0 95.0
105 104.0 83.0
106 36.0 10.0
107 56.0 45.0
108 32.0 6.0
109 131.0 117.0
110 23.0 13.0
111 6.0 6.0
112 27.0 35.0
113 305.0 230.0
114 82.0 116.0
115 12.0 11.0
116 60.0 72.0
117 131.0 131.0
118 47.0 23.0
119 1.0 1.0
120 339.0 183.0
121 53.0 14.0
122 135.0 177.0
123 361.0 52.0
124 83.0 83.0
125 8.0 7.0
126 408.0 640.0
127 36.0 56.0
128 175.0 176.0
129 501.0 364.0
130 11.0 3.0
131 45.0 139.0
132 11.0 0.0
133 19.0 16.0
134 84.0 71.0
135 19.0 20.0
136 395.0 342.0
137 44.0 150.0
138 10.0 1.0
139 53.0 53.0
140 120.0 257.0
141 73.0 73.0
142 26.0 26.0
143 249.0 241.0
144 9.0 6.0
145 6.0 3.0
146 5.0 9.0
147 386.0 386.0
148 32.0 4.0
149 26.0 26.0
150 86.0 69.0
151 64.0 104.0
152 57.0 83.0
153 6.0 3.0
154 1296.0 920.0
155 7.0 7.0
156 164.0 175.0
157 64.0 64.0
158 5.0 4.0
159 305.0 160.0
160 38.0 38.0
161 16.0 14.0
162 8.0 8.0
163 257.0 252.0
164 33.0 0.0
165 435.0 166.0
166 53.0 23.0
167 25.0 41.0
168 118.0 118.0
169 13.0 13.0
170 145.0 61.0
171 47.0 44.0
172 8.0 2.0
173 11.0 11.0
174 17.0 6.0
175 7.0 6.0
176 21.0 24.0
177 12.0 12.0
178 39.0 14.0
179 5.0 5.0
180 22.0 7.0
181 15.0 4.0
182 7.0 9.0
183 48.0 6.0
184 2.0 1.0
185 51.0 207.0
186 80.0 80.0
187 90.0 40.0
188 24.0 36.0
189 485.0 670.0
190 4.0 2.0
191 11.0 11.0
192 30.0 27.0
193 2.0 2.0
194 12.0 9.0
195 181.0 154.0
196 73.0 73.0
197 15.0 17.0
198 74.0 74.0
199 809.0 232.0
200 4.0 4.0
201 15.0 15.0
202 311.0 370.0
203 71.0 11.0
204 434.0 227.0
205 110.0 72.0
206 120.0 35.0
207 24.0 14.0
208 90.0 90.0
209 348.0 142.0
210 6.0 6.0
211 50.0 50.0
212 446.0 780.0
213 407.0 53.0
214 9.0 71.0
215 100.0 117.0
216 58.0 20.0
217 64.0 127.0
218 18.0 12.0
219 133.0 129.0
220 78.0 93.0
221 290.0 314.0
222 10.0 0.0
223 27.0 12.0
224 38.0 11.0
225 179.0 139.0
226 54.0 63.0
227 30.0 22.0
228 520.0 520.0
229 8.0 5.0
230 12.0 7.0
231 12.0 3.0
232 3.0 7.0
233 16.0 3.0
234 13.0 7.0
235 30.0 24.0
236 115.0 58.0
237 61.0 10.0
238 23.0 31.0
239 42.0 33.0
240 240.0 183.0
241 4.0 2.0
242 23.0 45.0
243 25.0 32.0
244 18.0 23.0
245 115.0 84.0
246 36.0 8.0
247 165.0 118.0
248 13.0 4.0
249 255.0 250.0
250 3.0 0.0
251 11.0 11.0
252 81.0 122.0
253 46.0 108.0
254 44.0 44.0
255 83.0 72.0
256 37.0 44.0
257 53.0 56.0
258 51.0 28.0
259 33.0 36.0
260 135.0 383.0
261 21.0 9.0
262 16.0 0.0
263 25.0 21.0
264 24.0 6.0
265 25.0 16.0
266 95.0 95.0
267 21.0 14.0
268 236.0 236.0
269 18.0 18.0
270 36.0 36.0
271 22.0 22.0
272 128.0 55.0
273 102.0 59.0
274 5.0 1.0
275 7.0 7.0
276 86.0 88.0
277 69.0 69.0
278 17.0 15.0
279 27.0 34.0
280 118.0 108.0
281 53.0 74.0
282 835.0 602.0
283 17.0 17.0
284 4.0 4.0
285 178.0 178.0
286 14.0 5.0
287 61.0 67.0
288 73.0 122.0
289 49.0 35.0
290 13.0 7.0
291 104.0 104.0
292 577.0 598.0
293 12.0 2.0
294 16.0 16.0
295 9.0 5.0
296 8.0 0.0
297 285.0 594.0
298 112.0 18.0
299 60.0 55.0
300 57.0 42.0
301 234.0 176.0
302 91.0 154.0
303 58.0 44.0
304 68.0 137.0
305 368.0 712.0
306 19.0 19.0
307 29.0 21.0
308 127.0 134.0
309 10.0 10.0
310 45.0 95.0
311 131.0 121.0
312 55.0 55.0
313 143.0 135.0
314 40.0 32.0
315 41.0 43.0
316 198.0 191.0
317 421.0 1120.0
318 160.0 228.0
319 66.0 67.0
320 109.0 110.0
321 52.0 70.0
322 107.0 95.0
323 59.0 88.0
324 388.0 400.0
325 11.0 10.0
326 68.0 67.0
327 7.0 14.0
328 233.0 228.0
329 7.0 9.0
330 96.0 76.0
331 38.0 36.0
332 40.0 2.0
333 15.0 15.0
334 22.0 13.0
335 20.0 19.0
336 50.0 0.0
337 30.0 28.0
338 6.0 11.0
339 116.0 7.0
340 24.0 27.0
341 171.0 121.0
342 251.0 768.0
343 5.0 2.0
344 42.0 52.0
345 2196.0 2196.0
346 123.0 76.0
347 9.0 1.0
348 180.0 14.0
349 11.0 4.0
350 38.0 23.0
351 26.0 25.0
352 98.0 95.0
353 9.0 10.0
354 17.0 11.0
355 26.0 10.0
356 12.0 6.0
357 30.0 17.0
358 85.0 91.0
359 304.0 959.0
360 16.0 20.0
361 67.0 4.0
362 17.0 6.0
363 18.0 0.0
364 434.0 739.0
365 221.0 145.0
366 5.0 0.0
367 15.0 15.0
368 315.0 323.0
369 6.0 14.0
370 41.0 54.0
371 151.0 151.0
372 91.0 44.0
373 27.0 6.0
374 28.0 23.0
375 89.0 89.0
376 50.0 23.0
377 27.0 26.0
378 25.0 10.0
379 946.0 858.0
380 60.0 77.0
381 549.0 137.0
382 39.0 38.0
383 11.0 11.0
384 86.0 38.0
385 31.0 31.0
386 105.0 95.0
387 138.0 33.0
388 40.0 22.0
389 55.0 33.0
390 9.0 12.0
391 20.0 24.0
392 216.0 179.0
393 51.0 17.0
394 43.0 43.0
395 6.0 9.0
396 51.0 54.0
397 52.0 3.0
398 28.0 3.0
399 42.0 41.0
400 13.0 10.0
401 6.0 6.0
402 57.0 57.0
403 46.0 30.0
404 159.0 156.0
405 272.0 161.0
406 18.0 14.0
407 173.0 536.0
408 122.0 114.0
409 154.0 44.0
410 475.0 404.0
411 68.0 60.0
412 10.0 7.0
413 23.0 3.0
414 26.0 25.0
415 21.0 10.0
416 174.0 184.0
417 81.0 33.0
418 5.0 5.0
419 10.0 10.0
420 56.0 59.0
421 50.0 7.0
422 73.0 35.0
423 280.0 305.0
424 16.0 14.0
425 18.0 3.0
426 42.0 44.0
427 5.0 0.0
428 10.0 10.0
429 23.0 23.0
430 3.0 2.0
431 19.0 20.0
432 8.0 7.0
433 436.0 436.0
434 86.0 79.0
435 19.0 7.0
436 8.0 8.0
437 90.0 90.0
438 187.0 177.0
439 10.0 10.0
440 123.0 57.0
441 23.0 19.0
442 360.0 348.0
443 4.0 3.0
444 11.0 5.0
445 16.0 9.0
446 29.0 15.0
447 441.0 434.0
448 67.0 14.0
449 20.0 16.0
450 8.0 8.0
451 17.0 7.0
452 60.0 33.0
453 48.0 40.0
454 472.0 83.0
455 39.0 41.0
456 32.0 29.0
457 199.0 270.0
458 8.0 8.0
459 74.0 74.0
460 448.0 446.0
461 56.0 56.0
462 37.0 10.0
463 48.0 66.0
464 44.0 21.0
465 10.0 9.0
466 47.0 17.0
467 5.0 6.0
468 27.0 28.0
469 50.0 21.0
470 29.0 26.0
471 46.0 34.0
472 8.0 0.0
473 43.0 33.0
474 55.0 55.0
475 3.0 4.0
476 585.0 289.0
477 54.0 81.0
478 7.0 1.0
479 672.0 109.0
480 14.0 7.0
481 8.0 8.0
482 19.0 8.0
483 271.0 271.0
484 10.0 16.0
485 1.0 0.0
486 156.0 156.0
487 2.0 2.0
488 116.0 94.0
489 1.0 1.0
490 19.0 32.0
491 116.0 163.0
492 93.0 27.0
493 30.0 16.0
494 72.0 119.0
495 49.0 49.0
496 117.0 26.0
497 24.0 11.0
498 62.0 2.0
499 9.0 9.0
500 15.0 17.0
501 165.0 16.0
502 185.0 18.0
503 135.0 84.0
504 4.0 1.0
505 8.0 7.0
506 18.0 43.0
507 40.0 8.0
508 72.0 26.0
509 537.0 268.0
510 23.0 53.0
511 35.0 25.0
512 36.0 51.0
513 59.0 51.0
514 5.0 5.0
515 37.0 9.0
516 129.0 3.0
517 8.0 8.0
518 64.0 91.0
519 38.0 39.0
520 284.0 689.0
521 308.0 279.0
522 84.0 0.0
523 233.0 396.0
524 87.0 87.0
525 81.0 30.0
526 44.0 55.0
527 85.0 194.0
528 47.0 43.0
529 116.0 56.0
530 31.0 56.0
531 238.0 286.0
532 15.0 30.0
533 48.0 5.0
534 61.0 34.0
535 45.0 39.0
536 32.0 32.0
537 10.0 1.0
538 44.0 26.0
539 76.0 55.0
540 53.0 13.0
541 28.0 17.0
542 42.0 9.0
543 18.0 2.0
544 143.0 257.0
545 165.0 17.0
546 24.0 22.0
547 52.0 52.0
548 44.0 38.0
549 14.0 11.0
550 3.0 2.0
551 10.0 0.0
552 1162.0 307.0
553 10.0 15.0
554 45.0 55.0
555 11.0 0.0
556 1.0 1.0
557 96.0 91.0
558 4.0 6.0
559 16.0 16.0
560 361.0 663.0
561 236.0 198.0
562 411.0 396.0
563 78.0 45.0
564 31.0 15.0
565 10.0 24.0
566 15.0 15.0
567 69.0 38.0
568 51.0 62.0
569 14.0 47.0
570 34.0 18.0
571 6.0 2.0
572 69.0 399.0
573 77.0 207.0
574 106.0 96.0
575 79.0 68.0
576 133.0 97.0
577 32.0 29.0
578 77.0 61.0
579 50.0 723.0
580 1.0 0.0
581 141.0 141.0
582 44.0 8.0
583 12.0 0.0
584 28.0 28.0
585 241.0 353.0
586 3.0 3.0
587 43.0 30.0
588 32.0 38.0
589 343.0 282.0
590 67.0 38.0
591 25.0 11.0
592 33.0 10.0
593 22.0 22.0
594 21.0 21.0
595 68.0 37.0
596 145.0 227.0
597 57.0 48.0
598 12.0 11.0
599 276.0 156.0
600 144.0 82.0
601 642.0 614.0
602 84.0 51.0
603 18.0 9.0
604 197.0 197.0
605 704.0 447.0
606 10.0 6.0
607 16.0 15.0
608 14.0 0.0
609 460.0 73.0
610 60.0 60.0
611 66.0 88.0
612 32.0 23.0
613 55.0 60.0
614 40.0 64.0
615 405.0 145.0
616 158.0 274.0
617 17.0 22.0
618 14.0 15.0
619 8.0 4.0
620 47.0 47.0
621 126.0 155.0
622 80.0 86.0
623 22.0 16.0
624 90.0 26.0
625 11.0 11.0
626 47.0 33.0
627 17.0 2.0
628 93.0 10.0
629 24.0 24.0
630 119.0 118.0
631 47.0 34.0
632 105.0 24.0
633 39.0 7.0
634 4.0 4.0
635 1.0 1.0
636 19.0 25.0
637 285.0 312.0
638 114.0 87.0
639 155.0 155.0
640 28.0 10.0
641 51.0 29.0
642 83.0 116.0
643 178.0 158.0
644 148.0 120.0
645 3.0 2.0
646 35.0 5.0
647 32.0 33.0
648 34.0 36.0
649 168.0 381.0
650 7.0 6.0
651 7.0 5.0
652 227.0 227.0
653 76.0 65.0
654 57.0 60.0
655 15.0 15.0
656 674.0 491.0
657 34.0 34.0
658 35.0 66.0
659 4.0 4.0
660 6.0 5.0
661 2.0 6.0
662 33.0 32.0
663 23.0 18.0
664 14.0 9.0
665 22.0 19.0
666 48.0 3.0
667 163.0 163.0
668 93.0 93.0
669 189.0 139.0
670 34.0 13.0
671 19.0 3.0
672 9.0 10.0
673 83.0 209.0
674 47.0 6.0
675 439.0 770.0
676 18.0 18.0
677 10.0 11.0
678 129.0 34.0
679 34.0 40.0
680 177.0 107.0
681 32.0 29.0
682 26.0 8.0
683 2.0 0.0
684 86.0 86.0
685 67.0 156.0
686 53.0 48.0
687 2.0 1.0
688 8.0 8.0
689 324.0 270.0
690 395.0 278.0
691 93.0 43.0
692 42.0 8.0
693 253.0 286.0
694 33.0 97.0
695 5.0 0.0
696 128.0 14.0
697 232.0 223.0
698 427.0 866.0
699 37.0 37.0
700 55.0 55.0
701 44.0 41.0
702 127.0 111.0
703 44.0 8.0
704 40.0 37.0
705 175.0 99.0
706 30.0 7.0
707 10.0 10.0
708 66.0 72.0
709 32.0 38.0
710 23.0 36.0
711 98.0 92.0
712 4.0 6.0
713 2.0 2.0
714 94.0 32.0
715 15.0 4.0
716 203.0 155.0
717 139.0 134.0
718 374.0 279.0
719 21.0 3.0
720 52.0 47.0
721 35.0 31.0
722 131.0 139.0
723 78.0 71.0
724 210.0 340.0
725 78.0 96.0
726 25.0 8.0
727 96.0 81.0
728 26.0 17.0
729 245.0 374.0
730 35.0 35.0
731 29.0 4.0
732 404.0 48.0
733 752.0 752.0
734 255.0 38.0
735 198.0 154.0
736 63.0 58.0
737 320.0 740.0
738 75.0 46.0
739 106.0 100.0
740 10.0 10.0
741 248.0 57.0
742 9.0 12.0
743 393.0 389.0
744 13.0 53.0
745 41.0 10.0
746 122.0 122.0
747 91.0 80.0
748 346.0 272.0
749 9.0 9.0
750 193.0 180.0
751 23.0 5.0
752 257.0 20.0
753 191.0 146.0
754 6.0 0.0
755 143.0 142.0
756 273.0 148.0
757 93.0 142.0
758 111.0 30.0
759 206.0 138.0
760 48.0 8.0
761 1964.0 1964.0
762 62.0 60.0
763 50.0 144.0
764 91.0 8.0
765 23.0 27.0
766 61.0 61.0
767 14.0 17.0
768 2.0 2.0
769 5.0 5.0
770 87.0 86.0
771 66.0 3.0
772 41.0 4.0
773 7.0 9.0
774 29.0 29.0
775 78.0 37.0
776 29.0 29.0
777 1.0 1.0
778 209.0 241.0
779 121.0 174.0
780 236.0 64.0
781 179.0 91.0
782 30.0 59.0
783 58.0 48.0
784 7.0 18.0
785 60.0 46.0
786 72.0 70.0
787 9.0 5.0
788 135.0 133.0
789 26.0 76.0
790 37.0 24.0
791 406.0 733.0
792 287.0 520.0
793 80.0 70.0
794 309.0 272.0
795 52.0 100.0
796 4.0 1.0
797 35.0 30.0
798 27.0 33.0
799 77.0 66.0
800 190.0 190.0
801 27.0 13.0
802 23.0 26.0
803 59.0 68.0
804 6.0 7.0
805 612.0 427.0
806 120.0 116.0
807 76.0 60.0
808 136.0 115.0
809 10.0 10.0
810 14.0 24.0
811 206.0 53.0
812 312.0 309.0
813 107.0 142.0
814 177.0 182.0
815 24.0 29.0
816 216.0 348.0
817 109.0 76.0
818 2.0 2.0
819 381.0 1104.0
820 24.0 30.0
821 7.0 7.0
822 302.0 108.0
823 141.0 141.0
824 9.0 3.0
825 98.0 93.0
826 198.0 591.0
827 35.0 13.0
828 242.0 242.0
829 20.0 12.0
830 391.0 401.0
831 1739.0 2416.0
832 12.0 4.0
833 336.0 727.0
834 27.0 27.0
835 36.0 35.0
836 63.0 48.0
837 240.0 66.0
838 28.0 29.0
839 26.0 25.0
840 206.0 410.0
841 373.0 1093.0
842 109.0 39.0
843 39.0 15.0
844 19.0 51.0
845 23.0 23.0
846 30.0 45.0
847 31.0 21.0
848 34.0 33.0
849 50.0 53.0
850 54.0 53.0
851 106.0 111.0
852 67.0 91.0
853 210.0 262.0
854 97.0 82.0
855 19.0 4.0
856 26.0 58.0
857 39.0 39.0
858 74.0 116.0
859 48.0 36.0
860 190.0 147.0
861 8.0 0.0
862 11.0 11.0
863 90.0 104.0
864 47.0 27.0
865 9.0 9.0
866 101.0 211.0
867 16.0 15.0
868 1087.0 86.0
869 36.0 14.0
870 8.0 8.0
871 20.0 8.0
872 82.0 81.0
873 615.0 768.0
874 42.0 42.0
875 8.0 10.0
876 66.0 21.0
877 1339.0 1339.0
878 181.0 300.0
879 177.0 126.0
880 210.0 13.0
881 653.0 766.0
882 158.0 31.0
883 20.0 10.0
884 35.0 43.0
885 31.0 27.0
886 35.0 35.0
887 256.0 148.0
888 139.0 332.0
889 9.0 9.0
890 70.0 73.0
891 7.0 7.0
892 153.0 418.0
893 18.0 0.0
894 14.0 7.0
895 159.0 164.0
896 36.0 52.0
897 11.0 8.0
898 11.0 1.0
899 55.0 241.0
900 18.0 17.0
901 96.0 94.0
902 709.0 587.0
903 10.0 6.0
904 7.0 3.0
905 26.0 15.0
906 51.0 76.0
907 32.0 149.0
908 47.0 18.0
909 664.0 390.0
910 64.0 53.0
911 29.0 29.0
912 178.0 108.0
913 7.0 26.0
914 9.0 8.0
915 149.0 149.0
916 51.0 51.0
917 17.0 2.0
918 15.0 14.0
919 141.0 203.0
920 78.0 84.0
921 62.0 109.0
922 7.0 7.0
923 190.0 198.0
924 280.0 208.0
925 14.0 11.0
926 69.0 57.0
927 6.0 6.0
928 116.0 115.0
929 46.0 1.0
930 46.0 32.0
931 526.0 49.0
932 114.0 73.0
933 91.0 62.0
934 195.0 62.0
935 41.0 2.0
936 23.0 28.0
937 43.0 43.0
938 111.0 105.0
939 8.0 0.0
940 120.0 53.0
941 63.0 60.0
942 54.0 27.0
943 175.0 175.0
944 40.0 20.0
945 14.0 14.0
946 76.0 43.0
947 61.0 64.0
948 341.0 341.0
949 5.0 5.0
950 676.0 269.0
951 20.0 28.0
952 45.0 180.0
953 38.0 68.0
954 12.0 12.0
955 42.0 79.0
956 33.0 121.0
957 842.0 755.0
958 282.0 212.0
959 56.0 48.0
960 18.0 18.0
961 12.0 12.0
962 14.0 5.0
963 304.0 17.0
964 20.0 16.0
965 42.0 40.0
966 91.0 78.0
967 279.0 453.0
968 12.0 12.0
969 11.0 9.0
970 31.0 16.0
971 34.0 34.0
972 46.0 28.0
973 207.0 204.0
974 85.0 381.0
975 94.0 81.0
976 8.0 4.0
977 68.0 69.0
978 16.0 9.0
979 89.0 89.0
980 209.0 187.0
981 17.0 14.0
982 201.0 437.0
983 19.0 18.0
984 203.0 35.0
985 12.0 12.0
986 12.0 3.0
987 86.0 134.0
988 347.0 581.0
989 58.0 72.0
990 24.0 4.0
991 12.0 10.0
992 5.0 1.0
993 25.0 26.0
994 72.0 39.0
995 2.0 3.0
996 23.0 16.0
997 44.0 40.0
998 33.0 4.0
999 83.0 33.0
1000 55.0 56.0
1001 11.0 12.0
1002 9.0 5.0
1003 13.0 2.0
1004 42.0 24.0
1005 11.0 7.0
1006 18.0 15.0
1007 241.0 241.0
1008 15.0 20.0
1009 30.0 17.0
1010 408.0 384.0
1011 337.0 337.0
1012 44.0 20.0
1013 33.0 7.0
1014 64.0 21.0
1015 43.0 41.0
1016 50.0 11.0
1017 738.0 261.0
1018 780.0 609.0
1019 26.0 33.0
1020 182.0 7.0
1021 61.0 191.0
1022 12.0 11.0
1023 11.0 4.0
1024 144.0 568.0
1025 80.0 80.0
1026 123.0 116.0
1027 111.0 235.0
1028 22.0 7.0
1029 581.0 581.0
1030 197.0 196.0
1031 22.0 22.0
1032 22.0 22.0
1033 234.0 539.0
1034 253.0 8.0
1035 48.0 32.0
1036 95.0 103.0
1037 1.0 0.0
1038 261.0 390.0
1039 12.0 12.0
1040 12.0 16.0
1041 4494.0 3676.0
1042 30.0 5.0
1043 401.0 138.0
1044 225.0 162.0
1045 5.0 5.0
1046 276.0 241.0
1047 45.0 42.0
1048 25.0 28.0
1049 10.0 20.0
1050 23.0 24.0
1051 32.0 120.0
1052 67.0 52.0
1053 126.0 236.0
1054 22.0 5.0
1055 66.0 118.0
1056 55.0 26.0
1057 8.0 8.0
1058 72.0 19.0
1059 71.0 151.0
1060 13.0 3.0
1061 27.0 19.0
1062 18.0 18.0
1063 6.0 1.0
1064 69.0 59.0
1065 188.0 85.0
1066 1.0 1.0
1067 47.0 95.0
1068 5.0 3.0
1069 817.0 941.0
1070 13.0 15.0
1071 60.0 56.0
1072 8.0 13.0
1073 38.0 1.0
1074 155.0 155.0
1075 174.0 174.0
1076 76.0 34.0
1077 77.0 70.0
1078 42.0 42.0
1079 102.0 130.0
1080 1.0 1.0
1081 8.0 8.0
1082 9.0 9.0
1083 248.0 117.0
1084 75.0 27.0
1085 79.0 40.0
1086 70.0 60.0
1087 16.0 32.0
1088 405.0 2625.0
1089 102.0 28.0
1090 54.0 31.0
1091 72.0 0.0
1092 61.0 80.0
1093 136.0 42.0
1094 20.0 19.0
1095 26.0 5.0
1096 46.0 44.0
1097 74.0 133.0
1098 157.0 268.0
1099 34.0 34.0
1100 85.0 97.0
1101 2.0 4.0
1102 77.0 79.0
1103 12.0 26.0
1104 34.0 7.0
1105 58.0 57.0
1106 195.0 195.0
1107 107.0 43.0
1108 76.0 85.0
1109 77.0 110.0
1110 9.0 36.0
1111 358.0 568.0
1112 20.0 20.0
1113 10.0 1.0
1114 34.0 34.0
1115 26.0 20.0
1116 241.0 382.0
1117 14.0 5.0
1118 7.0 7.0
1119 11.0 3.0
1120 21.0 5.0
1121 112.0 150.0
1122 53.0 50.0
1123 173.0 145.0
1124 54.0 69.0
1125 22.0 32.0
1126 160.0 173.0
1127 4.0 6.0
1128 18.0 11.0
1129 81.0 73.0
1130 39.0 42.0
1131 305.0 160.0
1132 100.0 46.0
1133 297.0 598.0
1134 649.0 314.0
1135 211.0 167.0
1136 91.0 81.0
1137 52.0 6.0
1138 20.0 17.0
1139 634.0 341.0
1140 12.0 11.0
1141 11.0 5.0
1142 45.0 33.0
1143 27.0 12.0
1144 70.0 51.0
1145 129.0 89.0
1146 144.0 85.0
1147 27.0 6.0
1148 40.0 25.0
1149 184.0 125.0
1150 16.0 19.0
1151 12.0 4.0
1152 138.0 12.0
1153 24.0 24.0
1154 18.0 4.0
1155 95.0 91.0
1156 1236.0 4435.0
1157 17.0 19.0
1158 120.0 145.0
1159 927.0 1009.0
1160 101.0 64.0
1161 28.0 29.0
1162 10.0 2.0
1163 54.0 54.0
1164 52.0 8.0
1165 219.0 221.0
1166 22.0 21.0
1167 176.0 184.0
1168 155.0 44.0
1169 223.0 244.0
1170 7.0 6.0
1171 70.0 165.0
1172 173.0 38.0
1173 115.0 111.0
1174 31.0 22.0
1175 53.0 20.0
1176 19.0 0.0
1177 144.0 404.0
1178 129.0 105.0
1179 48.0 35.0
1180 79.0 164.0
1181 193.0 193.0
1182 150.0 150.0
1183 11.0 11.0
1184 17.0 0.0
1185 83.0 48.0
1186 117.0 103.0
1187 212.0 161.0
1188 253.0 158.0
1189 268.0 493.0
1190 6.0 4.0
1191 87.0 31.0
1192 23.0 9.0
1193 25.0 30.0
1194 8.0 8.0
1195 336.0 64.0
1196 7.0 7.0
1197 68.0 44.0
1198 4.0 0.0
1199 115.0 82.0
1200 30.0 26.0
1201 8.0 8.0
1202 86.0 51.0
1203 6.0 6.0
1204 84.0 106.0
1205 24.0 22.0
1206 86.0 13.0
1207 8.0 1.0
1208 27.0 40.0
1209 34.0 34.0
1210 143.0 290.0
1211 75.0 77.0
1212 26.0 7.0
1213 51.0 48.0
1214 4.0 4.0
1215 68.0 23.0
1216 5.0 0.0
1217 10.0 10.0
1218 12.0 17.0
1219 28.0 30.0
1220 111.0 30.0
1221 152.0 642.0
1222 422.0 566.0
1223 42.0 67.0
1224 20.0 65.0
1225 194.0 158.0
1226 35.0 26.0
1227 66.0 168.0
1228 19.0 19.0
1229 174.0 189.0
1230 12.0 3.0
1231 100.0 100.0
1232 31.0 27.0
1233 10.0 8.0
1234 15.0 10.0
1235 26.0 39.0
1236 36.0 119.0
1237 8.0 8.0
1238 42.0 25.0
1239 56.0 55.0
1240 146.0 305.0
1241 89.0 17.0
1242 7.0 6.0
1243 110.0 185.0
1244 18.0 15.0
1245 162.0 162.0
1246 23.0 18.0
1247 193.0 193.0
1248 53.0 108.0
1249 9.0 15.0
1250 22.0 8.0
1251 946.0 1377.0
1252 122.0 150.0
1253 49.0 5.0
1254 238.0 38.0
1255 71.0 123.0
1256 153.0 110.0
1257 4.0 4.0
1258 2.0 2.0
1259 28.0 27.0
1260 716.0 301.0
1261 155.0 75.0
1262 17.0 8.0
1263 15.0 15.0
1264 23.0 30.0
1265 194.0 194.0
1266 26.0 46.0
1267 9.0 9.0
1268 11.0 0.0
1269 249.0 35.0
1270 26.0 0.0
1271 142.0 165.0
1272 55.0 76.0
1273 15.0 46.0
1274 180.0 479.0
1275 198.0 33.0
1276 151.0 790.0
1277 1.0 0.0
1278 5.0 0.0
1279 384.0 322.0
1280 48.0 48.0
1281 149.0 33.0
1282 81.0 76.0
1283 77.0 77.0
1284 15.0 15.0
1285 54.0 25.0
1286 41.0 21.0
1287 13.0 40.0
1288 96.0 181.0
1289 180.0 187.0
1290 3568.0 819.0
1291 11.0 8.0
1292 80.0 91.0
1293 41.0 1.0
1294 1.0 1.0
1295 17.0 17.0
1296 80.0 99.0
1297 47.0 61.0
1298 86.0 342.0
1299 30.0 46.0
1300 157.0 154.0
1301 101.0 101.0
1302 80.0 75.0
1303 4.0 0.0
1304 102.0 60.0
1305 694.0 769.0
1306 6.0 24.0
1307 59.0 58.0
1308 22.0 2.0
1309 17.0 8.0
1310 49.0 8.0
1311 97.0 58.0
1312 20.0 2.0
1313 13.0 9.0
1314 34.0 12.0
1315 361.0 771.0
1316 5.0 4.0
1317 22.0 10.0
1318 81.0 33.0
1319 175.0 266.0
1320 62.0 38.0
1321 406.0 288.0
1322 88.0 1358.0
1323 99.0 38.0
1324 58.0 18.0
1325 26.0 22.0
1326 21.0 20.0
1327 13.0 0.0
1328 636.0 636.0
1329 48.0 17.0
1330 24.0 1.0
1331 131.0 198.0
1332 32.0 23.0
1333 173.0 146.0
1334 70.0 70.0
1335 1104.0 892.0
1336 13.0 26.0
1337 159.0 159.0
1338 70.0 11.0
1339 6.0 1.0
1340 279.0 335.0
1341 123.0 123.0
1342 114.0 137.0
1343 21.0 24.0
1344 199.0 183.0
1345 14.0 1.0
1346 57.0 72.0
1347 2.0 2.0
1348 17.0 12.0
1349 107.0 96.0
1350 188.0 208.0
1351 94.0 86.0
1352 98.0 91.0
1353 96.0 89.0
1354 62.0 62.0
1355 92.0 91.0
1356 68.0 63.0
1357 606.0 446.0
1358 12.0 1.0
1359 209.0 235.0
1360 139.0 139.0
1361 63.0 272.0
1362 18.0 36.0
1363 119.0 109.0
1364 86.0 111.0
1365 52.0 24.0
1366 197.0 325.0
1367 106.0 83.0
1368 16.0 29.0
1369 114.0 114.0
1370 286.0 264.0
1371 22.0 18.0
1372 40.0 29.0
1373 48.0 2.0
1374 54.0 26.0
1375 55.0 96.0
1376 151.0 9.0
1377 8.0 8.0
1378 64.0 58.0
1379 27.0 73.0
1380 13.0 12.0
1381 15.0 3.0
1382 47.0 47.0
1383 20.0 43.0
1384 29.0 60.0
1385 656.0 870.0
1386 108.0 103.0
1387 197.0 263.0
1388 803.0 441.0
1389 44.0 165.0
1390 75.0 9.0
1391 24.0 22.0
1392 393.0 617.0
1393 202.0 202.0
1394 52.0 79.0
1395 430.0 419.0
1396 163.0 38.0
1397 31.0 31.0
1398 80.0 32.0
1399 2.0 2.0
1400 21.0 21.0
1401 862.0 441.0
1402 2.0 1.0
1403 40.0 46.0
1404 79.0 2.0
1405 29.0 29.0
1406 35.0 40.0
1407 82.0 29.0
1408 21.0 18.0
1409 18.0 27.0
1410 77.0 77.0
1411 104.0 82.0
1412 118.0 45.0
1413 26.0 20.0
1414 18.0 15.0
1415 76.0 69.0
1416 79.0 104.0
1417 47.0 19.0
1418 87.0 82.0
1419 287.0 230.0
1420 41.0 24.0
1421 86.0 89.0
1422 61.0 42.0
1423 254.0 52.0
1424 55.0 89.0
1425 10.0 10.0
1426 223.0 327.0
1427 324.0 430.0
1428 26.0 5.0
1429 9.0 15.0
1430 27.0 43.0
1431 8.0 8.0
1432 105.0 105.0
1433 9.0 2.0
1434 27.0 27.0
1435 12.0 5.0
1436 16.0 79.0
1437 372.0 372.0
1438 8.0 0.0
1439 43.0 30.0
1440 54.0 15.0
1441 76.0 73.0
1442 140.0 155.0
1443 107.0 1.0
1444 41.0 22.0
1445 198.0 198.0
1446 14.0 14.0
1447 2.0 3.0
1448 16.0 16.0
1449 27.0 29.0
1450 4.0 0.0
1451 14.0 12.0
1452 8.0 3.0
1453 87.0 4.0
1454 294.0 432.0
1455 96.0 15.0
1456 9.0 11.0
1457 6.0 6.0
1458 51.0 36.0
1459 101.0 88.0
1460 80.0 122.0
1461 189.0 183.0
1462 225.0 56.0
1463 117.0 154.0
1464 56.0 58.0
1465 35.0 46.0
1466 119.0 120.0
1467 431.0 443.0
1468 19.0 16.0
1469 123.0 44.0
1470 110.0 98.0
1471 373.0 455.0
1472 70.0 150.0
1473 145.0 180.0
1474 125.0 344.0
1475 221.0 236.0
1476 54.0 43.0
1477 51.0 6.0
1478 242.0 238.0
1479 38.0 34.0
1480 27.0 0.0
1481 275.0 92.0
1482 1.0 1.0
1483 981.0 586.0
1484 2.0 2.0
1485 9.0 2.0
1486 48.0 29.0
1487 45.0 51.0
1488 37.0 34.0
1489 30.0 30.0
1490 263.0 400.0
1491 27.0 10.0
1492 87.0 7.0
1493 68.0 65.0
1494 231.0 66.0
1495 84.0 73.0
1496 17.0 1.0
1497 45.0 27.0
1498 8.0 6.0
1499 80.0 91.0
1500 21.0 11.0
1501 142.0 22.0
1502 21.0 82.0
1503 7.0 8.0
1504 129.0 40.0
1505 65.0 319.0
1506 146.0 40.0
1507 42.0 41.0
1508 34.0 34.0
1509 17.0 26.0
1510 1473.0 1323.0
1511 28.0 20.0
1512 112.0 94.0
1513 24.0 2.0
1514 319.0 509.0
1515 238.0 232.0
1516 58.0 10.0
1517 59.0 80.0
1518 8.0 7.0
1519 37.0 32.0
1520 51.0 56.0
1521 98.0 45.0
1522 33.0 31.0
1523 138.0 98.0
1524 294.0 170.0
1525 29.0 27.0
1526 283.0 284.0
1527 3.0 2.0
1528 13.0 9.0
1529 32.0 32.0
1530 4.0 4.0
1531 391.0 447.0
1532 56.0 19.0
1533 103.0 70.0
1534 10.0 10.0
1535 174.0 193.0
1536 85.0 41.0
1537 33.0 1.0
1538 43.0 48.0
1539 50.0 109.0
1540 194.0 176.0
1541 16.0 14.0
1542 14.0 5.0
1543 372.0 525.0
1544 7.0 11.0
1545 261.0 488.0
1546 69.0 69.0
1547 28.0 28.0
1548 97.0 154.0
1549 117.0 199.0
1550 114.0 87.0
1551 18.0 57.0
1552 63.0 70.0
1553 30.0 25.0
1554 111.0 96.0
1555 23.0 61.0
1556 4.0 4.0
1557 481.0 441.0
1558 8.0 2.0
1559 272.0 243.0
1560 1.0 6.0
1561 111.0 169.0
1562 295.0 738.0
1563 10.0 8.0
1564 27.0 9.0
1565 15.0 41.0
1566 30.0 29.0
1567 213.0 316.0
1568 29.0 84.0
1569 6.0 6.0
1570 96.0 119.0
1571 642.0 598.0
1572 17.0 45.0
1573 70.0 79.0
1574 49.0 35.0
1575 138.0 100.0
1576 170.0 155.0
1577 563.0 398.0
1578 34.0 22.0
1579 27.0 3.0
1580 85.0 86.0
1581 10.0 4.0
1582 166.0 95.0
1583 9.0 8.0
1584 265.0 42.0
1585 4.0 3.0
1586 126.0 126.0
1587 204.0 274.0
1588 46.0 59.0
1589 29.0 3.0
1590 19.0 19.0
1591 31.0 29.0
1592 120.0 120.0
1593 33.0 29.0
1594 176.0 286.0
1595 4.0 7.0
1596 38.0 19.0
1597 73.0 268.0
1598 36.0 43.0
1599 60.0 152.0
1600 261.0 316.0
1601 5.0 5.0
1602 11.0 9.0
1603 51.0 13.0
1604 7.0 11.0
1605 93.0 185.0
1606 143.0 115.0
1607 10.0 7.0
1608 64.0 59.0
1609 39.0 25.0
1610 21.0 21.0
1611 85.0 33.0
1612 677.0 519.0
1613 131.0 130.0
1614 14.0 14.0
1615 36.0 17.0
1616 80.0 82.0
1617 9.0 18.0
1618 275.0 242.0
1619 61.0 35.0
1620 141.0 87.0
1621 84.0 215.0
1622 13.0 6.0
1623 204.0 191.0
1624 6.0 5.0
1625 163.0 234.0
1626 56.0 108.0
1627 21.0 8.0
1628 46.0 48.0
1629 4.0 4.0
1630 19.0 5.0
1631 101.0 101.0
1632 682.0 383.0
1633 245.0 529.0
1634 24.0 10.0
1635 26.0 12.0
1636 13.0 4.0
1637 55.0 53.0
1638 12.0 0.0
1639 1.0 1.0
1640 764.0 243.0
1641 13.0 6.0
1642 16.0 3.0
1643 133.0 133.0
1644 76.0 96.0
1645 43.0 16.0
1646 4.0 3.0
1647 53.0 62.0
1648 73.0 63.0
1649 43.0 103.0
1650 105.0 166.0
1651 19.0 2.0
1652 11.0 38.0
1653 41.0 8.0
1654 36.0 112.0
1655 18.0 18.0
1656 103.0 58.0
1657 114.0 121.0
1658 35.0 35.0
1659 40.0 40.0
1660 62.0 28.0
1661 59.0 53.0
1662 12.0 28.0
1663 193.0 121.0
1664 38.0 4.0
1665 84.0 45.0
1666 9.0 0.0
1667 21.0 17.0
1668 21.0 38.0
1669 210.0 239.0
1670 38.0 30.0
1671 10.0 14.0
1672 30.0 30.0
1673 57.0 24.0
1674 6.0 4.0
1675 24.0 26.0
1676 151.0 200.0
1677 85.0 84.0
1678 23.0 12.0
1679 40.0 2.0
1680 47.0 72.0
1681 37.0 69.0
1682 66.0 63.0
1683 43.0 34.0
1684 25.0 28.0
1685 137.0 105.0
1686 48.0 1.0
1687 30.0 29.0
1688 8.0 7.0
1689 10.0 8.0
1690 33.0 33.0
1691 91.0 91.0
