ktestSM MFI_KLEE_TOPDIR_TEST_TEMPLATE.sh-out/klee-out-0/test000001.ktest MFI_KLEE_TOPDIR_TEST_TEMPLATE.sh-out/klee-out-0/test000014.ktest MFI_KLEE_TOPDIR_TEST_TEMPLATE.sh-out/klee-out-0/test000006.ktest MFI_KLEE_TOPDIR_TEST_TEMPLATE.sh-out/klee-out-0/test000015.ktest MFI_KLEE_TOPDIR_TEST_TEMPLATE.sh-out/klee-out-0/test000002.ktest MFI_KLEE_TOPDIR_TEST_TEMPLATE.sh-out/klee-out-0/test000007.ktest MFI_KLEE_TOPDIR_TEST_TEMPLATE.sh-out/klee-out-0/test000009.ktest MFI_KLEE_TOPDIR_TEST_TEMPLATE.sh-out/klee-out-0/test000011.ktest MFI_KLEE_TOPDIR_TEST_TEMPLATE.sh-out/klee-out-0/test000013.ktest MFI_KLEE_TOPDIR_TEST_TEMPLATE.sh-out/klee-out-0/test000016.ktest MFI_KLEE_TOPDIR_TEST_TEMPLATE.sh-out/klee-out-0/test000003.ktest MFI_KLEE_TOPDIR_TEST_TEMPLATE.sh-out/klee-out-0/test000005.ktest MFI_KLEE_TOPDIR_TEST_TEMPLATE.sh-out/klee-out-0/test000004.ktest MFI_KLEE_TOPDIR_TEST_TEMPLATE.sh-out/klee-out-0/test000012.ktest MFI_KLEE_TOPDIR_TEST_TEMPLATE.sh-out/klee-out-0/test000008.ktest MFI_KLEE_TOPDIR_TEST_TEMPLATE.sh-out/klee-out-0/test000010.ktest heldout-input-pos2-out/Dev-out-0/devtest.ktest heldout-input-pos3-out/Dev-out-0/devtest.ktest heldout-input-pos4-out/Dev-out-0/devtest.ktest heldout-input-pos5-out/Dev-out-0/devtest.ktest input-neg1-out/Dev-out-0/devtest.ktest input-pos1-out/Dev-out-0/devtest.ktest input-pos2-out/Dev-out-0/devtest.ktest input-pos3-out/Dev-out-0/devtest.ktest input-pos4-out/Dev-out-0/devtest.ktest
program/34 1 1 1 0 1 1 0 1 0 0 1 1 0 1 1 1 0 1 1 0 0 0 0 0 0
program/35 1 1 1 1 1 1 1 1 1 1 1 1 0 1 1 1 0 1 1 1 1 1 0 0 0
program/36 0 0 0 1 0 0 1 0 0 1 0 0 1 0 0 0 1 0 0 0 0 0 0 0 0
program/37 1 1 1 0 1 0 0 1 0 0 1 1 1 1 1 1 1 1 0 0 0 0 0 0 0
program/30 1 1 1 1 1 1 1 1 1 1 1 1 0 1 1 1 0 1 1 1 1 1 0 0 0
program/31 0 0 0 1 0 1 1 1 1 1 0 0 0 1 0 0 0 1 1 1 1 1 0 0 0
program/32 1 1 1 1 1 1 1 1 1 1 1 1 0 1 1 1 0 1 1 1 1 1 0 0 0
program/33 0 0 0 1 0 0 1 0 1 1 0 0 0 0 0 0 0 0 0 1 1 1 0 0 0
program/287 0 0 0 1 0 0 1 0 1 1 0 0 0 0 0 0 0 0 0 1 1 1 0 0 0
program/38 1 1 1 1 1 1 1 1 1 1 1 1 1 1 0 0 1 1 1 1 1 0 0 0 0
program/39 1 1 1 1 1 1 1 1 1 1 1 1 1 0 1 1 1 0 1 1 1 1 0 0 0
program/161 0 0 0 1 0 0 1 1 1 1 0 0 0 1 0 0 0 1 0 1 1 1 0 0 0
program/160 0 0 0 1 0 0 1 1 1 1 0 0 0 1 0 0 0 1 0 1 1 1 0 0 0
program/291 0 0 0 1 0 0 1 0 1 1 0 0 0 0 0 0 0 0 0 1 1 1 0 0 0
program/290 0 0 0 1 0 0 1 0 1 1 0 0 0 0 0 0 0 0 0 1 1 1 0 0 0
program/165 0 0 0 1 0 0 1 1 1 1 0 0 0 0 0 0 0 0 0 1 1 1 0 0 0
program/164 0 0 0 1 0 0 1 1 1 1 0 0 0 0 0 0 0 0 0 1 1 1 0 0 0
program/167 0 0 0 1 0 0 1 1 1 1 0 0 0 1 0 0 0 1 0 1 1 1 0 0 0
program/166 0 0 0 1 0 0 1 1 1 1 0 0 0 1 0 0 0 1 0 1 1 1 0 0 0
program/169 0 0 0 1 0 0 1 1 1 1 0 0 0 1 0 0 0 1 0 1 1 1 0 0 0
program/168 0 0 0 1 0 0 1 1 1 1 0 0 0 1 0 0 0 1 0 1 1 1 0 0 0
program/264 0 0 0 1 0 0 1 0 1 1 0 0 0 0 0 0 0 0 0 1 1 1 0 0 0
program/219 1 1 1 1 1 0 1 1 1 1 1 1 0 1 1 1 0 1 0 1 1 1 0 0 0
program/218 1 1 1 1 1 0 1 1 1 1 1 1 0 1 1 1 0 1 0 1 1 1 0 0 0
program/211 1 1 1 1 1 0 1 1 1 1 1 0 0 0 0 0 0 0 0 1 1 1 0 0 0
program/210 1 1 1 1 1 0 1 1 1 1 1 0 0 0 0 0 0 0 0 1 1 1 0 0 0
program/217 1 1 1 1 1 0 1 1 1 1 1 1 0 1 1 1 0 1 0 1 1 1 0 0 0
program/189 0 0 0 1 0 0 1 1 1 1 0 0 0 1 0 0 0 1 0 1 1 1 0 0 0
program/215 1 1 1 1 1 0 1 1 1 1 1 1 0 1 1 1 0 1 0 1 1 1 0 0 0
program/188 0 0 0 1 0 0 1 1 1 1 0 0 0 1 0 0 0 1 0 1 1 1 0 0 0
program/239 0 0 0 1 0 0 1 1 1 1 0 0 0 1 0 0 0 1 0 1 1 1 0 0 0
program/265 0 0 0 1 0 0 1 0 1 1 0 0 0 0 0 0 0 0 0 1 1 1 0 0 0
program/152 1 1 1 1 1 0 1 1 1 1 1 1 0 1 1 1 0 1 0 1 1 1 0 0 0
program/236 1 1 1 1 1 0 1 1 1 1 1 0 0 1 0 0 0 1 0 1 1 1 0 0 0
program/176 0 0 0 1 0 0 1 1 1 1 0 0 0 1 0 0 0 1 0 1 1 1 0 0 0
program/177 0 0 0 1 0 0 1 1 1 1 0 0 0 0 0 0 0 0 0 1 1 1 0 0 0
program/174 0 0 0 1 0 0 1 0 1 1 0 0 0 0 0 0 0 0 0 1 1 1 0 0 0
program/175 0 0 0 1 0 0 1 1 1 1 0 0 0 1 0 0 0 1 0 1 1 1 0 0 0
program/172 0 0 0 1 0 0 1 1 1 1 0 0 0 1 0 0 0 1 0 1 1 1 0 0 0
program/173 0 0 0 1 0 0 1 1 1 1 0 0 0 0 0 0 0 0 0 1 1 1 0 0 0
program/170 0 0 0 1 0 0 1 0 1 1 0 0 0 0 0 0 0 0 0 1 1 1 0 0 0
program/171 0 0 0 1 0 0 1 1 1 1 0 0 0 0 0 0 0 0 0 1 1 1 0 0 0
program/288 0 0 0 1 0 0 1 0 1 1 0 0 0 0 0 0 0 0 0 1 1 1 0 0 0
program/289 0 0 0 1 0 0 1 0 1 1 0 0 0 0 0 0 0 0 0 1 1 1 0 0 0
program/262 0 0 0 1 0 0 1 0 1 1 0 0 0 0 0 0 0 0 0 1 1 1 0 0 0
program/181 0 0 0 1 0 0 1 1 1 1 0 0 0 1 0 0 0 1 0 1 1 1 0 0 0
program/178 0 0 0 1 0 0 1 1 1 1 0 0 0 0 0 0 0 0 0 1 1 1 0 0 0
program/179 0 0 0 1 0 0 1 1 1 1 0 0 0 1 0 0 0 1 0 1 1 1 0 0 0
program/208 1 1 1 1 1 0 1 1 1 1 1 0 0 0 0 0 0 0 0 1 1 1 0 0 0
program/209 1 1 1 1 1 0 1 1 1 1 1 0 0 0 0 0 0 0 0 1 1 1 0 0 0
program/180 0 0 0 1 0 0 1 1 1 1 0 0 0 1 0 0 0 1 0 1 1 1 0 0 0
program/292 0 0 0 1 0 0 1 0 1 1 0 0 0 0 0 0 0 0 0 1 1 1 0 0 0
program/200 1 1 1 1 1 0 1 1 1 1 1 0 0 0 0 0 0 0 0 1 1 1 0 0 0
program/187 0 0 0 1 0 0 1 1 1 1 0 0 0 1 0 0 0 1 0 1 1 1 0 0 0
program/202 1 1 1 1 1 0 1 1 1 1 1 0 0 0 0 0 0 0 0 1 1 1 0 0 0
program/203 1 1 1 1 1 0 1 1 1 1 1 0 0 0 0 0 0 0 0 1 1 1 0 0 0
program/204 1 1 1 1 1 0 1 1 1 1 1 0 0 0 0 0 0 0 0 1 1 1 0 0 0
program/205 1 1 1 1 1 0 1 1 1 1 1 0 0 0 0 1 0 0 0 1 1 1 0 0 0
program/206 1 1 1 1 1 0 1 1 1 1 1 0 0 0 0 0 0 0 0 1 1 1 0 0 0
program/186 0 0 0 1 0 0 1 1 1 1 0 0 0 1 0 0 0 1 0 1 1 1 0 0 0
program/270 0 0 0 1 0 0 1 0 1 1 0 0 0 0 0 0 0 0 0 1 1 1 0 0 0
program/185 0 0 0 1 0 0 1 1 1 1 0 0 0 0 0 0 0 0 0 1 1 1 0 0 0
program/201 1 1 1 1 1 0 1 1 1 1 1 0 0 0 0 0 0 0 0 1 1 1 0 0 0
program/297 1 1 1 1 1 1 1 1 1 1 1 1 1 1 1 1 1 1 1 1 1 1 0 0 0
program/263 0 0 0 1 0 0 1 0 1 1 0 0 0 0 0 0 0 0 0 0 0 1 0 0 0
program/184 0 0 0 1 0 0 1 1 1 1 0 0 0 1 0 0 0 1 0 1 1 1 0 0 0
program/296 1 1 1 1 1 1 1 1 1 1 1 1 1 1 1 1 1 1 1 1 1 1 0 0 0
program/295 1 1 1 1 1 1 1 1 1 1 1 1 1 1 1 1 1 1 1 1 1 1 0 0 0
program/293 1 1 1 1 1 0 1 1 1 1 1 1 0 1 1 1 0 1 0 1 1 1 0 0 0
program/294 1 1 1 1 1 1 1 1 1 1 1 1 0 1 1 1 0 1 1 1 1 1 0 0 0
program/273 0 0 0 1 0 0 1 0 1 1 0 0 0 0 0 0 0 0 0 1 1 1 0 0 0
program/148 1 1 1 1 1 0 1 1 1 1 1 1 0 1 1 1 0 1 0 1 1 1 0 0 0
program/183 0 0 0 1 0 0 1 1 1 1 0 0 0 1 0 0 0 1 0 1 1 1 0 0 0
program/260 0 0 0 1 0 0 1 0 1 1 0 0 0 0 0 0 0 0 0 1 1 1 0 0 0
program/207 1 1 1 1 1 0 1 1 1 1 1 0 0 0 0 0 0 0 0 1 1 1 0 0 0
program/157 0 0 0 1 0 0 1 1 1 1 0 0 0 1 0 0 0 1 0 1 1 1 0 0 0
program/103 0 0 0 1 0 0 1 0 1 1 0 0 0 0 0 0 0 0 0 1 1 1 0 0 0
program/102 1 1 1 0 1 1 0 1 0 0 1 1 0 1 1 1 0 1 1 0 0 0 0 0 0
program/101 0 0 0 1 0 1 1 0 1 1 0 0 0 0 0 0 0 0 1 1 1 1 0 0 0
program/100 0 0 0 1 0 1 1 0 1 1 0 0 0 0 0 0 0 0 1 1 1 1 0 0 0
program/107 1 1 1 1 1 1 0 1 1 1 1 0 0 1 0 1 0 1 1 0 0 0 0 0 0
program/106 1 1 1 0 1 1 0 1 0 0 1 1 0 1 1 1 0 1 1 0 0 0 0 0 0
program/105 0 0 0 1 0 1 1 0 1 1 0 0 0 0 0 0 0 0 1 1 1 1 0 0 0
program/104 1 1 1 0 1 0 0 1 0 0 1 1 0 1 1 1 0 1 0 0 0 0 0 0 0
program/235 1 1 1 1 1 0 1 1 1 1 1 1 0 1 1 1 0 1 0 1 1 1 0 0 0
program/234 1 1 1 1 1 0 1 1 1 1 1 1 0 1 1 1 0 1 0 1 1 1 0 0 0
program/109 1 1 1 1 1 1 1 1 1 1 1 1 0 1 1 1 0 1 0 1 1 1 0 0 0
program/108 1 1 1 1 1 1 1 1 1 1 1 1 0 0 1 1 0 0 1 1 1 1 0 0 0
program/231 0 0 0 1 0 0 1 0 0 1 0 0 0 0 0 0 0 0 0 1 1 0 0 0 0
program/230 1 1 1 1 1 0 1 1 1 1 1 1 0 1 1 1 0 1 0 1 1 1 0 0 0
program/233 0 0 0 1 0 0 1 0 0 0 0 0 0 0 0 0 0 0 0 1 1 1 0 0 0
program/232 1 1 1 1 1 0 1 1 1 1 1 1 0 1 1 1 0 1 0 1 1 1 0 0 0
program/29 0 0 0 1 0 1 1 1 1 1 0 0 0 1 0 0 0 1 1 1 1 1 0 0 0
program/28 0 0 0 0 0 1 0 1 1 1 0 0 0 1 0 0 0 1 1 0 0 1 0 0 0
program/261 0 0 0 1 0 0 1 0 1 1 0 0 0 0 0 0 0 0 0 1 1 1 0 0 0
program/23 0 0 0 1 0 0 1 0 1 1 0 0 1 0 0 0 1 0 0 1 1 1 0 0 0
program/22 1 1 1 0 1 1 0 1 0 0 1 1 1 1 1 1 1 1 1 0 0 0 0 0 0
program/21 0 0 0 1 0 0 1 0 1 1 0 0 0 0 0 0 0 0 0 1 1 1 0 0 0
program/20 1 1 1 0 1 1 0 1 0 0 1 1 0 1 1 1 0 1 1 0 0 0 0 0 0
program/27 1 1 1 0 1 1 0 1 0 0 1 1 1 1 1 1 1 1 1 0 0 0 0 0 0
program/26 0 0 0 1 0 0 1 0 1 1 0 0 1 0 0 0 1 0 0 1 1 1 0 0 0
program/25 1 1 1 1 1 1 1 1 1 1 1 1 0 1 1 1 0 1 1 1 1 1 0 0 0
program/24 0 0 0 1 0 1 1 1 1 1 0 0 0 1 0 0 0 1 1 1 1 1 0 0 0
program/257 0 0 0 1 0 0 1 0 1 1 0 0 0 0 0 0 0 0 0 1 1 1 0 0 0
program/272 0 0 0 1 0 0 1 0 1 1 0 0 0 0 0 0 0 0 0 1 1 1 0 0 0
program/256 0 0 0 1 0 0 1 0 1 1 0 0 0 0 0 0 0 0 0 1 1 1 0 0 0
program/275 0 0 0 1 0 0 1 0 1 1 0 0 0 0 0 0 0 0 0 1 1 1 0 0 0
program/286 0 0 0 1 0 0 1 0 1 1 0 0 0 0 0 0 0 0 0 1 1 1 0 0 0
program/110 0 0 0 0 0 1 0 0 0 0 0 0 0 0 0 0 0 0 1 0 0 0 0 0 0
program/111 0 0 0 0 0 1 0 0 0 0 0 0 0 0 0 0 0 0 1 0 0 0 0 0 0
program/220 1 1 1 1 1 0 1 1 1 1 1 0 0 1 0 0 0 1 0 1 1 1 0 0 0
program/113 0 0 0 0 0 1 0 0 0 0 0 0 0 0 0 0 0 0 1 0 0 0 0 0 0
program/114 0 0 0 0 0 1 0 0 0 0 0 0 0 0 0 0 0 0 1 0 0 0 0 0 0
program/115 1 1 1 1 1 0 1 1 1 1 1 1 0 1 1 1 0 1 0 1 1 1 0 0 0
program/116 1 1 1 1 1 0 1 1 1 1 1 1 0 1 1 1 0 1 0 1 1 1 0 0 0
program/221 1 1 1 1 1 0 1 1 1 1 1 1 0 1 1 1 0 1 0 1 1 1 0 0 0
program/274 0 0 0 1 0 0 1 0 1 1 0 0 0 0 0 0 0 0 0 1 1 1 0 0 0
program/119 1 1 1 1 1 0 1 1 1 1 1 1 0 1 1 1 0 1 0 1 1 1 0 0 0
program/228 1 1 1 1 1 0 1 1 1 1 1 1 0 1 1 1 0 1 0 1 1 1 0 0 0
program/229 1 1 1 1 1 0 1 1 1 1 1 0 0 1 0 0 0 1 0 1 1 1 0 0 0
program/145 0 0 0 1 0 0 1 0 1 1 0 0 0 0 0 0 0 0 0 1 1 1 0 0 0
program/198 1 1 1 1 1 0 1 1 1 1 1 0 0 0 0 0 0 0 0 1 1 1 0 0 0
program/199 1 1 1 1 1 0 1 1 1 1 1 0 0 0 0 0 0 0 0 1 1 1 0 0 0
program/58 0 0 0 0 0 0 0 0 0 0 0 0 1 0 0 0 1 0 0 0 0 0 0 0 0
program/59 0 0 0 0 0 0 0 0 0 0 0 0 1 0 0 0 1 0 0 0 0 0 0 0 0
program/56 0 0 0 0 0 0 0 0 0 0 0 0 1 0 0 0 1 0 0 0 0 0 0 0 0
program/191 1 1 1 1 1 0 1 1 1 1 1 0 0 0 0 0 0 0 0 1 1 1 0 0 0
program/54 1 1 1 1 1 1 1 1 1 1 1 1 0 1 1 1 0 1 1 1 1 1 0 0 0
program/55 0 0 0 0 0 0 0 0 0 0 0 0 1 0 0 0 1 0 0 0 0 0 0 0 0
program/52 1 1 1 1 1 1 1 1 1 1 1 0 1 1 0 0 1 1 1 1 1 0 0 0 0
program/53 1 1 1 1 1 1 1 1 1 1 1 1 1 0 1 1 1 0 1 1 1 1 0 0 0
program/50 0 0 0 1 0 0 1 0 0 1 0 0 1 0 0 0 1 0 0 0 0 0 0 0 0
program/51 1 1 1 0 1 0 0 1 0 0 1 1 1 1 1 1 1 1 0 0 0 0 0 0 0
program/226 0 0 0 1 0 0 1 0 0 0 0 0 0 0 0 0 0 0 0 1 1 1 0 0 0
program/277 0 0 0 1 0 0 1 0 1 1 0 0 0 0 0 0 0 0 0 1 1 1 0 0 0
program/190 0 0 0 1 0 0 1 1 1 1 0 0 0 0 0 0 0 0 0 1 1 1 0 0 0
program/216 1 1 1 1 1 0 1 1 1 1 1 1 0 1 0 0 0 1 0 1 1 1 0 0 0
program/154 1 1 1 1 1 0 1 1 1 1 1 1 0 1 1 1 0 1 0 1 1 1 0 0 0
program/153 0 0 0 1 0 0 1 1 1 1 0 0 0 1 0 0 0 1 0 1 1 1 0 0 0
program/155 1 1 1 1 1 0 1 1 1 1 1 0 0 1 0 0 0 1 0 1 1 1 0 0 0
program/258 0 0 0 1 0 0 1 0 1 1 0 0 0 0 0 0 0 0 0 1 1 1 0 0 0
program/156 0 0 0 1 0 0 1 1 1 1 0 0 0 1 0 0 0 1 0 1 1 1 0 0 0
program/125 1 1 1 1 1 0 1 1 1 1 1 1 0 1 1 1 0 1 0 1 1 1 0 0 0
program/124 1 1 1 1 1 0 1 1 1 1 1 0 0 1 0 0 0 1 0 1 1 1 0 0 0
program/127 1 1 1 1 1 0 1 1 1 1 1 1 0 1 1 1 0 1 0 1 1 1 0 0 0
program/126 1 1 1 1 1 0 1 1 1 1 1 1 0 1 1 1 0 1 0 1 1 1 0 0 0
program/253 0 0 0 1 0 0 1 0 1 1 0 0 0 0 0 0 0 0 0 1 1 1 0 0 0
program/252 0 0 0 1 0 0 1 0 1 1 0 0 0 0 0 0 0 0 0 1 1 1 0 0 0
program/123 1 1 1 1 1 0 1 1 1 1 1 1 0 1 1 1 0 1 0 1 1 1 0 0 0
program/150 1 1 1 1 1 0 1 1 1 1 1 1 0 1 1 1 0 1 0 1 1 1 0 0 0
program/238 1 1 1 1 1 0 1 1 1 1 1 1 0 1 1 1 0 1 0 1 1 1 0 0 0
program/129 1 1 1 1 1 0 1 1 1 1 1 1 0 1 1 1 0 1 0 1 1 1 0 0 0
program/128 1 1 1 1 1 0 1 1 1 1 1 0 0 1 0 0 0 1 0 1 1 1 0 0 0
program/259 0 0 0 1 0 0 1 0 1 1 0 0 0 0 0 0 0 0 0 1 1 1 0 0 0
program/151 1 1 1 1 1 0 1 1 1 1 1 1 0 1 1 1 0 1 0 1 1 1 0 0 0
program/49 1 1 1 0 1 1 0 1 0 0 1 1 0 1 1 1 0 1 1 0 0 0 0 0 0
program/48 0 0 0 1 0 0 1 0 1 1 0 0 0 0 0 0 0 0 0 1 1 1 0 0 0
program/45 0 0 0 1 0 0 1 0 1 1 0 0 1 0 0 0 1 0 0 1 1 1 0 0 0
program/44 1 1 1 0 1 1 0 1 0 0 1 1 1 1 1 1 1 1 1 0 0 0 0 0 0
program/47 1 1 1 0 1 1 0 1 0 0 1 1 1 1 1 1 1 1 1 0 0 0 0 0 0
program/46 0 0 0 1 0 0 1 0 1 1 0 0 1 0 0 0 1 0 0 1 1 1 0 0 0
program/41 1 1 1 1 1 1 0 1 1 1 1 1 0 1 1 1 0 1 1 0 0 0 0 0 0
program/40 1 1 1 1 1 1 1 1 1 1 1 0 0 0 0 0 0 0 0 1 1 1 0 0 0
program/43 0 0 0 1 0 0 1 0 1 1 0 0 0 0 0 0 0 0 0 1 1 1 0 0 0
program/42 1 1 1 0 1 1 0 1 0 0 1 1 0 1 1 1 0 1 1 0 0 0 0 0 0
program/222 0 0 0 1 0 0 1 1 1 1 0 0 0 1 0 0 0 1 0 1 1 1 0 0 0
program/193 1 1 1 1 1 0 1 1 1 1 1 0 0 0 0 0 0 0 0 1 1 1 0 0 0
program/223 1 1 1 1 1 0 1 1 1 1 1 1 0 1 1 1 0 1 0 1 1 1 0 0 0
program/138 1 1 1 1 1 0 1 1 1 1 1 1 0 1 1 1 0 1 0 1 1 1 0 0 0
program/139 0 0 0 1 0 0 1 1 1 1 0 0 0 1 0 0 0 1 0 1 1 1 0 0 0
program/132 1 1 1 1 1 0 0 1 1 1 1 0 0 0 1 0 0 0 0 0 0 0 0 0 0
program/133 1 1 1 1 1 0 1 1 1 1 1 1 0 1 1 1 0 1 0 1 1 1 0 0 0
program/130 0 0 0 1 0 0 1 1 1 1 0 0 0 1 0 0 0 1 0 1 1 1 0 0 0
program/131 1 1 1 1 1 0 1 1 1 1 1 1 0 1 1 1 0 1 0 1 1 1 0 0 0
program/136 1 1 1 1 1 0 1 1 1 1 1 1 0 1 1 1 0 1 0 1 1 1 0 0 0
program/137 1 1 1 1 1 0 1 1 1 1 1 0 0 1 0 0 0 1 0 1 1 1 0 0 0
program/134 0 0 0 0 0 0 0 1 1 1 0 0 0 1 0 0 0 1 0 0 0 0 0 0 0
program/135 1 1 1 1 1 0 1 1 1 1 1 1 0 1 1 1 0 1 0 1 1 1 0 0 0
program/244 1 1 1 1 1 0 1 1 1 1 1 1 0 1 1 1 0 1 0 1 1 1 0 0 0
program/245 0 0 0 1 0 0 1 0 1 1 0 0 0 0 0 0 0 0 0 1 1 1 0 0 0
program/246 1 1 1 1 1 0 1 1 1 1 1 1 0 0 1 1 0 0 0 1 1 1 0 0 0
program/247 1 1 1 1 1 0 1 1 1 1 1 0 0 1 0 0 0 1 0 1 1 1 0 0 0
program/240 1 1 1 1 1 0 1 1 1 1 1 1 0 1 1 1 0 1 0 1 1 1 0 0 0
program/224 1 1 1 1 1 0 0 1 1 1 1 0 0 0 0 0 0 0 0 0 0 0 0 0 0
program/242 1 1 1 1 1 0 1 1 1 1 1 1 0 1 1 1 0 1 0 1 1 1 0 0 0
program/243 1 1 1 1 1 0 1 1 1 1 1 1 0 1 1 1 0 1 0 1 1 1 0 0 0
program/192 1 1 1 1 1 0 1 1 1 1 1 1 0 1 1 1 0 1 0 1 1 1 0 0 0
program/225 1 1 1 1 1 0 1 1 1 1 1 1 0 1 1 1 0 1 0 1 1 1 0 0 0
program/248 0 0 0 1 0 0 1 0 1 1 0 0 0 0 0 0 0 0 0 1 1 1 0 0 0
program/249 0 0 0 1 0 0 1 0 1 1 0 0 0 0 0 0 0 0 0 1 1 1 0 0 0
program/70 1 1 1 1 1 1 1 1 1 1 1 1 0 1 1 1 0 1 1 1 1 1 0 0 0
program/71 0 0 0 1 0 0 1 1 1 1 0 0 0 1 0 0 0 1 0 1 1 1 0 0 0
program/72 1 1 1 1 1 1 1 1 1 1 1 0 0 0 0 0 0 0 0 1 1 1 0 0 0
program/73 1 1 1 1 1 1 0 1 1 1 1 1 0 1 1 1 0 1 0 0 0 0 0 0 0
program/74 1 1 1 1 1 1 1 1 1 1 1 1 0 1 1 1 0 1 1 1 1 1 0 0 0
program/75 1 1 1 0 1 0 0 1 0 0 1 1 0 1 1 1 0 1 0 0 0 0 0 0 0
program/76 0 0 0 1 0 0 1 0 1 1 0 0 0 0 0 0 0 0 0 1 1 1 0 0 0
program/77 1 1 1 0 1 1 0 1 0 0 1 1 0 1 1 1 0 1 1 0 0 0 0 0 0
program/78 0 0 0 1 0 1 1 0 1 1 0 0 0 0 0 0 0 0 1 1 1 1 0 0 0
program/79 0 0 0 1 0 0 1 1 1 1 0 0 0 1 0 0 0 1 0 1 1 1 0 0 0
program/12 1 1 1 1 1 1 1 1 1 1 1 1 1 1 1 1 1 1 1 1 1 1 0 0 0
program/13 0 0 0 1 0 1 1 1 1 1 0 0 0 1 0 0 0 1 1 1 1 1 0 0 0
program/10 1 1 1 0 1 0 0 0 0 0 1 1 1 0 1 1 1 0 0 0 0 0 0 0 0
program/11 1 1 1 1 1 1 1 1 1 1 1 1 1 1 1 1 1 1 1 1 1 1 0 0 0
program/16 0 0 0 1 0 1 1 1 1 1 0 0 0 1 0 0 0 1 1 1 1 1 0 0 0
program/17 1 1 1 1 1 1 1 1 1 1 1 0 1 0 1 0 0 0 0 1 1 1 0 0 0
program/14 1 1 1 1 1 1 1 1 1 1 1 1 0 1 1 1 0 1 1 1 1 1 0 0 0
program/15 1 1 1 1 1 1 1 1 1 1 1 1 1 1 1 1 1 1 1 1 1 1 0 0 0
program/18 1 1 1 1 1 1 0 1 1 1 1 1 0 1 1 1 0 1 1 0 0 0 0 0 0
program/19 1 1 1 1 1 1 1 1 1 1 1 1 1 1 1 1 1 1 1 1 1 1 0 0 0
program/279 0 0 0 1 0 0 1 0 1 1 0 0 0 0 0 0 0 0 0 1 1 1 0 0 0
program/147 0 0 0 1 0 0 1 1 1 1 0 0 0 1 0 0 0 1 0 1 1 1 0 0 0
program/98 0 0 0 1 0 0 1 0 1 1 0 0 0 0 0 0 0 0 0 1 1 1 0 0 0
program/99 1 1 1 0 1 1 0 1 0 0 1 1 0 1 1 1 0 1 1 0 0 0 0 0 0
program/278 0 0 0 1 0 0 1 0 1 1 0 0 0 0 0 0 0 0 0 1 1 1 0 0 0
program/146 1 1 1 1 1 0 1 1 1 1 1 1 0 1 1 1 0 1 0 1 1 1 0 0 0
program/92 1 1 1 0 1 1 0 1 0 0 1 1 0 1 1 1 0 1 1 0 0 0 0 0 0
program/93 1 1 1 1 1 1 0 1 1 1 1 0 0 1 0 0 0 1 1 0 0 0 0 0 0
program/90 1 1 1 1 1 0 1 1 1 1 1 1 0 1 1 1 0 1 0 1 1 1 0 0 0
program/91 0 0 0 1 0 1 1 0 1 1 0 0 0 0 0 0 0 0 1 1 1 1 0 0 0
program/96 1 1 1 1 1 1 0 1 1 1 1 1 0 1 1 1 0 1 0 0 0 0 0 0 0
program/97 1 1 1 0 1 0 0 1 0 0 1 1 0 1 1 1 0 1 0 0 0 0 0 0 0
program/94 1 1 1 1 1 1 1 1 1 1 1 1 0 0 1 1 0 0 1 1 1 1 0 0 0
program/95 1 1 1 1 1 1 1 1 1 1 1 1 0 0 0 0 0 0 0 1 1 1 0 0 0
program/227 1 1 1 1 1 0 1 1 1 1 1 1 0 1 1 1 0 1 0 1 1 1 0 0 0
program/144 1 1 1 1 1 0 1 1 1 1 1 0 0 1 0 0 0 1 0 1 1 1 0 0 0
program/194 1 1 1 1 1 0 1 1 1 1 1 0 0 0 0 0 0 0 0 1 1 1 0 0 0
program/143 1 1 1 1 1 0 1 1 1 1 1 1 0 1 1 1 0 1 0 1 1 1 0 0 0
program/271 0 0 0 1 0 0 1 0 1 1 0 0 0 0 0 0 0 0 0 1 1 1 0 0 0
program/142 1 1 1 1 1 0 1 1 1 1 1 1 0 1 1 1 0 1 0 1 1 1 0 0 0
program/67 1 1 1 1 1 1 1 1 1 1 1 1 0 1 1 1 0 1 1 1 1 1 0 0 0
program/66 1 1 1 1 1 1 1 1 1 1 1 1 0 1 1 1 0 1 1 1 1 1 0 0 0
program/65 1 1 1 0 1 1 0 0 0 0 1 1 0 0 1 1 0 0 1 0 0 0 0 0 0
program/64 0 0 0 0 0 1 0 1 0 0 0 0 0 1 0 0 0 1 1 0 0 0 0 0 0
program/63 0 0 0 0 0 1 0 0 0 0 0 0 0 0 0 0 0 0 1 0 0 0 0 0 0
program/141 0 0 0 0 0 0 0 1 1 1 0 0 0 1 0 0 0 1 0 0 0 0 0 0 0
program/60 1 1 1 1 1 1 1 1 1 1 1 1 0 1 1 1 0 1 1 1 1 1 0 0 0
program/182 0 0 0 1 0 0 1 1 1 1 0 0 0 1 0 0 0 1 0 1 1 1 0 0 0
program/140 1 1 1 1 1 0 1 1 1 1 1 1 0 1 1 1 0 1 0 1 1 1 0 0 0
program/69 1 1 1 1 1 1 1 1 1 1 1 1 0 1 1 1 0 1 0 1 1 1 0 0 0
program/68 0 0 0 1 0 0 1 1 1 1 0 0 0 1 0 0 0 1 0 1 1 1 0 0 0
program/276 0 0 0 1 0 0 1 0 1 1 0 0 0 0 0 0 0 0 0 1 1 1 0 0 0
program/89 1 1 1 0 1 0 0 1 0 0 1 1 0 1 1 1 0 1 0 0 0 0 0 0 0
program/88 0 0 0 1 0 0 1 0 1 1 0 0 0 0 0 0 0 0 0 1 1 1 0 0 0
program/268 0 0 0 1 0 0 1 0 1 1 0 0 0 0 0 0 0 0 0 1 1 1 0 0 0
program/269 0 0 0 1 0 0 1 0 1 1 0 0 0 0 0 0 0 0 0 1 1 1 0 0 0
program/81 0 0 0 1 0 1 1 0 1 1 0 0 0 0 0 0 0 0 1 1 1 1 0 0 0
program/80 1 1 1 1 1 0 1 1 1 1 1 1 0 1 1 1 0 1 0 1 1 1 0 0 0
program/83 0 0 0 0 0 0 0 0 1 1 0 0 0 0 0 0 0 0 0 0 0 1 0 0 0
program/82 1 1 1 0 1 1 0 1 0 0 1 1 0 1 1 1 0 1 1 0 0 0 0 0 0
program/85 1 1 1 1 1 0 1 1 1 1 1 1 0 1 1 1 0 1 0 1 1 1 0 0 0
program/84 0 0 0 1 0 0 1 1 1 1 0 0 0 1 0 0 0 1 0 1 1 1 0 0 0
program/87 1 1 1 1 1 0 1 1 1 1 1 1 0 1 1 1 0 1 0 1 1 1 0 0 0
program/86 0 0 0 1 0 0 1 1 1 1 0 0 0 1 0 0 0 1 0 1 1 1 0 0 0
program/280 0 0 0 1 0 0 1 0 1 1 0 0 0 0 0 0 0 0 0 1 1 1 0 0 0
program/2 1 1 1 1 1 1 0 1 1 1 1 0 0 0 0 0 0 0 0 0 0 0 0 0 0
program/3 1 1 1 1 1 1 1 1 1 1 1 1 1 1 1 1 1 1 1 1 1 1 0 0 0
program/266 0 0 0 1 0 0 1 0 1 1 0 0 0 0 0 0 0 0 0 1 1 1 0 0 0
program/5 1 1 1 1 1 1 1 1 1 1 1 1 1 1 1 1 1 1 1 1 1 1 0 0 0
program/281 0 0 0 1 0 0 1 0 1 1 0 0 0 0 0 0 0 0 0 1 1 1 0 0 0
program/8 0 0 0 0 0 0 0 0 0 0 0 0 1 0 0 0 1 0 0 1 1 0 0 0 0
program/9 0 0 0 0 0 1 0 0 0 0 0 0 1 0 0 0 1 0 1 0 0 0 0 0 0
program/267 0 0 0 1 0 0 1 0 1 1 0 0 0 0 0 0 0 0 0 1 1 1 0 0 0
program/282 0 0 0 1 0 0 1 0 1 1 0 0 0 0 0 0 0 0 0 1 1 1 0 0 0
program/195 1 1 1 1 1 0 1 1 1 1 1 0 0 0 0 0 0 0 0 1 1 1 0 0 0
program/283 0 0 0 1 0 0 1 0 1 1 0 0 0 0 0 0 0 0 0 1 1 1 0 0 0
program/196 1 1 1 1 1 0 1 1 1 1 1 0 0 0 1 0 0 0 0 1 1 1 0 0 0
program/284 0 0 0 1 0 0 1 0 1 1 0 0 0 0 0 0 0 0 0 1 1 1 0 0 0
program/197 1 1 1 1 1 0 1 1 1 1 1 0 0 0 0 0 0 0 0 1 1 1 0 0 0
program/237 0 0 0 1 0 0 1 0 1 1 0 0 0 0 0 0 0 0 0 1 1 1 0 0 0
program/285 0 0 0 1 0 0 1 0 1 1 0 0 0 0 0 0 0 0 0 1 1 1 0 0 0
