ktestSM MFI_KLEE_TOPDIR_TEST_TEMPLATE.sh-out/klee-out-0/test000001.ktest MFI_KLEE_TOPDIR_TEST_TEMPLATE.sh-out/klee-out-0/test000006.ktest MFI_KLEE_TOPDIR_TEST_TEMPLATE.sh-out/klee-out-0/test000002.ktest MFI_KLEE_TOPDIR_TEST_TEMPLATE.sh-out/klee-out-0/test000007.ktest MFI_KLEE_TOPDIR_TEST_TEMPLATE.sh-out/klee-out-0/test000009.ktest MFI_KLEE_TOPDIR_TEST_TEMPLATE.sh-out/klee-out-0/test000011.ktest MFI_KLEE_TOPDIR_TEST_TEMPLATE.sh-out/klee-out-0/test000013.ktest MFI_KLEE_TOPDIR_TEST_TEMPLATE.sh-out/klee-out-0/test000003.ktest MFI_KLEE_TOPDIR_TEST_TEMPLATE.sh-out/klee-out-0/test000005.ktest MFI_KLEE_TOPDIR_TEST_TEMPLATE.sh-out/klee-out-0/test000004.ktest MFI_KLEE_TOPDIR_TEST_TEMPLATE.sh-out/klee-out-0/test000012.ktest MFI_KLEE_TOPDIR_TEST_TEMPLATE.sh-out/klee-out-0/test000008.ktest MFI_KLEE_TOPDIR_TEST_TEMPLATE.sh-out/klee-out-0/test000010.ktest heldout-input-pos10-out/Dev-out-0/devtest.ktest heldout-input-pos11-out/Dev-out-0/devtest.ktest heldout-input-pos12-out/Dev-out-0/devtest.ktest heldout-input-pos13-out/Dev-out-0/devtest.ktest heldout-input-pos14-out/Dev-out-0/devtest.ktest heldout-input-pos15-out/Dev-out-0/devtest.ktest heldout-input-pos16-out/Dev-out-0/devtest.ktest heldout-input-pos17-out/Dev-out-0/devtest.ktest heldout-input-pos18-out/Dev-out-0/devtest.ktest heldout-input-pos19-out/Dev-out-0/devtest.ktest heldout-input-pos2-out/Dev-out-0/devtest.ktest heldout-input-pos3-out/Dev-out-0/devtest.ktest heldout-input-pos4-out/Dev-out-0/devtest.ktest heldout-input-pos5-out/Dev-out-0/devtest.ktest heldout-input-pos6-out/Dev-out-0/devtest.ktest heldout-input-pos7-out/Dev-out-0/devtest.ktest heldout-input-pos8-out/Dev-out-0/devtest.ktest heldout-input-pos9-out/Dev-out-0/devtest.ktest input-neg1-out/Dev-out-0/devtest.ktest input-pos1-out/Dev-out-0/devtest.ktest input-pos2-out/Dev-out-0/devtest.ktest
program/34 0 0 0 0 0 0 0 0 0 0 0 0 0 1 1 0 1 1 0 0 0 0 0 0 0 0 0 1 1 1 1 0 1 0
program/35 0 0 0 0 1 0 0 1 0 0 0 0 0 1 1 0 1 1 0 0 0 0 0 0 0 1 0 1 1 1 1 0 1 0
program/36 0 0 0 0 1 0 0 0 0 0 0 0 0 1 1 1 1 1 0 0 0 0 0 0 0 0 0 1 1 1 1 0 1 0
program/37 0 0 0 0 1 0 0 0 0 1 0 0 0 1 1 1 1 1 0 0 0 0 0 0 0 1 0 1 1 1 1 0 1 0
program/30 1 0 0 0 1 1 1 0 1 1 0 1 0 1 1 1 0 1 0 0 0 0 0 0 0 0 0 1 1 1 1 0 0 0
program/31 0 0 0 0 1 1 0 1 0 0 1 0 0 1 1 0 1 1 1 0 1 1 0 1 0 0 0 1 1 1 1 0 1 0
program/32 0 0 0 0 1 0 0 0 0 0 1 0 0 1 1 1 1 1 0 1 1 0 1 0 0 0 1 1 1 0 1 0 1 0
program/33 0 0 0 0 1 0 0 0 0 0 0 0 0 1 1 0 1 1 1 0 0 0 0 0 0 0 0 1 1 1 1 0 1 0
program/349 0 0 0 0 1 0 0 0 0 0 0 0 0 1 1 0 1 1 0 0 1 0 0 0 0 0 1 1 1 1 1 0 1 0
program/319 1 1 1 0 1 1 1 1 1 0 0 1 1 1 1 1 1 1 1 1 1 1 1 1 0 1 1 1 1 1 1 0 1 0
program/287 1 1 1 0 1 1 1 1 1 1 1 1 1 1 1 1 1 1 1 1 1 1 1 1 0 1 1 1 1 1 1 0 1 0
program/38 0 0 0 0 0 0 0 0 0 0 0 0 0 1 1 0 1 1 0 0 0 0 0 0 0 0 0 0 1 0 1 0 1 0
program/39 0 0 0 0 1 0 0 0 0 0 0 0 0 1 1 0 1 1 0 0 0 0 0 0 0 0 0 1 1 1 1 0 1 0
program/348 0 0 0 0 1 0 0 0 0 0 0 0 0 1 1 0 1 1 0 0 1 0 0 0 0 0 1 1 1 1 1 0 1 0
program/161 1 1 1 1 1 1 1 0 1 1 1 1 1 1 1 0 1 1 0 0 1 1 0 0 1 0 1 1 1 1 1 1 1 0
program/160 1 1 0 1 1 0 1 1 1 1 1 1 1 1 1 0 1 1 1 0 1 1 0 0 1 1 1 1 1 1 1 1 1 0
program/163 1 1 1 1 1 1 1 0 1 1 1 1 1 1 1 0 1 1 0 1 1 1 1 0 1 0 1 1 1 1 1 1 1 0
program/162 1 1 1 1 1 1 1 1 1 1 1 1 1 1 1 0 1 1 0 0 1 1 1 0 1 0 1 1 1 1 1 1 1 0
program/165 0 0 0 1 1 0 0 0 0 0 0 0 0 1 1 0 1 1 1 0 1 0 1 0 1 0 1 1 1 1 1 1 1 0
program/164 0 1 1 1 1 1 0 0 0 1 1 1 1 1 1 0 1 1 0 1 1 0 1 0 1 0 1 1 1 1 1 1 1 0
program/167 0 0 0 0 1 0 0 0 0 0 0 0 0 1 1 0 1 1 1 0 0 0 0 0 0 0 0 1 1 1 1 0 1 0
program/166 0 1 1 0 1 1 0 0 0 1 1 1 1 1 1 0 1 1 0 1 0 0 0 0 0 0 0 1 1 1 1 0 1 0
program/169 0 1 1 0 1 1 0 0 0 1 1 1 1 1 1 0 1 1 0 1 0 0 0 0 0 0 0 1 1 1 1 0 1 0
program/168 0 0 0 0 1 0 0 0 0 0 0 0 0 1 1 0 1 1 1 0 0 0 0 0 0 0 0 1 1 1 1 0 1 0
program/299 1 1 1 0 1 1 1 1 1 1 1 1 1 1 1 1 1 1 1 1 1 1 1 1 0 1 1 1 1 1 1 0 1 0
program/298 0 0 0 1 0 0 0 0 0 0 0 0 0 0 0 0 0 0 0 0 0 0 0 0 1 0 0 0 0 0 0 1 0 0
program/336 0 0 0 0 1 0 0 0 0 0 0 0 1 1 1 0 1 1 0 0 1 0 0 0 0 0 1 1 1 1 1 0 1 0
program/264 1 0 0 0 1 0 1 0 1 0 1 0 0 1 1 0 1 1 0 0 1 1 0 0 0 0 1 1 1 1 1 0 1 0
program/360 0 0 0 0 1 0 0 0 0 0 0 0 1 1 1 0 1 1 0 0 1 0 0 0 0 0 1 1 1 1 1 0 1 0
program/219 1 1 1 1 1 1 1 1 1 1 1 1 1 1 1 1 1 1 1 1 1 1 1 1 1 1 1 1 1 1 1 1 1 0
program/218 1 1 1 0 1 1 1 1 1 1 1 1 1 0 0 1 0 0 1 1 0 1 1 1 0 1 0 0 0 0 0 0 0 0
program/306 0 0 0 0 1 0 0 0 0 0 0 0 0 1 1 0 1 1 0 0 1 0 0 0 0 0 1 1 1 1 1 0 1 0
program/366 1 1 1 0 1 1 1 1 1 1 1 1 1 1 1 1 1 1 1 1 1 1 1 1 0 1 1 1 1 1 1 0 1 0
program/365 1 1 1 0 0 0 1 1 1 0 1 0 0 0 0 1 0 0 1 1 0 1 1 1 0 1 0 0 0 0 0 0 0 0
program/213 0 1 1 1 1 1 0 1 0 1 1 1 1 1 1 1 1 1 1 1 1 1 1 1 1 1 1 1 1 1 1 1 1 0
program/212 0 0 0 1 1 0 0 0 0 0 0 0 0 1 1 0 1 1 0 0 1 0 0 0 1 0 1 1 1 1 1 1 1 0
program/211 1 1 1 0 1 1 1 1 1 1 1 1 1 1 1 1 1 1 1 1 1 1 1 1 0 1 1 1 1 1 1 0 1 0
program/210 1 0 0 0 1 0 1 0 1 0 0 0 0 1 1 0 1 1 0 0 1 0 0 0 0 0 1 1 1 1 1 0 1 0
program/217 1 1 1 1 1 1 1 0 1 1 1 1 1 1 1 0 1 1 0 0 1 1 0 0 1 0 1 1 1 1 1 1 1 0
program/189 1 1 1 1 1 1 1 0 1 1 1 1 1 1 1 0 1 1 0 1 1 1 0 0 1 0 1 1 1 1 1 1 1 0
program/215 1 1 1 0 1 1 1 0 1 1 1 1 1 1 1 1 1 1 1 1 1 1 1 1 0 1 0 1 1 1 1 0 1 0
program/214 0 0 0 0 0 0 0 0 0 0 0 0 0 1 1 0 1 1 1 1 1 0 1 0 0 0 1 1 1 0 1 0 1 0
program/371 1 1 1 1 1 1 1 1 1 1 1 1 1 1 1 1 1 1 1 1 1 1 1 1 1 1 1 1 1 1 1 1 1 0
program/332 0 0 0 0 1 1 0 0 0 1 0 0 0 1 1 0 1 1 0 0 1 0 0 0 0 0 1 1 0 1 1 0 1 0
program/281 1 1 1 0 1 1 1 1 1 1 1 1 1 1 1 1 1 1 1 1 1 1 1 1 0 1 1 1 1 1 1 0 1 0
program/333 0 0 0 0 1 1 0 0 0 1 0 0 0 1 1 0 1 1 0 0 1 0 0 0 0 0 1 1 0 1 1 0 1 0
program/239 1 0 0 0 1 0 1 0 1 1 0 0 1 0 1 0 1 1 1 0 0 0 0 0 0 0 0 0 1 1 0 0 1 0
program/265 1 1 1 0 1 1 1 1 1 1 0 0 1 0 0 1 0 0 1 1 0 0 1 1 0 1 0 0 1 0 0 0 0 0
program/367 1 1 1 1 1 1 1 1 1 1 1 1 1 1 1 1 1 1 1 1 1 1 1 1 1 1 1 1 1 1 1 1 1 0
program/152 0 0 0 0 0 0 0 0 0 0 0 0 0 1 1 1 1 1 0 1 1 0 1 0 0 0 1 1 1 0 1 0 1 0
program/370 1 1 1 1 1 1 1 1 1 1 1 1 1 1 1 1 1 1 1 1 1 1 1 1 1 1 1 1 1 1 1 1 1 0
program/309 1 1 1 0 0 0 1 0 1 0 1 0 0 0 0 1 0 0 1 1 0 1 1 1 0 1 0 0 0 0 0 0 0 0
program/241 0 0 0 1 1 0 0 0 0 0 0 0 0 1 1 0 1 1 0 0 1 0 0 0 1 0 1 1 1 1 1 1 1 0
program/176 1 0 0 1 1 0 1 0 1 0 1 1 0 1 1 1 1 1 0 0 1 1 0 0 1 1 1 1 1 1 1 1 1 0
program/177 1 1 1 1 1 1 1 0 1 1 1 1 1 1 1 0 1 1 1 0 1 1 0 1 1 0 1 1 1 1 1 1 1 0
program/174 1 1 1 1 1 1 1 1 1 1 1 1 1 1 1 0 1 1 1 1 1 1 0 0 1 0 1 1 1 1 1 1 1 0
program/175 1 1 1 1 1 1 1 0 1 1 1 1 1 1 1 0 1 1 1 0 1 1 0 0 1 0 1 1 1 1 1 1 1 0
program/172 0 0 0 0 0 0 0 0 0 0 0 0 0 1 1 0 1 1 0 1 0 0 1 0 0 0 0 1 1 1 1 0 1 0
program/173 0 0 0 0 1 0 0 0 0 0 0 0 0 1 1 0 1 1 0 1 0 0 1 0 0 0 0 1 1 1 1 0 1 0
program/170 0 0 0 1 1 0 0 0 0 0 0 0 0 1 1 0 1 1 1 0 1 0 1 0 1 0 1 1 1 1 1 1 1 0
program/171 0 1 1 1 1 1 0 0 0 1 1 1 1 1 1 0 1 1 0 1 1 0 1 0 1 0 1 1 1 1 1 1 1 0
program/288 1 1 1 0 1 1 1 1 1 1 1 1 1 1 1 1 1 1 1 1 1 1 1 1 0 1 1 1 1 1 1 0 1 0
program/324 0 0 0 0 1 1 0 0 0 0 0 0 0 1 1 0 1 1 0 0 1 0 0 0 0 0 1 1 1 1 1 0 1 0
program/262 0 0 0 0 1 0 0 0 0 0 0 0 0 1 1 0 1 1 0 0 1 0 0 0 0 0 1 1 1 1 1 0 1 0
program/178 0 1 1 1 1 1 0 0 0 1 1 1 1 1 1 0 1 1 1 0 1 0 0 1 1 0 1 1 1 1 1 1 1 0
program/179 0 0 0 1 1 0 0 0 0 0 0 0 0 1 1 1 1 1 0 0 1 0 1 0 1 1 1 1 1 1 1 1 1 0
program/208 1 1 1 0 1 1 1 1 1 1 1 1 1 1 1 1 1 1 1 1 1 1 1 1 0 1 1 1 1 1 1 0 1 0
program/209 1 0 0 0 1 0 1 0 1 0 0 0 0 1 1 0 1 1 0 0 1 0 0 0 0 0 1 1 1 1 1 0 1 0
program/372 1 1 1 1 1 1 1 1 1 1 1 1 1 1 1 1 1 1 1 1 1 1 1 1 1 1 1 1 1 1 1 1 1 0
program/242 0 0 0 0 1 0 0 0 0 0 0 0 0 1 1 0 1 1 0 0 1 0 0 0 0 0 1 1 0 1 1 0 1 0
program/307 0 0 0 0 1 0 0 1 0 1 1 0 1 0 0 1 0 0 1 1 0 1 1 1 0 1 0 0 0 0 0 0 0 0
program/200 0 0 1 0 1 0 1 0 0 0 1 0 0 1 1 0 1 1 0 0 1 1 0 0 0 0 0 1 1 1 1 0 1 0
program/201 1 1 1 0 1 1 1 0 1 1 1 1 1 1 1 0 1 1 1 0 0 0 0 0 0 0 0 1 1 1 1 0 1 0
program/202 1 1 1 1 1 1 1 1 1 1 1 1 1 1 1 0 1 1 0 0 1 1 0 0 1 0 1 1 1 1 1 1 1 0
program/203 1 1 1 1 1 1 1 0 1 1 1 1 1 1 1 0 1 1 1 0 1 1 0 1 1 0 1 1 1 1 1 1 1 0
program/204 1 0 0 1 1 0 1 0 1 1 1 1 1 1 1 0 1 1 0 0 1 1 0 0 1 0 1 1 1 1 1 1 1 0
program/205 1 1 1 1 1 1 1 1 1 1 1 1 1 1 1 1 1 1 1 1 1 1 1 1 1 1 1 1 1 1 1 1 1 0
program/206 0 1 1 1 1 1 0 1 0 1 1 1 1 1 1 1 1 1 1 1 1 1 1 1 1 1 1 1 1 1 1 1 1 0
program/207 0 0 0 1 1 0 0 0 0 0 0 0 0 1 1 0 1 1 0 0 1 0 0 0 1 0 1 1 1 1 1 1 1 0
program/290 1 1 1 0 1 1 1 1 1 1 1 1 1 1 1 1 1 1 1 1 1 1 1 1 0 1 1 1 1 1 1 0 1 0
program/362 1 1 1 0 0 0 1 1 1 0 1 0 0 0 0 1 0 0 1 1 0 1 1 1 0 1 0 0 0 0 0 0 0 0
program/254 1 0 0 0 1 0 1 0 1 0 1 1 0 1 1 0 1 1 0 0 1 1 0 0 0 0 1 1 0 1 1 0 1 0
program/263 0 0 0 0 1 0 0 0 0 0 0 0 0 1 1 0 1 1 0 0 1 0 0 0 0 0 1 1 1 1 1 0 1 0
program/295 0 0 0 1 0 0 0 0 0 0 0 0 0 0 0 0 0 0 0 0 0 0 0 0 1 0 0 0 0 0 0 1 0 0
program/293 1 0 0 0 1 0 1 0 1 0 0 1 0 1 1 0 1 1 0 0 1 0 0 0 0 0 1 1 1 1 1 0 1 0
program/341 0 0 0 0 1 0 0 0 0 0 0 0 1 1 1 0 1 1 0 0 1 0 0 0 0 0 1 1 1 1 1 0 1 0
program/294 0 0 0 1 0 0 0 0 0 0 0 0 0 0 0 0 0 0 0 0 0 0 0 0 1 0 0 0 0 0 0 1 0 0
program/273 0 0 0 0 0 0 0 0 0 0 0 0 0 0 0 0 0 0 0 0 0 0 0 0 0 0 0 0 0 0 0 0 0 0
program/310 0 0 0 0 1 1 0 0 0 0 0 0 0 1 1 0 1 1 0 0 1 0 0 0 0 0 1 1 1 1 1 0 1 0
program/148 1 0 0 0 1 0 1 1 1 1 1 1 1 1 1 0 1 1 0 0 1 1 1 1 0 1 1 1 1 1 1 0 1 0
program/260 0 0 0 0 1 0 0 0 0 0 0 0 0 1 1 0 1 1 0 0 1 0 0 0 0 0 1 1 1 1 1 0 1 0
program/330 0 0 0 0 1 1 0 0 0 0 0 0 1 1 1 0 1 1 0 0 1 0 0 0 0 0 1 1 1 1 1 0 1 0
program/274 1 1 1 0 1 1 1 1 1 1 1 1 1 1 1 1 1 1 1 1 1 1 1 1 0 1 1 1 1 1 1 0 1 0
program/157 0 1 0 1 1 0 0 0 0 0 0 0 0 1 1 1 1 1 0 0 1 0 1 0 1 0 1 1 1 1 1 1 1 0
program/103 1 0 0 0 1 0 1 0 1 1 1 1 1 1 1 0 1 1 0 0 1 1 0 1 0 0 0 1 1 1 1 0 1 0
program/102 0 0 0 0 1 0 0 0 0 0 1 0 0 1 1 0 1 1 1 0 0 0 0 0 0 0 0 1 1 1 1 0 0 0
program/101 1 0 1 0 1 1 1 0 1 1 1 1 1 1 1 0 1 1 0 0 1 0 0 0 0 0 0 1 1 1 1 0 1 0
program/100 1 0 0 0 1 0 1 1 1 0 0 0 0 1 1 0 1 1 0 0 1 1 0 0 0 0 0 1 1 1 1 0 1 0
program/107 0 1 1 1 1 1 0 0 0 1 1 1 1 1 1 0 1 1 0 0 1 0 0 0 1 0 1 1 1 1 1 1 1 0
program/106 1 0 0 0 1 0 1 0 1 0 0 0 0 1 1 1 1 1 0 0 1 0 1 1 0 0 0 1 1 1 1 0 1 0
program/105 1 1 1 1 1 1 1 0 1 1 1 1 1 1 1 0 1 1 0 0 1 1 0 0 1 0 1 1 1 1 1 1 1 0
program/104 1 1 1 1 1 1 1 1 1 1 1 1 1 1 1 0 1 1 0 0 1 1 0 1 1 0 1 1 1 1 1 1 1 0
program/235 1 1 1 0 1 1 1 1 1 1 1 1 1 0 0 1 0 0 1 1 0 1 1 1 0 1 0 0 0 0 0 0 0 0
program/234 1 1 1 0 1 1 1 1 1 1 1 1 1 0 0 1 0 0 1 1 0 1 1 1 0 1 0 0 0 0 0 0 0 0
program/109 1 1 1 0 1 1 1 0 1 1 1 1 1 1 1 0 1 1 0 0 1 0 0 0 0 0 0 1 1 1 1 0 1 0
program/108 0 0 0 1 1 0 0 0 0 0 0 0 0 1 1 1 1 1 0 0 1 1 1 1 1 0 1 1 1 1 1 1 1 0
program/231 1 1 1 0 1 1 1 1 1 1 1 1 1 0 0 1 0 0 1 1 0 1 1 1 0 1 0 0 0 0 0 0 0 0
program/230 1 1 1 0 1 1 1 1 1 1 1 1 1 0 0 1 0 0 1 1 0 1 1 1 0 1 0 0 0 0 0 0 0 0
program/233 1 1 1 0 1 1 1 1 1 1 1 1 1 0 0 1 0 0 1 1 0 1 1 1 0 1 0 0 0 0 0 0 0 0
program/232 1 1 1 0 1 1 1 1 1 1 1 1 1 0 0 1 0 0 1 1 0 1 1 1 0 1 0 0 0 0 0 0 0 0
program/334 0 0 0 0 1 1 0 0 0 0 0 0 0 1 1 0 1 1 0 0 1 0 0 0 0 0 1 1 0 1 1 0 1 0
program/29 0 0 0 0 1 0 0 0 0 0 1 0 0 1 1 0 1 1 0 0 0 0 0 0 0 0 0 1 1 1 1 0 1 0
program/188 1 0 0 1 1 1 1 0 1 0 0 1 0 1 1 0 1 1 0 0 1 1 0 1 1 1 1 1 1 1 1 1 1 0
program/261 1 1 1 0 1 1 1 1 1 1 1 0 1 0 0 1 0 0 1 1 0 1 1 1 0 1 0 0 1 0 0 0 0 0
program/183 1 1 1 0 1 1 1 0 1 1 1 1 1 1 1 0 1 1 1 0 0 0 0 1 0 0 0 1 1 1 1 0 1 0
program/182 1 0 0 0 1 0 1 0 1 0 0 0 0 1 1 1 1 1 0 0 0 0 1 0 0 1 0 1 1 1 1 0 1 0
program/181 1 0 0 0 1 0 1 0 1 0 0 0 0 1 1 1 1 1 0 0 0 0 1 0 0 1 0 1 1 1 1 0 1 0
program/180 1 1 1 0 1 1 1 0 1 1 1 1 1 1 1 0 1 1 1 0 0 0 0 1 0 0 0 1 1 1 1 0 1 0
program/187 0 1 1 0 1 1 0 0 0 1 1 1 1 1 1 1 1 1 1 0 0 0 0 1 0 0 0 1 1 1 1 0 1 0
program/186 1 1 0 0 1 0 1 0 1 0 0 1 0 1 1 0 0 1 1 1 0 0 0 0 0 0 0 1 1 1 1 0 0 0
program/185 0 1 1 1 1 1 0 0 0 1 1 1 1 1 1 0 1 1 1 0 1 0 0 1 1 0 1 1 1 1 1 1 1 0
program/184 0 0 0 1 1 0 0 0 0 0 0 0 0 1 1 1 1 1 0 0 1 0 1 0 1 1 1 1 1 1 1 1 1 0
program/340 0 0 0 0 1 0 0 0 0 0 0 0 1 1 1 0 1 1 0 0 1 0 0 0 0 0 1 1 1 1 1 0 1 0
program/257 1 0 0 0 1 0 1 0 1 0 1 1 0 1 1 0 1 1 0 0 1 1 0 0 0 0 1 1 0 1 1 0 1 0
program/291 1 1 1 0 1 1 1 1 1 1 1 1 1 1 1 1 1 1 1 1 1 1 1 1 0 1 1 1 1 1 1 0 1 0
program/272 0 0 0 0 0 0 0 0 0 0 0 0 0 0 0 0 0 0 0 0 0 1 0 0 0 0 0 0 0 0 0 0 0 0
program/256 1 0 0 0 1 0 1 0 1 1 0 0 1 0 1 0 1 0 1 0 1 0 0 0 0 0 1 1 1 0 1 0 1 0
program/361 0 0 0 0 1 0 0 0 0 0 0 0 1 1 1 0 1 1 0 0 1 0 0 0 0 0 1 1 1 1 1 0 1 0
program/275 1 1 1 0 1 1 1 1 1 1 1 1 1 1 1 1 1 1 1 1 1 1 1 1 0 1 1 1 1 1 1 0 1 0
program/255 0 0 0 0 1 0 0 0 0 0 0 0 0 1 1 0 1 1 0 0 1 0 0 0 0 0 1 1 1 1 1 0 1 0
program/335 0 0 0 0 1 0 0 0 0 0 0 0 0 1 1 0 1 1 0 0 1 0 0 0 0 0 1 1 0 1 1 0 1 0
program/358 0 0 0 0 1 1 0 0 0 0 0 0 0 1 1 0 1 1 0 0 1 0 0 0 0 0 1 1 0 0 1 0 0 0
program/251 1 1 1 0 1 1 1 1 1 1 0 0 1 0 0 1 0 0 1 1 0 0 1 1 0 1 0 0 1 0 0 0 0 0
program/352 0 0 0 0 1 0 0 0 0 0 0 0 0 1 1 0 1 1 0 0 1 0 0 0 0 0 1 1 1 1 1 0 1 0
program/253 1 1 1 0 1 1 1 1 1 1 0 1 1 0 0 1 0 0 1 1 0 0 1 1 0 1 0 0 0 0 0 0 0 0
program/350 0 0 0 0 1 1 0 0 0 0 0 0 0 1 1 0 1 1 0 0 1 0 0 0 0 0 1 1 1 1 1 0 1 0
program/351 0 0 0 0 1 1 0 0 0 0 0 0 0 1 1 0 1 1 0 0 1 0 0 0 0 0 1 1 1 1 1 0 1 0
program/357 0 0 0 0 1 0 0 0 0 0 0 0 0 1 1 0 1 1 0 0 1 0 0 0 0 0 1 1 1 1 1 0 1 0
program/252 1 0 0 0 1 0 1 0 1 0 1 0 0 1 1 0 1 1 0 0 1 1 0 0 0 0 1 1 1 1 1 0 1 0
program/110 1 0 0 0 1 0 1 0 1 0 1 0 0 1 1 1 1 1 0 0 1 1 1 1 0 0 0 1 1 1 1 0 1 0
program/111 0 1 0 0 1 0 0 1 0 1 1 0 0 1 1 0 1 1 1 0 1 1 0 1 0 0 0 1 1 1 1 0 1 0
program/112 1 0 0 0 1 0 1 0 1 1 1 1 1 1 1 0 1 1 1 0 0 0 0 1 0 0 0 1 1 1 1 0 1 0
program/113 0 0 0 0 1 0 0 0 0 1 1 0 0 1 1 0 1 1 0 0 0 0 0 0 0 0 0 1 1 1 1 0 0 0
program/114 1 0 0 0 1 0 1 0 1 0 0 0 0 1 1 1 1 1 0 0 1 1 1 1 0 0 0 1 1 1 1 0 1 0
program/115 1 1 1 0 1 1 1 0 1 1 1 1 1 1 1 0 1 1 0 0 1 0 0 0 0 0 0 1 1 1 1 0 1 0
program/116 1 0 0 0 1 0 1 0 1 1 1 1 1 1 1 1 1 1 0 0 1 1 1 0 0 0 0 1 1 1 1 0 1 0
program/117 1 0 0 0 1 0 1 0 1 0 0 1 0 1 1 0 1 1 1 0 1 1 0 1 0 0 0 1 1 1 1 0 1 0
program/118 1 1 1 0 1 1 1 0 1 1 1 1 1 1 1 0 1 1 1 0 0 0 0 1 0 0 0 1 1 1 1 0 1 0
program/119 0 1 1 1 1 1 0 0 0 1 1 1 1 1 1 0 1 1 0 0 1 1 0 0 1 0 1 1 1 1 1 1 1 0
program/228 1 1 1 0 1 1 1 1 1 1 1 1 1 0 0 1 0 0 1 1 0 1 1 1 0 1 0 0 0 0 0 0 0 0
program/229 1 1 1 0 1 1 1 1 1 1 1 1 1 0 0 1 0 0 1 1 0 1 1 1 0 1 0 0 0 0 0 0 0 0
program/145 0 0 0 0 0 0 0 0 0 0 0 0 0 1 0 0 1 1 0 1 0 0 0 0 0 0 0 1 0 0 0 0 0 0
program/198 0 0 0 1 1 0 0 0 0 0 0 0 0 1 1 1 1 1 0 0 1 1 1 1 1 0 1 1 1 1 1 1 1 0
program/199 0 1 1 1 1 1 0 0 0 1 1 1 1 1 1 0 1 1 0 0 1 0 0 0 1 0 1 1 1 1 1 1 1 0
program/359 0 0 0 0 1 0 0 0 0 0 0 0 0 1 1 0 1 1 0 0 1 0 0 0 0 0 1 1 1 1 1 0 1 0
program/58 0 0 0 1 1 0 0 0 0 0 0 0 0 1 1 0 1 1 1 0 1 0 1 0 1 0 1 1 1 1 1 1 1 0
program/59 0 1 1 1 1 1 0 0 0 1 1 1 1 1 1 0 1 1 0 1 1 0 1 0 1 0 1 1 1 1 1 1 1 0
program/56 0 0 0 0 0 0 0 0 0 0 0 0 0 1 1 1 1 1 0 0 0 0 0 0 0 1 0 1 0 1 1 0 1 0
program/57 0 0 0 0 1 0 0 0 0 0 0 0 0 1 1 1 1 1 0 0 0 0 0 1 0 1 0 1 0 1 1 0 1 0
program/54 1 1 1 0 1 1 1 0 1 1 1 1 1 1 1 0 1 1 1 0 0 0 0 0 0 0 0 1 1 1 1 0 1 0
program/55 0 1 1 1 1 1 0 0 0 1 1 1 1 1 1 0 1 1 0 1 1 0 1 0 1 0 1 1 1 1 1 1 1 0
program/52 0 0 0 0 1 0 0 0 0 0 0 0 0 1 1 0 1 1 0 0 0 0 0 0 0 0 0 1 1 1 1 0 1 0
program/53 1 0 0 0 1 0 1 0 1 0 0 1 0 1 1 0 1 1 0 0 0 0 0 0 0 0 0 1 1 1 1 0 1 0
program/50 0 0 0 0 1 0 0 0 0 0 0 0 0 1 1 0 1 1 1 0 0 0 0 0 0 0 0 1 1 1 1 0 1 0
program/51 0 1 1 0 1 1 0 0 0 1 1 1 1 1 1 0 1 1 0 1 0 0 0 0 0 0 0 1 1 1 1 0 1 0
program/328 0 0 0 0 1 0 0 0 0 1 0 0 0 1 1 0 1 1 0 0 1 0 0 0 0 0 1 1 1 1 1 0 1 0
program/311 1 0 1 0 1 0 1 1 1 1 0 1 0 1 1 1 1 1 1 1 1 1 1 1 0 1 1 1 1 1 1 0 1 0
program/368 1 1 1 1 1 1 1 1 1 1 1 1 1 1 1 1 1 1 1 1 1 1 1 1 1 1 1 1 1 1 1 1 1 0
program/226 1 1 1 0 1 1 1 1 1 1 1 1 1 0 0 1 0 0 1 1 0 1 1 1 0 1 0 0 0 0 0 0 0 0
program/277 1 0 0 0 1 0 1 0 1 0 0 1 0 1 1 1 1 1 1 1 1 1 1 1 0 1 1 1 1 1 1 0 1 0
program/190 1 1 1 1 1 1 1 1 1 1 1 1 1 1 1 0 1 1 0 0 1 1 0 1 1 0 1 1 1 1 1 1 1 0
program/337 0 0 0 0 1 0 0 0 0 0 0 0 0 1 1 0 1 1 0 0 1 0 0 0 0 0 1 1 1 1 1 0 1 0
program/269 1 1 1 1 1 1 1 1 1 1 1 1 1 1 1 1 1 1 1 1 1 1 1 1 1 1 1 1 1 1 1 1 1 0
program/216 1 0 0 1 1 0 1 1 1 1 1 1 1 1 1 0 1 1 1 0 1 1 0 0 1 1 1 1 1 1 1 1 1 0
program/154 0 0 0 1 1 0 0 0 0 0 0 0 0 1 1 0 1 1 0 0 1 0 0 0 1 0 1 1 1 1 1 1 1 0
program/153 1 1 1 0 1 1 1 0 1 1 1 1 1 1 1 0 1 1 0 0 1 1 0 0 0 0 0 1 1 1 1 0 1 0
program/155 0 1 1 1 1 1 0 1 0 1 1 1 1 1 1 1 1 1 1 1 1 1 1 1 1 1 1 1 1 1 1 1 1 0
program/327 0 0 0 0 1 1 0 0 0 1 0 0 0 1 1 0 1 1 0 0 1 0 0 0 0 0 1 1 1 1 1 0 1 0
program/326 0 0 0 0 1 0 0 0 0 0 0 0 0 1 1 0 1 1 0 0 1 0 0 0 0 0 1 1 1 1 1 0 1 0
program/325 0 0 0 0 1 0 0 0 0 0 0 0 0 1 1 0 1 1 0 0 1 0 0 0 0 0 1 1 1 1 1 0 1 0
program/258 1 1 1 0 1 1 1 1 1 1 0 1 1 0 0 1 0 0 1 1 0 0 1 1 0 1 0 0 0 0 0 0 0 0
program/323 0 0 0 0 1 0 0 0 0 0 0 0 0 1 1 0 1 1 0 0 1 0 0 0 0 0 1 1 1 1 1 0 1 0
program/156 0 1 0 1 1 0 0 0 0 0 0 0 0 1 1 0 1 1 0 0 1 0 0 0 1 0 1 1 1 1 1 1 1 0
program/320 1 1 0 0 1 1 1 0 1 1 0 1 0 1 1 1 1 1 1 1 1 1 1 1 0 1 1 1 1 1 1 0 1 0
program/125 0 0 0 1 1 0 0 0 0 0 0 0 0 1 1 0 1 1 0 0 1 0 0 0 1 0 1 1 1 1 1 1 1 0
program/124 0 0 0 1 1 1 0 0 0 0 0 0 0 1 1 0 1 1 0 0 1 0 0 0 1 0 1 1 1 1 1 1 1 0
program/127 1 1 1 0 1 1 1 0 1 1 1 1 1 1 1 0 1 1 1 0 0 0 0 0 0 0 0 1 1 1 1 0 1 0
program/126 0 0 0 0 1 0 0 0 0 0 1 0 0 1 1 0 1 1 0 0 1 1 0 0 0 0 0 1 1 1 1 0 1 0
program/121 1 1 1 0 1 1 1 0 1 1 1 1 1 1 1 0 1 1 0 1 0 0 0 1 0 0 0 1 1 1 1 0 1 0
program/120 0 0 0 0 1 0 0 0 0 0 1 0 0 1 1 0 1 1 0 0 1 1 0 0 0 0 0 1 1 1 1 0 1 0
program/123 0 1 1 1 1 1 0 0 0 1 1 1 1 1 1 0 1 1 0 0 1 0 0 0 1 0 1 1 1 1 1 1 1 0
program/122 0 0 0 1 1 0 0 0 0 0 0 0 0 1 1 1 1 1 0 0 1 1 1 1 1 0 1 1 1 1 1 1 1 0
program/250 1 0 0 0 1 0 1 0 1 0 0 1 0 1 1 0 1 1 0 0 1 0 0 0 0 0 1 1 0 1 1 0 1 0
program/150 1 1 1 0 1 1 1 0 1 1 1 1 1 1 1 0 1 1 0 0 1 1 0 0 0 0 0 1 1 1 1 0 1 0
program/238 0 0 0 0 1 0 0 0 0 0 0 0 0 0 1 0 0 1 0 0 0 0 0 0 0 0 1 1 1 1 1 0 1 0
program/129 1 1 1 1 1 1 1 0 1 1 1 1 1 1 1 0 1 1 1 0 1 1 0 1 1 0 1 1 1 1 1 1 1 0
program/128 1 1 1 1 1 1 1 1 1 1 1 1 1 1 1 0 1 1 0 0 1 1 0 0 1 0 1 1 1 1 1 1 1 0
program/259 0 0 0 0 1 0 0 0 0 0 0 0 0 1 1 0 1 1 0 0 1 0 0 0 0 0 1 1 1 1 1 0 1 0
program/151 0 1 1 1 1 1 0 1 0 1 1 1 1 1 1 1 1 1 1 1 1 1 1 1 1 1 1 1 1 1 1 1 1 0
program/49 0 0 0 0 0 0 0 0 0 0 0 0 0 1 1 0 1 1 1 1 0 0 0 1 0 0 0 0 1 0 1 0 1 0
program/48 0 0 0 0 1 0 0 0 0 0 0 0 1 1 1 0 1 1 1 0 0 0 0 0 0 0 0 1 1 1 1 0 1 0
program/45 0 1 1 0 1 1 0 0 0 1 1 1 1 1 1 0 1 1 0 1 0 0 0 0 0 0 0 1 1 1 1 0 1 0
program/44 0 0 0 1 1 0 0 0 0 0 0 0 0 1 1 0 1 1 1 0 1 0 1 0 1 0 1 1 1 1 1 1 1 0
program/47 0 0 0 0 1 0 0 0 0 0 1 0 0 1 1 0 1 1 0 0 0 0 0 0 0 0 0 1 1 1 1 0 1 0
program/46 0 0 0 0 1 0 0 0 0 0 0 0 0 1 1 0 1 1 1 0 0 0 0 0 0 0 0 1 1 1 1 0 1 0
program/41 1 1 1 1 1 1 1 0 1 1 1 1 1 1 1 0 1 1 0 1 1 1 1 0 1 0 1 1 1 1 1 1 1 0
program/40 1 1 1 1 1 1 1 1 1 1 1 1 1 1 1 0 1 1 0 0 1 1 1 0 1 0 1 1 1 1 1 1 1 0
program/43 0 1 1 1 1 1 0 0 0 1 1 1 1 1 1 0 1 1 0 1 1 0 1 0 1 0 1 1 1 1 1 1 1 0
program/42 0 0 0 0 1 0 0 0 0 0 0 0 0 1 1 0 1 1 1 0 0 0 0 0 0 0 0 1 1 1 1 0 1 0
program/312 1 0 0 0 1 0 1 0 1 0 0 1 0 1 1 1 1 1 1 1 1 1 1 1 0 1 1 1 1 1 1 0 1 0
program/222 1 1 1 0 1 1 1 1 1 1 1 1 1 0 0 1 0 0 1 1 0 1 1 1 0 1 0 0 0 0 0 0 0 0
program/193 0 0 0 1 1 0 0 0 0 0 0 0 0 1 1 1 1 1 0 0 1 1 1 1 1 0 1 1 1 1 1 1 1 0
program/346 0 0 0 0 1 0 0 0 0 0 0 0 0 1 1 0 1 1 0 0 1 0 0 0 0 0 1 1 1 1 1 0 1 0
program/331 0 0 0 0 1 0 0 0 0 0 0 0 0 1 1 0 1 1 0 0 1 0 0 0 0 0 1 1 1 1 1 0 1 0
program/223 1 1 1 0 1 1 1 1 1 1 1 1 1 0 0 1 0 0 1 1 0 1 1 1 0 1 0 0 0 0 0 0 0 0
program/220 1 1 1 0 1 1 1 1 1 1 1 1 1 0 0 1 0 0 1 1 0 1 1 1 0 1 0 0 0 0 0 0 0 0
program/138 1 0 0 0 1 0 1 0 1 0 0 0 0 1 1 0 1 1 0 0 1 0 0 0 0 0 1 1 1 1 1 0 1 0
program/139 0 1 1 1 1 1 0 1 0 1 1 1 1 1 1 1 1 1 1 1 1 1 1 1 1 1 1 1 1 1 1 1 1 0
program/338 0 0 0 0 1 0 0 0 0 0 0 0 0 1 1 0 1 1 0 0 1 0 0 0 0 0 1 1 1 1 1 0 1 0
program/339 0 0 0 0 1 1 0 0 0 0 0 0 0 1 1 0 1 1 0 0 1 0 0 0 0 0 1 1 1 1 1 0 1 0
program/132 1 0 0 0 1 0 1 0 1 0 0 0 0 1 1 1 1 1 0 1 1 0 1 0 0 0 1 1 1 1 1 0 1 0
program/133 1 0 0 0 1 1 1 0 1 1 1 1 1 1 1 0 1 1 0 0 1 1 0 0 0 0 1 1 1 1 1 0 1 0
program/130 0 0 0 0 0 0 0 1 0 0 0 0 0 1 1 0 1 1 0 0 1 0 0 0 0 0 1 1 1 0 1 0 1 0
program/131 1 0 0 0 1 0 1 1 1 0 0 0 0 1 1 0 1 1 0 0 1 0 0 0 0 0 0 1 1 1 1 0 1 0
program/136 1 0 0 1 1 1 1 0 1 1 1 1 1 1 1 0 1 1 0 0 1 1 0 0 1 0 1 1 1 1 1 1 1 0
program/137 1 1 1 1 1 1 1 1 1 1 1 1 1 1 1 1 1 1 1 1 1 1 1 1 1 1 1 1 1 1 1 1 1 0
program/134 0 0 0 0 0 0 0 0 0 0 0 0 0 1 0 0 1 1 0 0 0 0 0 0 0 0 0 1 0 0 0 0 0 0
program/135 1 0 0 0 1 0 1 0 1 1 1 1 1 1 1 1 1 1 0 1 1 1 1 0 0 0 1 1 1 1 1 0 1 0
program/244 0 0 0 0 1 0 0 0 0 0 0 0 0 1 1 0 1 1 0 0 1 0 0 0 0 0 1 1 1 1 1 0 1 0
program/245 0 0 0 0 1 0 0 0 0 0 0 0 0 1 1 0 1 1 0 0 1 0 0 0 0 0 1 1 1 1 1 0 1 0
program/246 0 0 0 0 1 0 0 0 0 0 0 0 0 1 1 0 1 1 0 0 1 0 0 0 0 0 1 1 0 1 1 0 1 0
program/247 0 0 0 0 1 0 0 0 0 0 0 0 0 1 1 0 1 1 0 0 1 0 0 0 0 0 1 1 1 1 1 0 1 0
program/240 0 0 0 0 1 0 0 1 0 1 1 0 1 0 0 1 0 0 1 1 0 1 1 1 0 1 0 0 0 0 0 0 0 0
program/224 1 1 1 0 1 1 1 1 1 1 1 1 1 0 0 1 0 0 1 1 0 1 1 1 0 1 0 0 0 0 0 0 0 0
program/141 1 1 1 0 1 1 1 1 1 1 1 1 1 1 1 1 1 1 1 1 1 1 1 1 0 1 1 1 1 1 1 0 1 0
program/243 0 0 0 0 1 0 0 0 0 0 0 0 0 1 1 0 1 1 0 0 1 0 0 0 0 0 1 1 0 1 1 0 1 0
program/192 0 1 1 1 1 1 0 0 0 1 1 1 1 1 1 0 1 1 0 0 1 0 0 0 1 0 1 1 1 1 1 1 1 0
program/225 1 1 1 0 1 1 1 1 1 1 1 1 1 0 0 1 0 0 1 1 0 1 1 1 0 1 0 0 0 0 0 0 0 0
program/248 0 0 0 0 1 0 0 0 0 0 0 0 0 1 1 0 1 1 0 0 1 1 0 0 0 0 1 1 1 1 1 0 1 0
program/249 1 1 1 1 1 1 1 1 1 1 1 1 1 0 0 1 0 0 1 1 0 0 1 1 1 1 0 0 1 0 0 1 0 0
program/70 0 0 0 0 1 0 0 0 0 0 1 0 1 1 1 0 0 1 1 0 0 0 0 0 0 1 0 1 0 1 1 0 0 0
program/71 1 1 0 0 1 0 1 0 1 1 0 1 0 1 1 0 1 1 0 0 0 0 0 0 0 1 0 1 1 1 1 0 1 0
program/72 1 0 0 1 1 0 1 0 1 0 1 1 0 1 1 1 1 1 0 0 1 1 0 0 1 1 1 1 1 1 1 1 1 0
program/73 1 1 1 1 1 1 1 0 1 1 1 1 1 1 1 0 1 1 1 0 1 1 0 1 1 0 1 1 1 1 1 1 1 0
program/74 1 0 0 0 1 0 1 0 1 0 0 0 0 1 1 1 1 1 0 0 0 0 1 0 0 1 0 1 1 1 1 0 1 0
program/75 0 1 1 1 1 1 0 0 0 1 1 1 1 1 1 0 1 1 1 0 1 0 0 1 1 0 1 1 1 1 1 1 1 0
program/76 0 0 0 1 1 0 0 0 0 0 0 0 0 1 1 1 1 1 0 0 1 0 1 0 1 1 1 1 1 1 1 1 1 0
program/77 1 1 1 0 1 1 1 0 1 1 1 1 1 1 1 0 1 1 1 0 0 0 0 1 0 0 0 1 1 1 1 0 1 0
program/78 1 0 0 0 1 0 1 0 1 0 1 0 0 1 1 1 1 1 0 0 0 0 1 0 0 1 0 1 1 1 1 0 1 0
program/79 1 0 0 0 1 0 1 0 1 1 0 1 0 1 1 1 0 1 0 0 0 0 0 0 0 0 0 1 1 1 1 0 0 0
program/313 0 0 0 0 1 0 0 0 0 1 0 0 1 1 1 0 1 1 0 0 1 0 0 0 0 0 1 1 1 1 1 0 1 0
program/363 1 1 1 0 0 0 1 1 1 0 1 0 0 0 0 1 0 0 1 1 0 1 1 1 0 1 0 0 0 0 0 0 0 0
program/343 0 0 0 0 1 0 0 0 0 0 0 0 0 1 1 0 1 1 0 0 1 0 0 0 0 0 1 1 1 1 1 0 1 0
program/317 1 1 1 0 0 0 1 1 1 0 1 0 0 0 0 1 0 0 1 1 0 1 1 1 0 1 0 0 0 0 0 0 0 0
program/12 0 0 0 0 1 0 1 0 1 0 0 1 0 0 0 0 0 0 0 0 0 0 0 0 0 0 0 0 0 0 0 0 0 0
program/13 0 1 0 0 1 0 0 1 0 1 1 0 1 0 0 0 0 0 0 0 0 0 0 0 0 0 0 0 0 0 0 0 0 0
program/10 0 0 0 0 1 0 0 0 0 0 1 0 1 0 0 0 0 0 0 0 0 0 0 0 0 0 0 0 0 0 0 0 0 0
program/11 0 0 0 0 1 0 0 0 0 0 0 0 0 0 0 0 0 0 0 0 0 0 0 0 0 0 0 0 0 0 0 0 0 0
program/16 1 1 1 1 1 1 1 1 1 1 1 1 1 1 1 1 1 1 1 1 1 1 1 1 1 1 1 1 1 1 1 1 1 0
program/17 1 1 1 1 1 1 1 1 1 1 1 1 1 1 1 1 1 1 1 1 1 1 1 1 0 1 1 1 1 1 1 0 1 0
program/14 0 1 0 0 1 0 0 0 0 0 1 0 0 0 0 0 0 0 0 0 0 0 0 0 0 0 0 0 0 0 0 0 0 0
program/15 1 1 1 0 1 1 1 1 1 1 1 1 1 1 1 1 1 1 1 1 1 1 1 1 0 1 1 1 1 1 1 0 1 0
program/18 1 1 1 0 1 1 1 1 1 1 1 1 1 1 1 1 1 1 1 1 1 1 1 1 0 1 1 1 1 1 1 0 1 0
program/19 1 1 1 0 1 1 1 1 1 1 1 1 1 1 1 1 1 1 1 1 1 1 1 1 0 1 1 1 1 1 1 0 1 0
program/303 0 0 0 0 1 0 0 0 0 0 0 0 0 1 1 0 1 1 0 0 1 0 0 0 0 0 1 1 1 1 1 0 1 0
program/279 1 1 1 0 1 1 1 1 1 1 1 1 1 1 1 1 1 1 1 1 1 1 1 1 0 1 1 1 1 1 1 0 1 0
program/147 1 1 1 0 1 1 1 1 1 1 1 1 1 1 1 1 1 1 1 1 1 1 1 1 0 1 1 1 1 1 1 0 1 0
program/98 0 0 0 0 1 0 0 1 0 1 1 0 0 1 1 0 1 1 0 0 1 0 0 0 0 0 0 1 1 1 1 0 1 0
program/99 1 0 0 0 1 0 1 1 1 0 0 0 0 1 1 0 1 1 0 0 0 0 0 0 0 0 0 1 1 1 1 0 1 0
program/305 1 0 1 0 1 0 1 1 1 1 0 1 1 1 1 1 1 1 1 1 1 1 1 1 0 1 1 1 1 1 1 0 1 0
program/304 1 1 0 0 1 1 1 1 1 1 0 1 1 1 1 1 1 1 1 1 1 1 1 1 0 1 1 1 1 1 1 0 1 0
program/149 1 0 0 0 1 0 1 0 1 0 0 1 0 1 1 1 1 1 0 1 1 0 1 0 0 0 1 1 1 0 1 0 1 0
program/146 1 0 0 0 1 0 1 0 1 0 0 0 0 1 1 0 1 1 0 0 1 0 0 0 0 0 1 1 1 1 1 0 1 0
program/92 0 1 0 1 1 0 0 0 0 0 0 0 0 1 1 0 1 1 1 0 1 1 0 1 1 1 1 1 1 1 1 1 1 0
program/93 0 0 0 1 1 0 0 0 0 0 0 0 0 1 1 0 1 1 1 0 1 1 0 0 1 0 1 1 1 1 1 1 1 0
program/90 0 0 0 1 1 0 0 0 0 0 0 0 0 1 1 1 1 1 0 0 1 0 1 0 1 1 1 1 1 1 1 1 1 0
program/91 0 1 1 1 1 1 0 0 0 1 1 1 1 1 1 0 1 1 1 0 1 0 0 1 1 0 1 1 1 1 1 1 1 0
program/96 1 1 0 1 1 0 1 0 1 1 0 1 1 1 1 0 1 1 0 0 1 1 0 1 1 1 1 1 1 1 1 1 1 0
program/97 1 1 1 1 1 1 1 0 1 1 1 1 1 1 1 0 1 1 0 1 1 1 0 0 1 0 1 1 1 1 1 1 1 0
program/94 1 0 0 0 1 0 1 0 1 0 0 1 0 1 1 0 0 1 1 1 0 0 0 0 0 0 0 1 1 1 1 0 0 0
program/95 0 1 1 0 1 1 0 0 0 1 1 1 1 1 1 1 1 1 1 0 0 0 0 1 0 0 0 1 1 1 1 0 1 0
program/227 1 1 1 0 1 1 1 1 1 1 1 1 1 0 0 1 0 0 1 1 0 1 1 1 0 1 0 0 0 0 0 0 0 0
program/144 1 0 0 0 1 0 1 0 1 1 1 1 1 1 1 0 1 1 0 0 1 1 0 0 0 0 0 1 1 1 1 0 1 0
program/194 1 1 1 0 1 1 1 0 1 1 1 1 1 1 1 0 1 1 0 0 1 0 0 0 0 0 0 1 1 1 1 0 1 0
program/329 0 0 0 0 1 0 0 0 0 0 0 0 1 1 1 0 1 1 0 0 1 0 0 0 0 0 1 1 1 1 1 0 1 0
program/143 0 0 0 0 1 0 0 0 0 0 1 0 0 1 1 1 1 1 0 1 1 0 1 0 0 0 1 1 1 0 1 0 1 0
program/353 0 0 0 0 1 0 0 0 0 0 0 0 0 1 1 0 1 1 0 0 1 0 0 0 0 0 1 1 1 1 1 0 1 0
program/302 0 0 0 0 1 0 0 0 0 0 0 0 0 1 1 0 1 1 0 0 1 1 0 1 0 0 1 1 1 1 1 0 1 0
program/142 1 0 0 0 1 0 1 0 1 0 0 0 0 1 1 0 1 1 0 0 1 0 0 0 0 0 1 1 1 1 1 0 1 0
program/67 0 0 0 0 1 0 0 1 0 0 0 0 0 1 1 0 1 1 1 0 0 0 0 0 0 0 0 1 1 1 1 0 1 0
program/66 0 1 0 0 1 0 0 1 0 0 0 0 0 1 1 0 0 1 1 0 0 0 0 0 0 1 0 1 1 1 1 0 0 0
program/65 1 1 1 1 1 1 1 0 1 1 1 1 1 1 1 0 1 1 1 0 1 1 0 0 1 0 1 1 1 1 1 1 1 0
program/64 1 1 1 1 1 1 1 1 1 1 1 1 1 1 1 0 1 1 1 1 1 1 0 0 1 0 1 1 1 1 1 1 1 0
program/63 0 0 0 0 1 0 0 0 0 0 0 0 0 1 1 0 1 1 0 1 0 0 1 0 0 0 0 1 1 1 1 0 1 0
program/62 0 0 0 0 0 0 0 0 0 0 0 0 0 1 1 0 1 1 0 1 0 0 1 0 0 0 0 1 1 1 1 0 1 0
program/61 0 1 0 1 1 0 0 0 0 0 0 0 0 1 1 0 1 1 0 1 1 1 0 0 1 0 1 1 1 1 1 1 1 0
program/60 0 0 1 1 1 0 0 0 0 0 0 0 1 1 1 0 1 1 1 0 1 1 0 0 1 0 1 1 1 1 1 1 1 0
program/140 0 0 0 1 1 0 0 0 0 0 0 0 0 1 1 0 1 1 0 0 1 0 0 0 1 0 1 1 1 1 1 1 1 0
program/322 0 0 0 0 1 0 0 0 0 0 0 0 0 1 1 0 1 1 0 0 1 0 0 0 0 0 1 1 1 1 1 0 1 0
program/342 0 0 0 0 1 0 0 0 0 0 0 0 1 1 1 0 1 1 0 0 1 0 0 0 0 0 1 1 1 1 1 0 1 0
program/69 0 0 0 0 1 0 0 1 0 0 0 0 0 1 1 1 1 1 0 0 0 0 0 0 0 0 0 1 1 1 1 0 1 0
program/68 1 0 0 0 1 0 1 1 1 0 0 0 0 1 1 0 1 1 0 1 0 0 0 0 0 0 0 1 1 1 1 0 1 0
program/345 0 0 0 0 1 0 0 0 0 0 0 0 1 1 1 0 1 1 0 0 1 0 0 0 0 0 1 1 1 1 1 0 1 0
program/221 1 1 1 0 1 1 1 1 1 1 1 1 1 0 0 1 0 0 1 1 0 1 1 1 0 1 0 0 0 0 0 0 0 0
program/344 0 0 0 0 1 1 0 0 0 0 0 0 0 1 1 0 1 1 0 0 1 0 0 0 0 0 1 1 0 1 1 0 1 0
program/276 1 0 0 0 1 0 1 0 1 0 0 1 0 0 0 0 0 0 0 0 0 0 0 0 0 0 0 0 0 0 0 0 0 0
program/347 0 0 0 0 1 0 0 0 0 0 0 0 0 1 1 0 1 1 0 0 1 0 0 0 0 0 1 0 1 1 1 0 1 0
program/89 0 1 1 0 1 1 0 0 0 1 1 1 1 1 1 0 1 1 1 0 0 0 0 0 0 1 0 1 1 1 1 0 1 0
program/88 1 0 0 0 1 0 1 1 1 0 0 1 0 1 1 0 0 1 0 0 0 0 0 0 0 0 0 1 1 1 1 0 0 0
program/314 1 1 1 0 1 1 1 0 1 1 0 1 1 1 1 1 1 1 1 1 1 1 1 1 0 1 1 1 1 1 1 0 1 0
program/315 1 1 1 0 0 0 1 0 1 0 1 0 0 0 0 1 0 0 1 1 0 1 1 1 0 1 0 0 0 0 0 0 0 0
program/158 0 0 0 0 0 0 0 0 0 0 0 0 0 1 1 0 1 1 1 1 1 0 1 0 0 0 1 1 1 0 1 0 1 0
program/159 1 1 1 0 1 1 1 0 1 1 1 1 1 1 1 1 1 1 1 1 1 1 1 1 0 1 0 1 1 1 1 0 1 0
program/268 0 1 1 0 1 1 0 1 0 0 1 1 0 1 0 1 0 0 1 1 0 0 1 1 0 1 0 0 0 0 0 0 0 0
program/191 1 1 1 1 1 1 1 0 1 1 1 1 1 1 1 0 1 1 0 0 1 1 0 0 1 0 1 1 1 1 1 1 1 0
program/81 0 0 0 0 1 1 0 0 0 0 1 0 0 1 1 1 0 1 0 0 0 0 1 0 0 0 0 1 0 1 1 0 0 0
program/80 0 0 0 0 1 0 0 0 0 0 0 0 0 1 1 0 1 1 0 1 0 0 0 0 0 0 0 1 1 1 1 0 1 0
program/83 1 1 1 0 1 1 1 0 1 1 1 1 1 1 1 0 1 1 1 0 0 0 0 1 0 0 0 1 1 1 1 0 1 0
program/82 1 0 0 0 1 0 1 0 1 0 0 0 0 1 1 1 1 1 0 0 0 0 1 0 0 1 0 1 1 1 1 0 1 0
program/85 1 0 0 0 1 0 1 1 1 0 0 1 0 1 1 1 0 1 0 0 0 0 0 0 0 0 0 1 1 1 1 0 0 0
program/84 1 0 0 0 1 0 1 0 1 0 1 1 0 1 1 0 1 1 0 1 0 0 0 0 0 0 0 1 1 1 1 0 1 0
program/87 0 1 1 1 1 1 0 0 0 1 1 1 1 1 1 0 1 1 1 0 1 0 0 1 1 0 1 1 1 1 1 1 1 0
program/86 1 1 1 0 1 1 1 1 1 1 1 1 1 1 1 0 1 1 0 1 0 0 0 0 0 0 0 1 1 1 1 0 1 0
program/280 0 0 0 0 0 0 0 0 0 0 0 0 0 0 0 0 0 0 0 0 0 0 0 0 0 0 0 0 0 0 0 0 0 0
program/2 0 0 0 0 1 0 0 0 0 1 1 0 1 0 0 0 0 0 0 0 0 0 0 0 0 0 0 0 0 0 0 0 0 0
program/3 1 1 1 1 1 1 1 1 1 1 1 1 1 1 1 1 1 1 1 1 1 1 1 1 0 1 1 1 1 1 1 0 1 0
program/266 0 0 0 0 1 0 0 0 0 0 0 0 0 1 1 0 1 1 0 0 1 0 0 0 0 0 1 1 1 1 1 0 1 0
program/5 0 1 0 0 1 1 0 1 0 0 1 0 0 0 0 0 0 0 0 0 0 0 0 0 0 0 0 0 0 0 0 0 0 0
program/6 0 0 0 0 1 0 0 1 1 0 1 0 0 0 0 0 0 0 0 0 0 0 0 0 0 0 0 0 0 0 0 0 0 0
program/7 0 0 1 0 1 0 0 1 0 0 1 0 0 0 0 0 0 0 0 0 0 0 0 0 0 0 0 0 0 0 0 0 0 0
program/8 1 0 0 1 1 1 1 0 0 1 1 1 1 0 0 0 0 0 0 0 0 0 0 0 0 0 0 0 0 0 0 0 0 0
program/9 0 1 1 1 1 1 1 1 1 1 1 0 0 0 0 0 0 0 0 0 0 0 0 0 0 0 0 0 0 0 0 0 0 0
program/267 0 0 0 0 1 0 0 0 0 0 0 0 0 1 1 0 1 1 0 0 1 1 0 1 0 1 1 0 0 0 1 0 0 0
program/282 1 0 0 0 1 0 1 1 1 0 1 1 1 1 1 1 1 1 1 1 1 1 1 1 0 1 1 1 1 1 1 0 1 0
program/195 1 0 0 0 1 0 1 0 1 0 0 0 0 1 1 1 1 1 0 0 1 1 1 1 0 0 0 1 1 1 1 0 1 0
program/283 0 0 0 0 0 0 0 0 0 0 0 0 0 0 0 0 0 0 0 0 0 0 0 0 0 0 0 0 0 0 0 0 0 0
program/196 1 0 0 0 1 0 1 0 1 1 0 0 0 1 1 1 1 1 0 0 1 1 1 1 0 0 0 1 1 1 1 0 1 0
program/284 1 1 1 0 1 1 1 1 1 1 1 1 1 1 1 1 1 1 1 1 1 1 1 1 0 1 1 1 1 1 1 0 1 0
program/297 0 0 0 1 0 0 0 0 0 0 0 0 0 0 0 0 0 0 0 0 0 0 0 0 1 0 0 0 0 0 0 1 0 0
program/197 1 1 1 0 1 1 1 0 1 1 1 1 1 1 1 0 1 1 0 0 1 0 0 0 0 0 0 1 1 1 1 0 1 0
program/285 1 1 1 0 1 0 1 0 1 1 1 1 1 1 1 1 1 1 1 1 1 1 1 1 0 1 1 1 1 1 1 0 1 0
