ktestSM MFI_KLEE_TOPDIR_TEST_TEMPLATE.sh-out/klee-out-0/test000001.ktest MFI_KLEE_TOPDIR_TEST_TEMPLATE.sh-out/klee-out-0/test000006.ktest MFI_KLEE_TOPDIR_TEST_TEMPLATE.sh-out/klee-out-0/test000002.ktest MFI_KLEE_TOPDIR_TEST_TEMPLATE.sh-out/klee-out-0/test000007.ktest MFI_KLEE_TOPDIR_TEST_TEMPLATE.sh-out/klee-out-0/test000003.ktest MFI_KLEE_TOPDIR_TEST_TEMPLATE.sh-out/klee-out-0/test000005.ktest MFI_KLEE_TOPDIR_TEST_TEMPLATE.sh-out/klee-out-0/test000004.ktest heldout-input-pos1-out/Dev-out-0/devtest.ktest heldout-input-pos10-out/Dev-out-0/devtest.ktest heldout-input-pos11-out/Dev-out-0/devtest.ktest heldout-input-pos12-out/Dev-out-0/devtest.ktest heldout-input-pos13-out/Dev-out-0/devtest.ktest heldout-input-pos14-out/Dev-out-0/devtest.ktest heldout-input-pos15-out/Dev-out-0/devtest.ktest heldout-input-pos17-out/Dev-out-0/devtest.ktest heldout-input-pos18-out/Dev-out-0/devtest.ktest heldout-input-pos2-out/Dev-out-0/devtest.ktest heldout-input-pos20-out/Dev-out-0/devtest.ktest heldout-input-pos21-out/Dev-out-0/devtest.ktest heldout-input-pos22-out/Dev-out-0/devtest.ktest heldout-input-pos23-out/Dev-out-0/devtest.ktest heldout-input-pos25-out/Dev-out-0/devtest.ktest heldout-input-pos27-out/Dev-out-0/devtest.ktest heldout-input-pos29-out/Dev-out-0/devtest.ktest heldout-input-pos3-out/Dev-out-0/devtest.ktest heldout-input-pos31-out/Dev-out-0/devtest.ktest heldout-input-pos34-out/Dev-out-0/devtest.ktest heldout-input-pos35-out/Dev-out-0/devtest.ktest heldout-input-pos36-out/Dev-out-0/devtest.ktest heldout-input-pos38-out/Dev-out-0/devtest.ktest heldout-input-pos4-out/Dev-out-0/devtest.ktest heldout-input-pos41-out/Dev-out-0/devtest.ktest heldout-input-pos42-out/Dev-out-0/devtest.ktest heldout-input-pos43-out/Dev-out-0/devtest.ktest heldout-input-pos44-out/Dev-out-0/devtest.ktest heldout-input-pos45-out/Dev-out-0/devtest.ktest heldout-input-pos46-out/Dev-out-0/devtest.ktest heldout-input-pos47-out/Dev-out-0/devtest.ktest heldout-input-pos48-out/Dev-out-0/devtest.ktest heldout-input-pos49-out/Dev-out-0/devtest.ktest heldout-input-pos5-out/Dev-out-0/devtest.ktest heldout-input-pos50-out/Dev-out-0/devtest.ktest heldout-input-pos51-out/Dev-out-0/devtest.ktest heldout-input-pos6-out/Dev-out-0/devtest.ktest heldout-input-pos8-out/Dev-out-0/devtest.ktest input-neg1-out/Dev-out-0/devtest.ktest input-pos1-out/Dev-out-0/devtest.ktest input-pos2-out/Dev-out-0/devtest.ktest
program/161 0 0 0 0 0 1 1 0 0 1 0 0 0 1 0 1 0 0 1 0 0 0 1 1 0 1 0 0 0 1 0 0 0 0 0 0 0 0 0 0 0 0 0 0 0 0 0 0
program/160 0 0 0 0 0 0 1 0 0 1 0 0 0 1 0 1 0 0 1 0 0 0 1 1 0 1 0 0 0 1 0 0 0 0 0 0 0 0 0 0 0 0 0 0 0 0 0 0
program/163 0 0 0 0 0 0 1 0 0 1 0 0 0 1 0 1 0 0 1 0 0 0 1 1 0 1 0 0 0 1 0 0 0 0 0 0 0 0 0 0 0 0 0 0 0 0 0 0
program/162 0 0 0 0 0 0 1 0 0 1 0 0 0 1 0 1 0 0 1 0 0 0 1 1 0 1 0 0 0 1 0 0 0 0 0 0 0 0 0 0 0 0 0 0 0 0 0 0
program/165 0 0 0 0 0 0 1 0 0 1 0 0 0 1 0 1 0 0 1 0 0 0 1 1 0 1 0 0 0 1 0 0 0 0 0 0 0 0 0 0 0 0 0 0 0 0 0 0
program/164 0 0 0 0 0 0 1 0 0 1 0 0 0 1 0 1 0 0 1 0 0 0 1 1 0 1 0 0 0 1 0 0 0 0 0 0 0 0 0 0 0 0 0 0 0 0 0 0
program/167 0 1 1 0 0 1 0 1 1 1 1 0 1 1 0 1 0 0 1 1 1 0 1 1 0 1 1 1 0 1 0 1 0 1 1 0 1 0 0 0 1 0 0 1 0 0 0 0
program/166 0 1 1 0 0 1 0 1 1 1 1 1 1 1 1 1 0 0 1 1 1 0 1 1 0 1 1 1 0 1 0 1 0 1 1 0 1 0 0 0 1 0 0 1 0 0 0 0
program/169 0 0 0 0 0 0 1 0 0 1 0 0 0 1 0 1 0 0 1 0 0 0 1 1 0 1 0 0 0 1 0 0 0 0 0 0 0 0 0 0 0 0 0 0 0 0 0 0
program/168 0 1 1 0 0 1 0 1 1 1 1 0 1 1 0 1 0 0 1 1 1 0 1 1 0 1 1 1 0 1 0 1 0 1 1 0 1 0 0 0 1 0 0 1 0 0 0 0
program/363 0 0 0 0 0 0 0 0 0 0 0 0 0 0 0 0 0 0 0 0 0 0 0 0 0 0 0 0 0 0 0 0 0 0 0 0 0 0 0 0 0 0 0 0 0 0 0 0
program/362 0 1 1 0 0 1 0 1 1 1 1 0 1 1 0 1 0 0 1 1 1 0 1 1 0 1 1 1 0 1 0 1 0 1 1 0 1 0 0 0 1 0 0 1 0 0 0 0
program/361 0 1 1 0 0 1 0 1 1 1 1 0 1 1 0 1 0 0 1 1 1 0 1 1 0 1 1 1 0 1 0 1 0 1 1 0 1 0 0 0 1 0 0 1 0 0 0 0
program/360 0 1 1 0 0 1 0 1 1 1 1 0 1 1 0 1 0 0 1 1 1 0 1 1 0 1 1 1 0 1 0 1 0 1 1 0 1 0 0 0 1 0 0 1 0 0 0 0
program/367 0 1 1 0 0 1 0 1 1 1 1 0 1 1 0 1 0 0 1 1 1 0 1 1 0 1 1 1 0 1 0 1 0 1 1 0 1 0 0 0 1 0 0 1 0 0 0 0
program/366 0 0 0 0 0 0 0 0 0 0 0 0 0 0 0 0 0 0 0 0 0 0 0 0 0 0 0 0 0 0 0 0 0 0 0 0 0 0 0 0 0 0 0 0 0 0 0 0
program/365 0 1 1 0 0 1 0 1 1 1 1 0 1 1 0 1 0 0 1 1 1 0 1 1 0 1 1 1 0 1 0 1 0 1 1 0 1 0 0 0 1 0 0 1 0 0 0 0
program/364 0 1 1 0 0 1 0 1 1 1 1 0 1 1 0 1 0 0 1 1 1 0 1 1 0 1 1 1 0 1 0 1 0 1 1 0 1 0 0 0 1 0 0 1 0 0 0 0
program/540 1 0 0 1 1 0 1 0 1 1 1 0 1 1 0 1 0 1 1 1 1 0 1 1 1 1 1 1 0 1 0 0 0 0 0 1 1 0 0 1 1 0 1 1 0 1 0 0
program/568 1 1 1 1 1 1 1 1 1 1 1 1 1 1 1 1 1 1 1 1 1 1 1 1 1 1 1 1 1 1 1 1 1 1 1 1 1 1 1 1 1 1 1 1 1 1 0 0
program/561 0 1 1 0 0 1 0 1 1 1 1 0 1 1 0 1 0 0 1 1 1 0 1 1 0 1 1 1 0 1 0 1 0 1 1 0 1 0 0 0 1 0 0 1 0 0 0 0
program/560 0 1 1 0 0 1 0 1 1 1 1 0 1 1 0 1 0 0 1 1 1 0 1 1 0 1 1 1 0 1 0 1 0 1 1 0 1 0 0 0 1 0 0 1 0 0 0 0
program/538 1 0 0 1 1 0 1 0 1 1 1 0 1 1 0 1 1 1 1 1 1 0 1 1 1 1 1 1 0 1 0 0 1 0 0 1 1 0 1 1 1 1 1 1 0 1 0 0
program/539 0 1 1 0 0 1 0 1 0 0 0 1 0 0 1 0 1 0 0 0 0 1 0 0 0 0 0 0 1 0 1 1 1 1 1 0 0 1 1 0 0 1 0 0 1 0 0 0
program/536 1 0 0 1 1 0 1 0 1 1 1 0 1 1 0 1 1 1 1 1 1 0 1 1 1 1 1 1 0 1 0 0 1 0 0 1 1 0 1 1 1 1 1 1 0 1 0 0
program/537 1 0 0 1 1 0 1 0 0 0 0 1 0 0 1 0 0 1 0 0 0 1 0 0 1 0 0 0 1 0 1 0 0 0 0 1 0 1 0 1 0 0 1 0 1 1 0 0
program/534 0 0 0 0 0 0 0 0 0 0 0 1 0 0 1 0 1 0 0 0 0 1 0 0 0 0 0 0 1 0 1 0 1 0 0 0 0 1 1 0 0 1 0 0 1 0 0 0
program/535 0 1 1 0 0 1 0 1 0 0 0 1 0 0 1 0 1 0 0 0 0 1 0 0 0 0 0 0 1 0 1 1 1 1 1 0 0 1 1 0 0 1 0 0 1 0 0 0
program/532 0 0 0 0 0 0 0 0 0 0 0 1 0 0 1 0 1 0 0 0 0 1 0 0 0 0 0 0 1 0 1 0 1 0 0 0 0 1 1 0 0 1 0 0 1 0 0 0
program/533 1 0 0 1 1 0 1 0 0 0 0 1 0 0 1 0 0 1 0 0 0 1 0 0 1 0 0 0 1 0 1 0 0 0 0 1 0 1 0 1 0 0 1 0 1 1 0 0
program/530 1 0 0 1 1 0 1 0 0 0 0 1 0 0 1 0 0 1 0 0 0 1 0 0 1 0 0 0 1 0 1 0 0 0 0 1 0 1 0 1 0 0 1 0 1 1 0 0
program/531 1 0 0 1 1 0 1 0 0 0 0 1 0 0 1 0 0 1 0 0 0 1 0 0 1 0 0 0 1 0 1 0 0 0 0 1 0 1 0 1 0 0 1 0 1 1 0 0
program/437 0 0 0 0 0 0 0 0 0 0 0 0 0 0 0 0 0 0 0 0 0 0 0 0 0 0 0 0 0 0 0 0 0 0 0 0 0 0 0 0 0 0 0 0 0 0 0 0
program/436 0 1 1 0 0 1 0 1 1 1 1 0 1 1 0 1 0 0 1 1 1 0 1 1 0 1 1 1 0 1 0 1 0 1 1 0 1 0 0 0 1 0 0 1 0 0 0 0
program/435 0 0 0 0 0 0 0 0 0 0 0 1 0 0 1 0 1 0 0 0 0 1 0 0 0 0 0 0 1 0 1 0 1 0 0 0 0 1 1 0 0 1 0 0 1 0 0 0
program/434 0 0 0 0 0 0 0 0 0 0 0 0 0 0 0 0 0 0 0 0 0 0 0 0 0 0 0 0 0 0 0 0 0 0 0 0 0 0 0 0 0 0 0 0 0 0 0 0
program/433 0 1 1 0 0 1 0 1 1 1 1 1 1 1 1 1 1 0 1 1 1 1 1 1 0 1 1 1 1 1 1 1 1 1 1 0 1 1 1 0 1 1 0 1 1 0 0 0
program/432 0 0 0 0 0 0 0 0 0 0 0 0 0 0 0 0 0 0 0 0 0 0 0 0 0 0 0 0 0 0 0 0 0 0 0 0 0 0 0 0 0 0 0 0 0 0 0 0
program/431 0 1 1 0 0 1 0 1 1 1 1 0 1 1 0 1 0 0 1 1 1 0 1 1 0 1 1 1 0 1 0 1 0 1 1 0 1 0 0 0 1 0 0 1 0 0 0 0
program/430 0 0 0 0 0 0 0 0 0 0 0 0 0 0 0 0 0 0 0 0 0 0 0 0 0 0 0 0 0 0 0 0 0 0 0 0 0 0 0 0 0 0 0 0 0 0 0 0
program/439 0 0 0 0 0 0 0 0 0 0 0 1 0 0 1 0 1 0 0 0 0 1 0 0 0 0 0 0 1 0 1 0 1 0 0 0 0 1 1 0 0 1 0 0 1 0 0 0
program/438 0 1 1 0 0 1 0 1 1 1 1 0 1 1 0 1 0 0 1 1 1 0 1 1 0 1 1 1 0 1 0 1 0 1 1 0 1 0 0 0 1 0 0 1 0 0 0 0
program/189 0 0 0 0 0 0 1 0 0 1 0 0 0 1 0 1 0 0 1 0 0 0 1 1 0 1 0 0 0 1 0 0 0 0 0 0 0 0 0 0 0 0 0 0 0 0 0 0
program/188 0 1 0 0 0 1 1 0 0 1 0 0 0 1 0 1 0 0 1 0 0 0 1 1 0 1 0 0 0 1 0 0 0 0 0 0 0 0 0 0 0 0 0 0 0 0 0 0
program/183 0 0 0 0 0 1 0 1 1 0 0 1 1 1 0 0 0 0 1 0 1 0 0 1 0 0 0 0 1 1 0 0 1 1 1 0 1 1 0 0 0 1 0 1 1 0 0 0
program/182 0 1 0 0 0 0 0 0 0 0 0 0 0 0 0 0 0 0 0 0 0 0 0 0 0 0 0 0 0 0 0 0 0 0 0 0 0 0 0 0 0 0 0 0 0 0 0 0
program/181 0 1 1 0 0 1 1 1 1 1 1 0 1 1 0 1 0 0 1 1 1 0 1 1 0 1 1 1 0 1 0 1 0 1 1 0 1 0 0 0 1 0 0 1 0 0 0 0
program/180 0 1 1 0 0 1 1 0 0 1 1 0 0 0 0 1 0 0 0 1 0 0 0 0 0 1 0 1 1 1 0 1 1 0 0 0 0 1 0 0 1 1 0 0 1 0 0 0
program/187 0 0 0 0 0 0 1 0 0 1 0 0 0 1 0 1 0 0 1 0 0 0 1 1 0 1 0 0 0 1 0 0 0 0 0 0 0 0 0 0 0 0 0 0 0 0 0 0
program/186 0 0 0 0 0 0 1 0 0 1 0 0 0 1 0 1 0 0 1 0 0 0 1 1 0 1 0 0 0 1 0 0 0 0 0 0 0 0 0 0 0 0 0 0 0 0 0 0
program/185 0 0 0 0 0 0 1 0 0 1 0 0 0 1 0 1 0 0 1 0 0 0 1 1 0 1 0 0 0 1 0 0 0 0 0 0 0 0 0 0 0 0 0 0 0 0 0 0
program/184 0 0 1 0 0 0 1 0 0 1 0 0 0 1 0 1 0 0 1 0 0 0 1 1 0 1 0 0 0 1 0 0 0 0 0 0 0 0 0 0 0 0 0 0 0 0 0 0
program/510 1 1 1 1 1 1 1 1 1 1 1 1 1 1 1 1 1 1 1 1 1 1 1 1 1 1 1 1 1 1 1 1 1 1 1 1 1 1 1 1 1 1 1 1 1 1 0 0
program/82 1 1 1 1 1 1 1 1 1 1 1 1 1 1 1 1 1 1 1 1 1 1 1 1 1 1 1 1 1 1 1 1 1 1 1 1 1 1 1 1 1 1 1 1 1 1 0 0
program/511 0 1 1 0 0 1 0 1 1 1 1 0 1 1 0 1 0 0 1 1 1 0 1 1 0 1 1 1 0 1 0 1 0 1 1 0 1 0 0 0 1 0 0 1 0 0 0 0
program/222 0 0 0 0 0 0 0 0 0 0 0 0 0 0 0 0 0 0 0 0 0 0 0 0 0 0 0 0 0 0 0 0 0 0 0 0 0 0 0 0 0 0 0 0 0 0 0 0
program/223 0 0 0 0 0 0 0 0 0 0 0 0 0 0 0 0 0 0 0 0 0 0 0 0 0 0 0 0 0 0 0 0 0 0 0 0 0 0 0 0 0 0 0 0 0 0 0 0
program/549 0 1 1 0 0 1 0 1 1 1 1 0 1 1 0 1 1 0 1 1 1 0 1 1 0 1 1 1 0 1 0 1 1 1 1 0 1 0 1 0 1 1 0 1 0 0 0 0
program/221 0 0 0 0 0 0 0 0 0 0 0 0 0 0 0 0 0 0 0 0 0 0 0 0 0 0 0 0 0 0 0 0 0 0 0 0 0 0 0 0 0 0 0 0 0 0 0 0
program/226 0 0 0 0 0 0 0 0 1 0 0 0 0 1 1 0 0 0 1 0 1 0 1 0 0 1 1 0 0 1 0 0 0 0 1 0 1 1 0 0 0 0 0 0 0 0 0 0
program/227 0 1 1 0 0 1 0 1 1 1 1 0 1 1 0 1 0 0 1 1 1 0 1 1 0 1 1 1 0 1 0 1 0 1 1 0 1 0 0 0 1 0 0 1 0 0 0 0
program/224 0 0 0 0 0 0 0 0 0 0 0 0 0 0 0 0 0 0 0 0 0 0 0 0 0 0 0 0 0 0 0 0 0 0 0 0 0 0 0 0 0 0 0 0 0 0 0 0
program/225 0 1 1 0 0 1 0 0 0 0 1 0 0 1 0 0 0 0 1 1 0 0 1 1 0 0 0 1 1 0 0 1 1 0 0 0 0 1 0 0 1 1 0 0 1 0 0 0
program/543 1 0 0 1 1 0 1 0 0 0 0 1 0 0 1 0 1 1 0 0 0 1 0 0 1 0 0 0 1 0 1 0 1 0 0 1 0 1 1 1 0 1 1 0 1 1 0 0
program/542 0 0 0 0 0 0 0 0 0 0 0 1 0 0 1 0 1 0 0 0 0 1 0 0 0 0 0 0 1 0 1 0 1 0 0 0 0 1 1 0 0 1 0 0 1 0 0 0
program/228 0 1 1 0 0 1 0 1 1 1 1 0 1 1 0 1 0 0 1 1 1 0 1 1 0 1 1 1 0 1 0 1 0 1 1 0 1 0 0 0 1 0 0 1 0 0 0 0
program/229 0 0 0 0 0 0 0 0 0 1 1 0 1 1 1 0 1 1 0 0 1 1 1 1 1 1 0 0 1 1 1 0 1 0 0 1 0 1 1 1 0 1 1 0 1 1 0 0
program/547 1 0 0 1 1 0 1 0 0 0 0 1 0 0 1 0 1 1 0 0 0 1 0 0 1 0 0 0 1 0 1 0 1 0 0 1 0 1 1 1 0 1 1 0 1 1 0 0
program/546 1 0 0 1 1 0 1 0 1 1 1 0 1 1 0 1 0 1 1 1 1 0 1 1 1 1 1 1 0 1 0 0 0 0 0 1 1 0 0 1 1 0 1 1 0 1 0 0
program/545 0 1 1 0 0 1 0 1 0 0 0 1 0 0 1 0 0 0 0 0 0 1 0 0 0 0 0 0 1 0 1 1 0 1 1 0 0 1 0 0 0 0 0 0 1 0 0 0
program/544 0 1 1 0 0 1 0 1 0 0 0 0 1 1 1 0 1 0 1 0 0 1 1 0 0 0 0 1 1 1 1 1 1 1 1 0 0 1 1 0 0 1 0 0 1 0 0 0
program/518 1 0 0 1 1 0 1 0 0 0 0 1 0 0 1 0 1 1 0 0 0 1 0 0 1 0 0 0 1 0 1 0 1 0 0 1 0 1 1 1 0 1 1 0 1 1 0 0
program/519 1 1 1 1 1 1 1 1 1 1 1 1 1 1 1 1 1 1 1 1 1 1 1 1 1 1 1 1 1 1 1 1 1 1 1 1 1 1 1 1 1 1 1 1 1 1 0 0
program/329 1 1 1 1 1 1 1 1 1 1 1 1 1 1 1 1 1 1 1 1 1 1 1 1 1 1 1 1 1 1 1 1 1 1 1 1 1 1 1 1 1 1 1 1 1 1 0 0
program/328 0 1 1 0 0 1 0 1 1 1 1 0 1 1 0 1 0 0 1 1 1 0 1 1 0 1 1 1 0 1 0 1 0 1 1 0 1 0 0 0 1 0 0 1 0 0 0 0
program/327 0 0 0 1 0 0 0 0 1 0 0 0 0 1 1 0 0 0 1 0 1 0 1 0 0 1 1 0 0 1 0 0 0 0 1 0 1 1 0 0 0 0 0 0 0 0 0 0
program/326 0 0 0 0 0 0 0 0 0 0 0 0 0 0 0 0 0 0 0 0 0 0 0 0 0 0 0 0 0 0 0 0 0 0 0 0 0 0 0 0 0 0 0 0 0 0 0 0
program/84 1 1 1 1 1 1 1 1 1 1 1 1 1 1 1 1 1 1 1 1 1 1 1 1 1 1 1 1 1 1 1 1 1 1 1 1 1 1 1 1 1 1 1 1 1 1 0 0
program/323 0 1 1 0 0 1 0 1 1 1 1 0 1 1 0 1 0 0 1 1 1 0 1 1 0 1 1 1 0 1 0 1 0 1 0 0 0 0 0 0 1 0 0 1 0 0 0 0
program/322 0 1 1 0 0 1 0 1 1 1 1 0 1 1 0 1 0 0 1 1 1 0 1 1 0 1 1 1 0 1 0 1 0 1 0 0 0 0 0 0 1 0 0 1 0 0 0 0
program/321 0 1 1 0 0 1 0 1 1 1 1 0 1 1 0 1 0 0 1 1 1 0 1 1 0 1 1 1 0 1 0 1 0 1 0 0 0 0 0 0 1 0 0 1 0 0 0 0
program/320 0 1 1 0 0 1 0 1 1 1 1 0 1 1 0 1 0 0 1 1 1 0 1 1 0 1 1 1 0 1 0 1 0 1 0 0 0 0 0 0 1 0 0 1 0 0 0 0
program/49 0 0 0 0 0 0 0 0 0 0 0 0 0 0 0 0 0 0 0 0 0 0 0 0 0 0 0 0 0 0 0 0 0 0 0 0 0 0 0 0 0 0 0 0 0 0 0 0
program/48 0 0 0 0 0 0 1 0 0 0 0 0 0 0 0 0 0 0 0 0 0 0 0 0 0 0 0 0 0 0 0 0 0 0 0 0 0 0 0 0 0 0 0 0 0 0 0 0
program/45 0 1 0 0 0 0 0 0 0 0 0 0 0 0 0 0 0 0 0 0 0 0 0 0 0 0 0 0 0 0 0 0 0 0 0 0 0 0 0 0 0 0 0 0 0 0 0 0
program/44 0 0 0 0 0 0 0 0 0 0 0 0 0 0 0 0 0 0 0 0 0 0 0 0 0 0 0 0 0 0 0 0 0 0 0 0 0 0 0 0 0 0 0 0 0 0 0 0
program/47 0 0 0 0 0 0 0 0 0 0 0 0 0 0 0 0 0 0 0 0 0 0 0 0 0 0 0 0 0 0 0 0 0 0 0 0 0 0 0 0 0 0 0 0 0 0 0 0
program/46 0 0 0 0 0 0 0 0 0 0 0 0 0 0 0 0 0 0 0 0 0 0 0 0 0 0 0 0 0 0 0 0 0 0 0 0 0 0 0 0 0 0 0 0 0 0 0 0
program/41 0 0 0 0 0 0 0 0 0 0 0 0 0 0 0 0 0 0 0 0 0 0 0 0 0 0 0 0 0 0 0 0 0 0 0 0 0 0 0 0 0 0 0 0 0 0 0 0
program/40 0 0 0 0 0 0 0 0 0 0 0 0 0 0 0 0 0 0 0 0 0 0 0 0 0 0 0 0 0 0 0 0 0 0 0 0 0 0 0 0 0 0 0 0 0 0 0 0
program/43 0 1 0 0 0 0 0 0 0 0 0 0 0 0 0 0 0 0 0 0 0 0 0 0 0 0 0 0 0 0 0 0 0 0 0 0 0 0 0 0 0 0 0 0 0 0 0 0
program/42 0 0 0 0 0 1 0 0 0 0 0 0 0 0 0 0 0 0 0 0 0 0 0 0 0 0 0 0 0 0 0 0 0 0 0 0 0 0 0 0 0 0 0 0 0 0 0 0
program/486 1 1 1 1 1 1 1 1 1 1 1 1 1 1 1 1 1 1 1 1 1 1 1 1 1 1 1 1 1 1 1 1 1 1 1 1 1 1 1 1 1 1 1 1 1 1 0 0
program/487 0 0 0 0 0 0 0 0 1 1 0 1 1 0 1 0 0 0 1 0 0 0 0 0 0 0 0 1 1 0 1 0 0 0 1 0 1 1 0 0 1 0 0 1 1 0 0 0
program/484 1 1 1 1 1 1 1 1 1 1 1 1 1 1 1 1 1 1 1 1 1 1 1 1 1 1 1 1 1 1 1 1 1 1 1 1 1 1 1 1 1 1 1 1 1 1 0 0
program/485 1 1 1 1 1 1 1 1 1 1 1 1 1 1 1 1 1 1 1 1 1 1 1 1 1 1 1 1 1 1 1 1 1 1 1 1 1 1 1 1 1 1 1 1 1 1 0 0
program/482 1 1 1 1 1 1 1 1 1 1 1 1 1 1 1 1 1 1 1 1 1 1 1 1 1 1 1 1 1 1 1 1 1 1 1 1 1 1 1 1 1 1 1 1 1 1 0 0
program/483 1 1 1 1 1 1 1 1 1 1 1 1 1 1 1 1 1 1 1 1 1 1 1 1 1 1 1 1 1 1 1 1 1 1 1 1 1 1 1 1 1 1 1 1 1 1 0 0
program/480 1 1 1 1 1 1 1 1 1 1 1 1 1 1 1 1 1 1 1 1 1 1 1 1 1 1 1 1 1 1 1 1 1 1 1 1 1 1 1 1 1 1 1 1 1 1 0 0
program/481 1 1 1 1 1 1 1 1 1 1 1 1 1 1 1 1 1 1 1 1 1 1 1 1 1 1 1 1 1 1 1 1 1 1 1 1 1 1 1 1 1 1 1 1 1 1 0 0
program/488 1 1 1 1 1 1 1 1 1 1 1 1 1 1 1 1 1 1 1 1 1 1 1 1 1 1 1 1 1 1 1 1 1 1 1 1 1 1 1 1 1 1 1 1 1 1 0 0
program/489 1 1 1 1 1 1 1 1 1 1 1 1 1 1 1 1 1 1 1 1 1 1 1 1 1 1 1 1 1 1 1 1 1 1 1 1 1 1 1 1 1 1 1 1 1 1 0 0
program/138 0 1 1 0 0 1 0 1 1 1 1 0 1 1 0 1 0 0 1 1 1 0 1 1 0 1 1 1 0 1 0 1 0 1 1 0 1 0 0 0 1 0 0 1 0 0 0 0
program/139 1 1 1 1 1 1 1 1 1 1 1 1 1 1 1 1 1 1 1 1 1 1 1 1 1 1 1 1 1 1 1 1 1 1 1 1 1 1 1 1 1 1 1 1 1 1 0 0
program/133 0 1 1 0 0 1 0 1 1 1 1 0 1 1 0 1 0 0 1 1 1 0 1 1 0 1 1 1 0 1 0 1 0 1 1 0 1 0 0 0 1 0 0 1 0 0 0 0
program/130 0 1 1 0 0 1 0 1 1 1 1 0 1 1 0 1 0 0 1 1 1 0 1 1 0 1 1 1 0 1 0 1 0 1 1 0 1 0 0 0 1 0 0 1 0 0 0 0
program/136 0 0 1 1 0 1 1 0 0 0 0 0 1 0 0 1 0 0 0 1 0 0 0 0 1 0 1 1 1 0 1 0 1 0 0 1 1 1 1 0 0 0 0 1 1 0 0 0
program/137 1 1 1 1 1 1 1 1 1 1 1 1 1 1 1 1 1 1 1 1 1 1 1 1 1 1 1 1 1 1 1 1 1 1 1 1 1 1 1 1 1 1 1 1 1 1 0 0
program/135 0 1 1 0 0 1 0 1 1 1 1 0 1 1 0 1 0 0 1 1 1 0 1 1 0 1 1 1 0 1 0 1 0 1 1 0 1 0 0 0 1 0 0 1 0 0 0 0
program/268 0 0 0 0 0 0 0 1 0 1 1 0 1 1 0 1 1 0 1 1 1 1 1 1 0 1 1 1 0 1 1 0 0 0 0 1 1 0 1 1 1 0 1 0 0 0 0 0
program/269 0 1 1 0 0 1 0 1 1 1 1 0 1 1 0 1 0 0 1 1 1 0 1 1 0 1 1 1 0 1 0 1 0 1 1 0 1 0 0 0 1 0 0 1 0 0 0 0
program/266 0 0 0 0 0 0 0 0 0 0 0 0 0 0 0 0 0 0 0 0 0 0 0 0 0 0 0 0 0 0 0 0 0 0 0 0 0 0 0 0 0 0 0 0 0 0 0 0
program/267 0 1 1 0 0 1 0 1 1 1 1 0 1 1 0 1 0 0 1 1 1 0 1 1 0 1 1 1 0 1 0 1 0 1 1 0 1 0 0 0 1 0 0 1 0 0 0 0
program/264 0 1 1 0 0 1 0 1 1 1 1 0 1 1 0 1 0 0 1 1 1 0 1 1 0 1 1 1 0 1 0 1 0 1 1 0 1 0 0 0 1 0 0 1 0 0 0 0
program/265 0 1 1 0 0 1 0 1 1 1 1 0 1 1 0 1 0 0 1 1 1 0 1 1 0 1 1 1 0 1 0 1 0 1 1 0 1 0 0 0 1 0 0 1 0 0 0 0
program/262 0 1 1 0 0 1 0 1 1 1 1 0 1 1 0 1 0 0 1 1 1 0 1 1 0 1 1 1 0 1 0 1 0 1 1 0 1 0 0 0 1 0 0 1 0 0 0 0
program/263 0 0 0 0 0 0 0 0 0 0 0 0 0 0 0 0 0 0 0 0 0 0 0 0 0 0 0 0 0 0 0 0 0 0 0 0 0 0 0 0 0 0 0 0 0 0 0 0
program/260 0 1 1 0 0 1 1 1 1 1 1 1 1 1 1 1 1 1 1 1 1 1 1 1 1 1 1 1 1 1 1 1 1 1 1 1 1 1 1 1 1 1 1 1 1 1 0 0
program/261 0 0 0 0 0 0 0 1 0 1 1 0 1 1 0 1 1 0 1 1 1 1 1 1 0 1 1 1 0 1 1 0 0 0 0 1 1 0 1 1 1 0 1 0 0 0 0 0
program/507 1 1 1 1 1 1 1 1 1 1 1 1 1 1 1 1 1 1 1 1 1 1 1 1 1 1 1 1 1 1 1 1 1 1 1 1 1 1 1 1 1 1 1 1 1 1 0 0
program/506 0 0 0 0 0 0 0 0 0 0 0 0 0 0 0 0 0 0 0 0 0 0 0 0 0 0 0 0 0 0 0 0 0 0 0 0 0 0 0 0 0 0 0 0 0 0 0 0
program/505 0 1 1 0 0 1 0 1 1 1 1 0 1 1 0 1 0 0 1 1 1 0 1 1 0 1 1 1 0 1 0 1 0 1 1 0 1 0 0 0 1 0 0 1 0 0 0 0
program/504 0 1 1 0 0 1 0 1 1 1 1 0 1 1 0 1 0 0 1 1 1 0 1 1 0 1 1 1 0 1 0 1 0 1 1 0 1 0 0 0 1 0 0 1 0 0 0 0
program/502 1 1 1 1 1 1 1 1 1 1 1 1 1 1 1 1 1 1 1 1 1 1 1 1 1 1 1 1 1 1 1 1 1 1 1 1 1 1 1 1 1 1 1 1 1 1 0 0
program/501 0 0 0 0 0 0 0 1 1 1 0 0 1 0 0 1 0 0 0 0 1 0 0 0 0 1 1 0 1 1 0 0 1 1 1 0 1 1 0 0 0 1 0 1 1 0 0 0
program/500 1 1 1 1 1 1 1 1 1 1 1 1 1 1 1 1 1 1 1 1 1 1 1 1 1 1 1 1 1 1 1 1 1 1 1 1 1 1 1 1 1 1 1 1 1 1 0 0
program/460 0 1 1 0 0 1 0 1 1 1 1 0 1 1 0 1 0 0 1 1 1 0 1 1 0 1 1 1 0 1 0 1 0 1 1 0 1 0 0 0 1 0 0 1 0 0 0 0
program/461 0 0 0 0 0 0 0 0 0 0 0 1 0 0 1 0 1 0 0 0 0 1 0 0 0 0 0 0 1 0 1 0 1 0 0 0 0 1 1 0 0 1 0 0 1 0 0 0
program/462 0 1 1 0 0 1 0 1 1 1 1 0 1 1 0 1 0 0 1 1 1 0 1 1 0 1 1 1 0 1 0 1 0 1 1 0 1 0 0 0 1 0 0 1 0 0 0 0
program/463 0 0 0 0 0 0 0 0 0 0 0 0 0 0 0 0 0 0 0 0 0 0 0 0 0 0 0 0 0 0 0 0 0 0 0 0 0 0 0 0 0 0 0 0 0 0 0 0
program/464 0 1 1 0 0 1 0 1 1 1 1 1 1 1 1 1 1 0 1 1 1 1 1 1 0 1 1 1 1 1 1 1 1 1 1 0 1 1 1 0 1 1 0 1 1 0 0 0
program/465 1 1 1 1 1 1 1 1 1 1 1 1 1 1 1 1 1 1 1 1 1 1 1 1 1 1 1 1 1 1 1 1 1 1 1 1 1 1 1 1 1 1 1 1 1 1 0 0
program/466 1 1 1 1 1 1 1 1 1 1 1 1 1 1 1 1 1 1 1 1 1 1 1 1 1 1 1 1 1 1 1 1 1 1 1 1 1 1 1 1 1 1 1 1 1 1 0 0
program/467 1 1 1 1 1 1 1 1 1 1 1 1 1 1 1 1 1 1 1 1 1 1 1 1 1 1 1 1 1 1 1 1 1 1 1 1 1 1 1 1 1 1 1 1 1 1 0 0
program/34 0 0 0 0 0 0 0 0 0 0 0 0 0 0 0 0 0 0 0 0 0 0 0 0 0 0 0 0 0 0 0 0 0 0 0 0 0 0 0 0 0 0 0 0 0 0 0 0
program/35 0 0 0 0 0 0 1 0 0 0 0 0 0 0 0 0 0 0 0 0 0 0 0 0 0 0 0 0 0 0 0 0 0 0 0 0 0 0 0 0 0 0 0 0 0 0 0 0
program/36 1 1 1 1 1 1 1 1 1 1 1 1 1 1 1 1 1 1 1 1 1 1 1 1 1 1 1 1 1 1 1 1 1 1 1 1 1 1 1 1 1 1 1 1 1 1 0 0
program/37 0 0 0 0 0 0 0 0 0 0 0 0 0 0 0 0 0 0 0 0 0 0 0 0 0 0 0 0 0 0 0 0 0 0 0 0 0 0 0 0 0 0 0 0 0 0 0 0
program/30 0 0 0 0 0 0 0 0 0 0 0 0 0 0 0 0 0 0 0 0 0 0 0 0 0 0 0 0 0 0 0 0 0 0 0 0 0 0 0 0 0 0 0 0 0 0 0 0
program/31 1 1 1 1 1 1 1 1 1 1 1 1 1 1 1 1 1 1 1 1 1 1 1 1 1 1 1 1 1 1 1 1 1 1 1 1 1 1 1 1 1 1 1 1 1 1 0 0
program/32 1 1 1 1 1 1 1 1 1 1 1 1 1 1 1 1 1 1 1 1 1 1 1 1 1 1 1 1 1 1 1 1 1 1 1 1 1 1 1 1 1 1 1 1 1 1 0 0
program/33 0 0 0 0 0 0 0 0 0 0 0 0 0 0 0 0 0 0 0 0 0 0 0 0 0 0 0 0 0 0 0 0 0 0 0 0 0 0 0 0 0 0 0 0 0 0 0 0
program/38 1 1 1 1 1 1 1 1 1 1 1 1 1 1 1 1 1 1 1 1 1 1 1 1 1 1 1 1 1 1 1 1 1 1 1 1 1 1 1 1 1 1 1 1 1 1 0 0
program/39 0 0 0 0 0 0 0 0 0 0 0 0 0 0 0 0 0 0 0 0 0 0 0 0 0 0 0 0 0 0 0 0 0 0 0 0 0 0 0 0 0 0 0 0 0 0 0 0
program/213 0 1 1 0 0 1 0 1 1 1 1 0 1 1 0 1 0 0 1 1 1 0 1 1 0 1 1 1 0 1 0 1 0 1 1 0 1 0 0 0 1 0 0 1 0 0 0 0
program/212 0 1 1 0 0 1 0 1 1 1 1 0 1 1 0 1 0 0 1 1 1 0 1 1 0 1 1 1 0 1 0 1 0 1 1 0 1 0 0 0 1 0 0 1 0 0 0 0
program/211 0 1 1 0 0 1 0 1 1 1 1 0 1 1 0 1 0 0 1 1 1 0 1 1 0 1 1 1 0 1 0 1 0 1 1 0 1 0 0 0 1 0 0 1 0 0 0 0
program/210 0 1 1 0 0 1 0 1 1 1 1 0 1 1 0 1 0 0 1 1 1 0 1 1 0 1 1 1 0 1 0 1 0 1 1 0 1 0 0 0 1 0 0 1 0 0 0 0
program/216 0 1 1 0 0 1 1 1 1 1 1 1 1 1 1 1 1 1 1 1 1 1 1 1 1 1 1 1 1 1 1 1 1 1 1 1 1 1 1 1 1 1 1 1 1 1 0 0
program/215 0 1 1 0 0 1 1 1 1 1 1 1 1 1 1 1 1 1 1 1 1 1 1 1 1 1 1 1 1 1 1 1 1 1 1 1 1 1 1 1 1 1 1 1 1 1 0 0
program/214 0 1 1 0 0 1 0 1 1 1 1 0 1 1 0 1 0 0 1 1 1 0 1 1 0 1 1 1 0 1 0 1 0 1 1 0 1 0 0 0 1 0 0 1 0 0 0 0
program/176 0 1 1 0 0 1 1 1 1 1 1 1 1 1 1 1 0 1 1 1 1 1 1 1 0 1 1 1 1 1 1 1 0 1 1 1 1 1 0 0 1 0 0 1 1 0 0 0
program/177 0 1 1 0 0 1 0 1 1 0 1 0 1 1 0 1 0 0 1 1 1 0 1 1 0 1 1 1 0 1 0 1 0 1 1 0 1 0 0 0 1 0 0 1 1 0 0 0
program/174 0 1 0 0 0 0 1 0 0 1 0 0 0 1 0 1 0 0 1 0 0 0 1 1 0 1 0 0 0 1 0 0 0 0 0 0 0 0 0 0 0 0 0 0 0 0 0 0
program/175 0 1 1 0 0 1 1 0 0 1 0 0 0 1 0 1 0 0 1 0 0 0 1 1 0 1 0 0 0 1 0 0 0 0 0 0 0 0 0 0 0 0 0 0 0 0 0 0
program/172 0 1 1 0 0 1 0 1 1 1 1 1 1 1 1 1 0 0 1 1 1 0 1 1 0 1 1 1 0 1 0 1 0 1 1 0 1 0 0 0 1 0 0 1 0 0 0 0
program/173 0 1 1 0 0 1 1 1 1 1 1 1 1 1 1 1 1 1 1 1 1 1 1 1 1 1 1 1 1 1 1 1 1 1 1 1 1 1 1 1 1 1 1 1 1 1 0 0
program/170 0 0 0 0 0 0 1 0 0 1 0 0 0 1 0 1 0 0 1 0 0 0 1 1 0 1 0 0 0 1 0 0 0 0 0 0 0 0 0 0 0 0 0 0 0 0 0 0
program/171 0 1 1 0 0 1 0 1 1 1 1 0 1 1 0 1 0 0 1 1 1 0 1 1 0 1 1 1 0 1 0 1 0 1 1 0 1 0 0 0 1 0 0 1 0 0 0 0
program/178 0 1 1 0 0 1 0 1 1 1 1 0 1 1 0 1 0 0 1 1 1 0 1 1 0 1 1 1 0 1 0 1 0 1 1 0 1 0 0 0 1 0 0 1 0 0 0 0
program/179 0 1 1 0 0 1 0 1 1 1 1 0 1 1 0 1 0 0 1 1 1 0 1 1 0 1 1 1 0 1 0 1 0 1 1 0 1 0 0 0 1 0 0 1 0 0 0 0
program/370 0 1 1 0 0 1 0 1 1 1 1 0 1 1 0 1 0 0 1 1 1 0 1 1 0 1 1 1 0 1 0 1 0 1 1 0 1 0 0 0 1 0 0 1 0 0 0 0
program/372 0 0 0 0 0 0 0 0 0 0 0 0 0 0 0 0 0 0 0 0 0 0 0 0 0 0 0 0 0 0 0 0 0 0 0 0 0 0 0 0 0 0 0 0 0 0 0 0
program/373 0 1 1 0 0 1 0 1 1 1 1 0 1 1 0 1 0 0 1 1 1 0 1 1 0 1 1 1 0 1 0 1 0 1 1 0 1 0 0 0 1 0 0 1 0 0 0 0
program/374 0 1 1 0 0 1 0 1 1 1 1 0 1 1 0 1 0 0 1 1 1 0 1 1 0 1 1 1 0 1 0 1 0 1 1 0 1 0 0 0 1 0 0 1 0 0 0 0
program/375 0 0 0 0 0 0 0 0 0 0 0 0 0 0 0 0 0 0 0 0 0 0 0 0 0 0 0 0 0 0 0 0 0 0 0 0 0 0 0 0 0 0 0 0 0 0 0 0
program/376 0 1 1 0 0 1 0 1 1 1 1 0 1 1 0 1 0 0 1 1 1 0 1 1 0 1 1 1 0 1 0 1 0 1 1 0 1 0 0 0 1 0 0 1 0 0 0 0
program/377 0 0 0 0 0 0 0 0 0 0 0 0 0 0 0 0 0 0 0 0 0 0 0 0 0 0 0 0 0 0 0 0 0 0 0 0 0 0 0 0 0 0 0 0 0 0 0 0
program/103 1 1 1 1 1 1 0 1 1 1 1 0 1 1 0 1 0 0 1 1 1 0 1 1 0 1 1 1 0 1 0 1 0 1 1 0 1 0 0 0 1 0 0 1 0 0 0 0
program/102 1 1 1 1 1 1 1 1 1 1 1 1 1 1 1 1 1 1 1 1 1 1 1 1 1 1 1 1 1 1 1 1 1 1 1 1 1 1 1 1 1 1 1 1 1 1 0 0
program/101 1 1 1 1 1 1 1 1 1 1 1 1 1 1 1 1 1 1 1 1 1 1 1 1 1 1 1 1 1 1 1 1 1 1 1 1 1 1 1 1 1 1 1 1 1 1 0 0
program/100 0 1 1 1 0 1 0 1 1 1 1 0 1 1 0 1 0 0 1 1 1 0 1 1 0 1 1 1 0 1 0 1 0 1 1 0 1 0 0 0 1 0 0 1 0 0 0 0
program/107 0 1 1 0 0 1 0 1 0 0 0 0 0 0 0 0 0 0 0 0 0 0 0 0 0 0 0 0 0 0 0 1 0 1 1 0 1 0 0 0 1 0 0 1 0 0 0 0
program/106 0 1 1 0 0 1 0 1 0 0 0 0 0 0 0 0 0 0 0 0 0 0 0 0 0 0 0 0 0 0 0 1 0 1 1 0 1 0 0 0 1 0 0 1 0 0 0 0
program/105 1 1 1 1 1 1 1 1 1 1 1 1 1 1 1 1 1 1 1 1 1 1 1 1 1 1 1 1 1 1 1 1 1 1 1 1 1 1 1 1 1 1 1 1 1 1 0 0
program/104 0 1 1 0 0 1 0 1 1 1 1 1 1 1 1 1 1 1 1 1 1 1 1 1 1 1 1 1 1 1 1 1 1 1 1 1 1 1 1 1 1 1 1 1 1 1 0 0
program/109 0 1 1 0 0 1 0 1 0 0 0 0 0 0 0 0 0 0 0 0 0 0 0 0 0 0 0 0 0 0 0 1 0 1 1 0 1 0 0 0 1 0 0 1 0 0 0 0
program/108 1 1 1 1 0 1 0 1 0 0 0 0 0 0 0 0 0 0 0 0 0 0 0 0 0 0 0 0 0 0 0 1 0 1 1 0 1 0 0 0 1 0 0 1 0 0 0 0
program/558 0 1 1 0 0 1 0 1 1 1 1 0 1 1 0 1 0 0 1 1 1 0 1 1 0 1 1 1 0 1 0 1 0 1 1 0 1 0 0 0 1 0 0 1 0 0 0 0
program/426 0 1 1 0 0 1 0 1 1 1 1 0 1 1 0 1 0 0 1 1 1 0 1 1 0 1 1 1 0 1 0 1 0 1 1 0 1 0 0 0 1 0 0 1 0 0 0 0
program/427 0 1 1 0 0 1 0 1 1 1 1 0 1 1 0 1 0 0 1 1 1 0 1 1 0 1 1 1 0 1 0 1 0 1 1 0 1 0 0 0 1 0 0 1 0 0 0 0
program/420 0 1 1 0 0 1 0 0 0 1 1 0 1 1 0 1 1 0 1 1 1 0 1 1 0 0 1 1 0 1 0 1 0 1 1 1 0 0 1 1 0 0 1 0 0 0 0 0
program/421 0 1 1 0 0 1 0 1 1 1 1 0 1 1 0 1 0 0 1 1 1 0 1 1 0 1 1 1 0 1 0 1 0 1 1 0 1 0 0 0 1 0 0 1 0 0 0 0
program/422 0 1 1 0 0 1 0 1 1 1 1 1 1 1 1 1 1 0 1 1 1 1 1 1 0 1 1 1 1 1 1 1 1 1 1 0 1 1 1 0 1 1 0 1 1 0 0 0
program/423 0 1 1 0 0 1 0 1 1 1 1 0 1 1 0 1 0 0 1 1 1 0 1 1 0 1 1 1 0 1 0 1 0 1 1 0 1 0 0 0 1 0 0 1 0 0 0 0
program/428 0 0 0 0 0 0 0 0 0 0 0 1 0 0 1 0 1 0 0 0 0 1 0 0 0 0 0 0 1 0 1 0 1 0 0 0 0 1 1 0 0 1 0 0 1 0 0 0
program/429 0 0 0 0 0 0 0 0 0 0 0 0 0 0 0 0 0 0 0 0 0 0 0 0 0 0 0 0 0 0 0 0 0 0 0 0 0 0 0 0 0 0 0 0 0 0 0 0
program/199 0 1 0 0 0 0 1 0 0 1 0 0 0 1 0 1 0 0 1 0 0 0 1 1 0 1 0 0 0 1 0 0 0 0 0 0 0 0 0 0 0 0 0 0 0 0 0 0
program/551 1 0 0 1 1 0 1 0 0 0 0 1 0 0 1 0 1 1 0 0 0 1 0 0 1 0 0 0 1 0 1 0 1 0 0 1 0 1 1 1 0 1 1 0 1 1 0 0
program/190 0 0 0 0 0 0 1 0 0 1 0 0 0 1 0 1 0 0 1 0 0 0 1 1 0 1 0 0 0 1 0 0 0 0 0 0 0 0 0 0 0 0 0 0 0 0 0 0
program/191 0 0 0 0 0 0 1 0 0 1 0 0 0 1 0 1 0 0 1 0 0 0 1 1 0 1 0 0 0 1 0 0 0 0 0 0 0 0 0 0 0 0 0 0 0 0 0 0
program/192 0 0 0 0 0 0 1 0 0 1 0 0 0 1 0 1 0 0 1 0 0 0 1 1 0 1 0 0 0 1 0 0 0 0 0 0 0 0 0 0 0 0 0 0 0 0 0 0
program/193 0 0 0 0 0 0 1 0 0 1 0 0 0 1 0 1 0 0 1 0 0 0 1 1 0 1 0 0 0 1 0 0 0 0 0 0 0 0 0 0 0 0 0 0 0 0 0 0
program/194 0 1 1 0 0 1 1 0 0 1 1 0 0 0 0 1 0 0 0 1 0 0 0 0 0 1 0 1 1 1 0 1 1 0 0 0 0 1 0 0 1 1 0 0 1 0 0 0
program/195 0 0 1 0 0 0 0 0 0 0 0 0 0 0 0 0 0 0 0 0 0 0 0 0 0 0 0 0 0 0 0 0 0 0 0 0 0 0 0 0 0 0 0 0 0 0 0 0
program/196 0 0 0 0 0 0 0 1 1 0 0 1 1 1 0 0 0 0 1 0 1 0 0 1 0 0 0 0 1 1 0 0 1 1 1 0 1 1 0 0 0 1 0 1 1 0 0 0
program/197 0 1 1 0 0 1 0 1 1 1 1 0 1 1 0 1 0 0 1 1 1 0 1 1 0 1 1 1 0 1 0 1 0 1 1 0 1 0 0 0 1 0 0 1 0 0 0 0
program/81 1 1 1 1 1 1 1 1 1 1 1 1 1 1 1 1 1 1 1 1 1 1 1 1 1 1 1 1 1 1 1 1 1 1 1 1 1 1 1 1 1 1 1 1 1 1 0 0
program/556 1 0 0 1 1 0 1 0 1 1 1 0 1 1 0 1 0 1 1 1 1 0 1 1 1 1 1 1 0 1 0 0 0 0 0 1 1 0 0 1 1 0 1 1 0 1 0 0
program/80 1 1 1 1 1 1 1 1 1 1 1 1 1 1 1 1 1 1 1 1 1 1 1 1 1 1 1 1 1 1 1 1 1 1 1 1 1 1 1 1 1 1 1 1 1 1 0 0
program/557 0 1 1 0 0 1 0 1 1 1 1 0 1 1 0 1 0 0 1 1 1 0 1 1 0 1 1 1 0 1 0 1 0 1 1 0 1 0 0 0 1 0 0 1 0 0 0 0
program/83 1 1 1 1 1 1 1 1 1 1 1 1 1 1 1 1 1 1 1 1 1 1 1 1 1 1 1 1 1 1 1 1 1 1 1 1 1 1 1 1 1 1 1 1 1 1 0 0
program/257 0 0 0 0 0 0 0 0 0 0 0 0 0 0 0 0 0 0 0 0 0 0 0 0 0 0 0 0 0 0 0 0 0 0 0 0 0 0 0 0 0 0 0 0 0 0 0 0
program/256 0 1 1 0 0 1 0 1 1 1 1 0 1 1 0 1 0 0 1 1 1 0 1 1 0 1 1 1 0 1 0 1 0 1 1 0 1 0 0 0 1 0 0 1 0 0 0 0
program/255 0 1 1 0 0 1 0 1 1 1 1 0 1 1 0 1 0 0 1 1 1 0 1 1 0 1 1 1 0 1 0 1 0 1 1 0 1 0 0 0 1 0 0 1 0 0 0 0
program/254 0 0 0 0 0 0 0 0 0 0 0 0 0 0 0 0 0 0 0 0 0 0 0 0 0 0 0 0 0 0 0 0 0 0 0 0 0 0 0 0 0 0 0 0 0 0 0 0
program/253 0 0 0 0 0 0 0 1 0 1 1 0 1 1 0 1 1 0 1 1 1 1 1 1 0 1 1 1 0 1 1 0 0 0 0 1 1 0 1 1 1 0 1 0 0 0 0 0
program/252 0 1 1 0 0 1 0 1 1 1 1 0 1 1 0 1 0 0 1 1 1 0 1 1 0 1 1 1 0 1 0 1 0 1 1 0 1 0 0 0 1 0 0 1 0 0 0 0
program/251 0 0 0 0 0 0 0 0 1 1 1 1 0 1 0 1 0 0 0 1 1 0 1 0 0 1 1 0 0 1 1 0 0 0 0 0 0 0 0 0 0 0 0 1 1 0 0 0
program/250 0 1 1 0 0 1 0 1 1 1 1 0 1 1 0 1 0 0 1 1 1 0 1 1 0 1 1 1 0 1 0 1 0 1 1 0 1 0 0 0 1 0 0 1 0 0 0 0
program/550 0 0 0 0 0 0 0 0 0 0 0 1 0 0 1 0 1 0 0 0 0 1 0 0 0 0 0 0 1 0 1 0 1 0 0 0 0 1 1 0 0 1 0 0 1 0 0 0
program/85 0 0 0 0 0 0 0 0 0 0 0 0 0 0 0 0 0 0 0 0 0 0 0 0 0 0 0 0 0 0 0 0 0 0 0 0 0 0 0 0 0 0 0 0 0 0 0 0
program/552 0 1 1 0 0 1 0 1 0 0 0 1 0 0 1 0 1 0 0 0 0 1 0 0 0 0 0 0 1 0 1 1 1 1 1 0 0 1 1 0 0 1 0 0 1 0 0 0
program/553 1 0 0 1 1 0 1 0 1 1 1 0 1 1 0 1 1 1 1 1 1 0 1 1 1 1 1 1 0 1 0 0 1 0 0 1 1 0 1 1 1 1 1 1 0 1 0 0
program/554 1 0 0 1 1 0 1 0 0 0 0 1 0 0 1 0 1 1 0 0 0 1 0 0 1 0 0 0 1 0 1 0 1 0 0 1 0 1 1 1 0 1 1 0 1 1 0 0
program/555 0 1 1 0 0 1 0 1 0 0 0 1 0 0 1 0 0 0 0 0 0 1 0 0 0 0 0 0 1 0 1 1 0 1 1 0 1 1 0 0 0 0 0 0 1 0 0 0
program/259 0 1 1 0 0 1 1 1 1 1 1 1 1 1 1 1 1 1 1 1 1 1 1 1 1 1 1 1 1 1 1 1 1 1 1 1 1 1 1 1 1 1 1 1 1 1 0 0
program/258 0 1 1 0 0 1 0 1 1 1 1 0 1 1 0 1 0 0 1 1 1 0 1 1 0 1 1 1 0 1 0 1 0 1 1 0 1 0 0 0 1 0 0 1 0 0 0 0
program/87 1 1 1 1 1 1 1 1 1 1 1 1 1 1 1 1 1 1 1 1 1 1 1 1 1 1 1 1 1 1 1 1 1 1 1 1 1 1 1 1 1 1 1 1 1 1 0 0
program/86 1 1 1 1 1 1 1 1 1 1 1 1 1 1 1 1 1 1 1 1 1 1 1 1 1 1 1 1 1 1 1 1 1 1 1 1 1 1 1 1 1 1 1 1 1 1 0 0
program/339 0 0 0 0 0 0 0 0 0 0 0 0 0 0 0 0 0 0 0 0 0 0 0 0 0 0 0 0 0 0 0 0 0 0 0 0 0 0 0 0 0 0 0 0 0 0 0 0
program/335 0 1 1 0 0 1 0 1 1 1 1 0 1 1 0 1 0 0 1 1 1 0 1 1 0 1 1 1 0 1 0 1 0 1 1 0 1 0 0 0 1 0 0 1 0 0 0 0
program/336 0 1 1 0 0 1 0 1 1 1 1 0 1 1 0 1 0 0 1 1 1 0 1 1 0 1 1 1 0 1 0 1 0 1 1 0 1 0 0 0 1 0 0 1 0 0 0 0
program/337 1 1 1 1 1 1 1 1 1 1 1 1 1 1 1 1 1 1 1 1 1 1 1 1 1 1 1 1 1 1 1 1 1 1 1 1 1 1 1 1 1 1 1 1 1 1 0 0
program/332 0 1 1 0 0 1 0 1 1 1 1 0 1 1 0 1 0 0 1 1 1 0 1 1 0 1 1 1 0 1 0 1 0 1 1 0 1 0 0 0 1 0 0 1 0 0 0 0
program/333 1 1 1 1 1 1 1 1 1 1 1 1 1 1 1 1 1 1 1 1 1 1 1 1 1 1 1 1 1 1 1 1 1 1 1 1 1 1 1 1 1 1 1 1 1 1 0 0
program/70 1 1 1 1 1 1 1 1 1 1 1 1 1 1 1 1 1 1 1 1 1 1 1 1 1 1 1 1 1 1 1 1 1 1 1 1 1 1 1 1 1 1 1 1 1 1 0 0
program/71 1 1 1 1 1 1 1 1 1 1 1 1 1 1 1 1 1 1 1 1 1 1 1 1 1 1 1 1 1 1 1 1 1 1 1 1 1 1 1 1 1 1 1 1 1 1 0 0
program/72 1 1 1 1 1 1 1 1 1 1 1 1 1 1 1 1 1 1 1 1 1 1 1 1 1 1 1 1 1 1 1 1 1 1 1 1 1 1 1 1 1 1 1 1 1 1 0 0
program/73 1 1 1 1 1 1 1 1 1 1 1 1 1 1 1 1 1 1 1 1 1 1 1 1 1 1 1 1 1 1 1 1 1 1 1 1 1 1 1 1 1 1 1 1 1 1 0 0
program/74 1 1 1 1 1 1 1 1 1 1 1 1 1 1 1 1 1 1 1 1 1 1 1 1 1 1 1 1 1 1 1 1 1 1 1 1 1 1 1 1 1 1 1 1 1 1 0 0
program/75 1 1 1 1 1 1 1 1 1 1 1 1 1 1 1 1 1 1 1 1 1 1 1 1 1 1 1 1 1 1 1 1 1 1 1 1 1 1 1 1 1 1 1 1 1 1 0 0
program/76 1 1 1 1 1 1 1 1 1 1 1 1 1 1 1 1 1 1 1 1 1 1 1 1 1 1 1 1 1 1 1 1 1 1 1 1 1 1 1 1 1 1 1 1 1 1 0 0
program/77 1 1 1 1 1 1 1 1 1 1 1 1 1 1 1 1 1 1 1 1 1 1 1 1 1 1 1 1 1 1 1 1 1 1 1 1 1 1 1 1 1 1 1 1 1 1 0 0
program/78 1 1 1 1 1 1 1 1 1 1 1 1 1 1 1 1 1 1 1 1 1 1 1 1 1 1 1 1 1 1 1 1 1 1 1 1 1 1 1 1 1 1 1 1 1 1 0 0
program/79 1 1 1 1 1 1 1 1 1 1 1 1 1 1 1 1 1 1 1 1 1 1 1 1 1 1 1 1 1 1 1 1 1 1 1 1 1 1 1 1 1 1 1 1 1 1 0 0
program/98 1 1 1 1 1 1 1 1 1 1 1 1 1 1 1 1 1 1 1 1 1 1 1 1 1 1 1 1 1 1 1 1 1 1 1 1 1 1 1 1 1 1 1 1 1 1 0 0
program/99 0 0 0 0 0 0 0 0 0 0 0 0 0 0 0 0 0 0 0 0 0 0 0 0 0 0 0 0 0 0 0 0 0 0 0 0 0 0 0 0 0 0 0 0 0 0 0 0
program/509 1 0 0 1 1 0 1 0 0 0 0 1 0 0 1 0 1 1 0 0 0 1 0 0 1 0 0 0 1 0 1 0 1 0 0 1 0 1 1 1 0 1 1 0 1 1 0 0
program/149 0 0 1 0 0 0 0 0 1 1 0 1 0 0 1 0 0 1 0 1 0 1 0 0 0 1 0 0 0 1 0 0 0 0 1 1 0 0 0 0 0 1 1 1 1 0 0 0
program/148 0 0 0 0 0 1 1 0 0 0 0 0 0 1 0 0 0 0 1 1 0 0 0 0 0 1 1 0 1 1 0 1 1 0 1 0 0 0 1 0 1 0 0 0 0 1 0 0
program/92 1 1 1 1 1 1 1 1 1 1 1 1 1 1 1 1 1 1 1 1 1 1 1 1 1 1 1 1 1 1 1 1 1 1 1 1 1 1 1 1 1 1 1 1 1 1 0 0
program/93 1 1 1 1 1 1 1 1 1 1 1 1 1 1 1 1 1 1 1 1 1 1 1 1 1 1 1 1 1 1 1 1 1 1 1 1 1 1 1 1 1 1 1 1 1 1 0 0
program/90 1 1 1 1 1 1 1 1 1 1 1 1 1 1 1 1 1 1 1 1 1 1 1 1 1 1 1 1 1 1 1 1 1 1 1 1 1 1 1 1 1 1 1 1 1 1 0 0
program/91 1 1 1 1 1 1 1 1 1 1 1 1 1 1 1 1 1 1 1 1 1 1 1 1 1 1 1 1 1 1 1 1 1 1 1 1 1 1 1 1 1 1 1 1 1 1 0 0
program/96 1 1 1 1 1 1 1 1 1 1 1 1 1 1 1 1 1 1 1 1 1 1 1 1 1 1 1 1 1 1 1 1 1 1 1 1 1 1 1 1 1 1 1 1 1 1 0 0
program/97 1 1 1 1 1 1 1 1 1 1 1 1 1 1 1 1 1 1 1 1 1 1 1 1 1 1 1 1 1 1 1 1 1 1 1 1 1 1 1 1 1 1 1 1 1 1 0 0
program/94 1 1 1 1 1 1 1 1 1 1 1 1 1 1 1 1 1 1 1 1 1 1 1 1 1 1 1 1 1 1 1 1 1 1 1 1 1 1 1 1 1 1 1 1 1 1 0 0
program/95 1 1 1 1 1 1 1 1 1 1 1 1 1 1 1 1 1 1 1 1 1 1 1 1 1 1 1 1 1 1 1 1 1 1 1 1 1 1 1 1 1 1 1 1 1 1 0 0
program/389 1 0 0 0 0 0 1 0 1 0 1 0 1 1 1 0 1 1 1 0 1 0 0 1 1 1 0 0 0 0 0 1 0 0 1 0 0 1 0 1 1 0 1 1 0 1 0 0
program/388 0 1 1 0 0 1 0 1 1 1 1 0 1 1 0 1 0 0 1 1 1 0 1 1 0 1 1 1 0 1 0 1 0 1 1 0 1 0 0 0 1 0 0 1 0 0 0 0
program/380 1 1 1 1 1 1 1 1 1 1 1 1 1 1 1 1 1 1 1 1 1 1 1 1 1 1 1 1 1 1 1 1 1 1 1 1 1 1 1 1 1 1 1 1 1 1 0 0
program/385 0 0 0 0 0 0 0 1 0 0 1 1 1 0 0 0 1 1 0 0 0 0 1 0 0 0 1 0 0 1 0 0 0 0 0 1 1 0 1 1 1 0 1 1 0 0 0 0
program/387 0 0 0 0 0 0 0 0 0 0 0 0 0 0 0 0 0 0 0 0 0 0 0 0 0 0 0 0 0 0 0 0 0 0 0 0 0 0 0 0 0 0 0 0 0 0 0 0
program/386 0 1 1 0 0 1 0 1 1 1 1 0 1 1 0 1 0 0 1 1 1 0 1 1 0 1 1 1 0 1 0 1 0 1 1 0 1 0 0 0 1 0 0 1 0 0 0 0
program/2 0 0 0 0 0 0 0 0 0 0 0 0 0 0 0 0 0 0 0 0 0 0 0 0 0 0 0 0 0 0 0 0 0 0 0 0 0 0 0 0 0 0 0 0 0 0 0 0
program/5 0 0 0 0 0 0 0 0 0 0 0 0 0 0 0 0 0 0 0 0 0 0 0 0 0 0 0 0 0 0 0 0 0 0 0 0 0 0 0 0 0 0 0 0 0 0 0 0
program/6 0 0 0 0 0 0 0 0 0 0 0 0 0 0 0 0 0 0 0 0 0 0 0 0 0 0 0 0 0 0 0 0 0 0 0 0 0 0 0 0 0 0 0 0 0 0 0 0
program/7 0 0 0 0 0 0 0 0 0 0 0 0 0 0 0 0 0 0 0 0 0 0 0 0 0 0 0 0 0 0 0 0 0 0 0 0 0 0 0 0 0 0 0 0 0 0 0 0
program/8 1 1 1 1 1 1 1 1 1 1 1 1 1 1 1 1 1 1 1 1 1 1 1 1 1 1 1 1 1 1 1 1 1 1 1 1 1 1 1 1 1 1 1 1 1 1 0 0
program/293 0 1 1 0 0 1 1 1 1 1 1 1 1 1 1 1 1 1 1 1 1 1 1 1 1 1 1 1 1 1 1 1 1 1 1 1 1 1 1 1 1 1 1 1 1 1 0 0
program/292 0 0 0 0 0 0 0 0 1 1 1 1 1 1 1 1 1 1 1 1 1 1 1 1 1 1 1 1 1 1 1 0 0 1 1 0 1 1 1 0 1 0 0 1 1 1 0 0
program/291 0 1 1 0 0 1 1 1 1 1 1 1 1 1 1 1 1 1 1 1 1 1 1 1 1 1 1 1 1 1 1 1 1 1 1 1 1 1 1 1 1 1 1 1 1 1 0 0
program/290 0 1 1 0 0 1 1 1 1 1 1 1 1 1 1 1 1 1 1 1 1 1 1 1 1 1 1 1 1 1 1 1 1 1 1 1 1 1 1 1 1 1 1 1 1 1 0 0
program/297 0 1 1 0 0 1 1 1 1 1 1 1 1 1 1 1 1 1 1 1 1 1 1 1 1 1 1 1 1 1 1 1 1 1 1 1 1 1 1 1 1 1 1 1 1 1 0 0
program/296 0 0 0 0 0 0 0 1 1 1 1 1 1 1 1 1 1 1 1 1 1 1 1 1 1 1 1 1 1 1 1 0 1 1 1 1 1 1 1 1 1 1 1 1 1 1 0 0
program/295 0 1 1 0 0 1 1 1 1 1 1 1 1 1 1 1 1 1 1 1 1 1 1 1 1 1 1 1 1 1 1 1 1 1 1 1 1 1 1 1 1 1 1 1 1 1 0 0
program/294 0 0 0 0 0 0 0 0 0 0 0 1 0 0 1 0 1 1 0 0 0 1 0 0 1 0 0 0 1 0 1 0 1 0 0 1 0 1 1 1 0 1 1 0 1 1 0 0
program/299 0 1 1 0 0 1 1 1 1 1 1 1 1 1 1 1 1 1 1 1 1 1 1 1 1 1 1 1 1 1 1 1 1 1 1 1 1 1 1 1 1 1 1 1 1 1 0 0
program/298 0 1 1 0 0 1 1 1 1 1 1 1 1 1 1 1 1 1 1 1 1 1 1 1 1 1 1 1 1 1 1 1 1 1 1 1 1 1 1 1 1 1 1 1 1 1 0 0
program/514 0 1 1 0 0 1 0 1 1 1 1 0 1 1 0 1 0 0 1 1 1 0 1 1 0 1 1 1 0 1 0 1 0 1 1 0 1 0 0 0 1 0 0 1 0 0 0 0
program/516 1 1 1 1 1 1 1 1 1 1 1 1 1 1 1 1 1 1 1 1 1 1 1 1 1 1 1 1 1 1 1 1 1 1 1 1 1 1 1 1 1 1 1 1 1 1 0 0
program/517 1 0 0 1 1 0 1 0 0 0 0 1 0 0 1 0 1 1 0 0 0 1 0 0 1 0 0 0 1 0 1 0 1 0 0 1 0 1 1 1 0 1 1 0 1 1 0 0
program/459 0 0 0 0 0 0 0 0 0 0 0 0 0 0 0 0 0 0 0 0 0 0 0 0 0 0 0 0 0 0 0 0 0 0 0 0 0 0 0 0 0 0 0 0 0 0 0 0
program/458 0 1 1 0 0 1 0 1 1 1 1 0 1 1 0 1 0 0 1 1 1 0 1 1 0 1 1 1 0 1 0 1 0 1 1 0 1 0 0 0 1 0 0 1 0 0 0 0
program/455 0 1 1 0 0 1 0 1 1 1 1 0 1 1 0 1 0 0 1 1 1 0 1 1 0 1 1 1 0 1 0 1 0 1 1 0 1 0 0 0 1 0 0 1 0 0 0 0
program/454 0 0 0 0 0 0 0 0 0 0 0 1 0 0 1 0 1 0 0 0 0 1 0 0 0 0 0 0 1 0 1 0 1 0 0 0 0 1 1 0 0 1 0 0 1 0 0 0
program/457 0 1 1 0 0 1 0 1 1 1 1 0 1 1 0 1 0 0 1 1 1 0 1 1 0 1 1 1 0 1 0 1 0 1 1 0 1 0 0 0 1 0 0 1 0 0 0 0
program/456 0 0 0 0 0 0 0 0 0 0 0 0 0 0 0 0 0 0 0 0 0 0 0 0 0 0 0 0 0 0 0 0 0 0 0 0 0 0 0 0 0 0 0 0 0 0 0 0
program/451 0 0 0 0 0 0 0 0 0 0 0 0 0 0 0 0 0 0 0 0 0 0 0 0 0 0 0 0 0 0 0 0 0 0 0 0 0 0 0 0 0 0 0 0 0 0 0 0
program/450 0 1 1 0 0 1 0 1 1 1 1 0 1 1 0 1 0 0 1 1 1 0 1 1 0 1 1 1 0 1 0 1 0 1 1 0 1 0 0 0 1 0 0 1 0 0 0 0
program/453 0 1 1 0 0 1 0 1 1 1 1 1 1 1 1 1 1 0 1 1 1 1 1 1 0 1 1 1 1 1 1 1 1 1 1 0 1 1 1 0 1 1 0 1 1 0 0 0
program/452 0 1 1 0 0 1 0 1 1 1 1 1 1 1 1 1 1 0 1 1 1 1 1 1 0 1 1 1 1 1 1 1 1 1 1 0 1 1 1 0 1 1 0 1 1 0 0 0
program/208 0 1 1 0 0 1 1 1 1 1 1 0 1 1 0 1 0 0 1 1 1 0 1 1 0 1 1 1 0 1 0 1 0 1 1 0 1 0 0 0 1 0 0 1 0 0 0 0
program/209 0 1 1 0 0 1 0 1 1 1 1 0 1 1 0 1 0 0 1 1 1 0 1 1 0 1 1 1 0 1 0 1 0 1 1 0 1 0 0 0 1 0 0 1 0 0 0 0
program/200 0 1 1 0 0 1 1 1 1 1 1 1 1 1 1 1 1 1 1 1 1 1 1 1 1 1 1 1 1 1 1 1 1 1 1 1 1 1 1 1 1 1 1 1 1 1 0 0
program/201 0 0 1 0 0 0 0 1 0 0 0 0 0 1 1 1 1 1 0 0 0 1 1 0 0 0 1 0 0 1 0 0 0 0 1 0 0 0 1 1 0 0 1 1 0 0 0 0
program/202 0 1 1 0 0 1 0 1 1 1 1 0 1 1 0 1 0 0 1 1 1 0 1 1 0 1 1 1 0 1 0 1 0 1 1 0 1 0 0 0 1 0 0 1 0 0 0 0
program/203 0 1 1 0 0 1 0 1 1 1 1 0 1 1 0 1 0 0 1 1 1 0 1 1 0 1 1 1 0 1 0 1 0 1 1 0 1 0 0 0 1 0 0 1 0 0 0 0
program/204 0 1 1 0 0 1 0 1 1 1 1 0 1 1 0 1 0 0 1 1 1 0 1 1 0 1 1 1 0 1 0 1 0 1 1 0 1 0 0 0 1 0 0 1 0 0 0 0
program/205 0 1 1 0 0 1 0 1 1 1 1 0 1 1 0 1 0 0 1 1 1 0 1 1 0 1 1 1 0 1 0 1 0 1 1 0 1 0 0 0 1 0 0 1 0 0 0 0
program/206 0 1 1 0 0 1 0 1 1 1 1 0 1 1 0 1 0 0 1 1 1 0 1 1 0 1 1 1 0 1 0 1 0 1 1 0 1 0 0 0 1 0 0 1 0 0 0 0
program/207 0 1 1 0 0 1 0 1 1 1 1 0 1 1 0 1 0 0 1 1 1 0 1 1 0 1 1 1 0 1 0 1 0 1 1 0 1 0 0 0 1 0 0 1 0 0 0 0
program/345 0 1 1 0 0 1 0 1 1 1 1 0 1 1 0 1 0 0 1 1 1 0 1 1 0 1 1 1 0 1 0 1 0 1 1 0 1 0 0 0 1 0 0 1 0 0 0 0
program/344 1 1 1 1 1 1 1 1 1 1 1 1 1 1 1 1 1 1 1 1 1 1 1 1 1 1 1 1 1 1 1 1 1 1 1 1 1 1 1 1 1 1 1 1 1 1 0 0
program/347 0 1 1 0 0 1 0 1 1 1 1 0 1 1 0 1 0 0 1 1 1 0 1 1 0 1 1 1 0 1 0 1 0 1 1 0 1 0 0 0 1 0 0 1 0 0 0 0
program/341 0 1 1 0 0 1 0 1 1 1 1 0 1 1 0 1 0 0 1 1 1 0 1 1 0 1 1 1 0 1 0 1 0 1 1 0 1 0 0 0 1 0 0 1 0 0 0 0
program/340 0 1 1 0 0 1 0 1 1 1 1 0 1 1 0 1 0 0 1 1 1 0 1 1 0 1 1 1 0 1 0 1 0 1 1 0 1 0 0 0 1 0 0 1 0 0 0 0
program/343 0 1 1 0 0 1 0 1 1 1 1 0 1 1 0 1 0 0 1 1 1 0 1 1 0 1 1 1 0 1 0 1 0 1 1 0 1 0 0 0 1 0 0 1 0 0 0 0
program/342 0 0 0 0 0 0 0 0 0 0 0 0 0 0 0 0 0 0 0 0 0 0 0 0 0 0 0 0 0 0 0 0 0 0 0 0 0 0 0 0 0 0 0 0 0 0 0 0
program/349 0 1 1 1 0 1 0 1 1 1 1 0 1 1 0 1 0 0 1 1 1 0 1 1 0 1 1 1 0 1 0 1 0 1 1 0 1 0 0 0 1 0 0 1 0 0 0 0
program/348 0 1 1 0 0 1 0 1 1 1 1 0 1 1 0 1 0 0 1 1 1 0 1 1 0 1 1 1 0 1 0 1 0 1 1 0 1 0 0 0 1 0 0 1 0 0 0 0
program/29 0 0 0 0 0 0 0 0 0 0 0 0 0 0 0 0 0 0 0 0 0 0 0 0 0 0 0 0 0 0 0 0 0 0 0 0 0 0 0 0 0 0 0 0 0 0 0 0
program/28 0 0 0 0 0 0 0 0 0 0 0 0 0 0 0 0 0 0 0 0 0 0 0 0 0 0 0 0 0 0 0 0 0 0 0 0 0 0 0 0 0 0 0 0 0 0 0 0
program/23 1 1 1 1 1 1 1 1 1 1 1 1 1 1 1 1 1 1 1 1 1 1 1 1 1 1 1 1 1 1 1 1 1 1 1 1 1 1 1 1 1 1 1 1 1 1 0 0
program/22 0 0 0 0 0 0 0 0 0 0 0 0 0 0 0 0 0 0 0 0 0 0 0 0 0 0 0 0 0 0 0 0 0 0 0 0 0 0 0 0 0 0 0 0 0 0 0 0
program/21 0 0 0 0 0 0 0 0 0 0 0 0 0 0 0 0 0 0 0 0 0 0 0 0 0 0 0 0 0 0 0 0 0 0 0 0 0 0 0 0 0 0 0 0 0 0 0 0
program/20 0 0 0 0 0 0 0 0 0 0 0 0 0 0 0 0 0 0 0 0 0 0 0 0 0 0 0 0 0 0 0 0 0 0 0 0 0 0 0 0 0 0 0 0 0 0 0 0
program/27 0 0 0 0 0 0 0 0 0 0 0 0 0 0 0 0 0 0 0 0 0 0 0 0 0 0 0 0 0 0 0 0 0 0 0 0 0 0 0 0 0 0 0 0 0 0 0 0
program/26 0 0 0 0 0 0 0 0 0 0 0 0 0 0 0 0 0 0 0 0 0 0 0 0 0 0 0 0 0 0 0 0 0 0 0 0 0 0 0 0 0 0 0 0 0 0 0 0
program/24 0 0 0 0 0 0 0 0 0 0 0 0 0 0 0 0 0 0 0 0 0 0 0 0 0 0 0 0 0 0 0 0 0 0 0 0 0 0 0 0 0 0 0 0 0 0 0 0
program/110 0 1 1 0 0 1 0 1 0 0 0 0 0 0 0 0 0 0 0 0 0 0 0 0 0 0 0 0 0 0 0 1 0 1 1 0 1 0 0 0 1 0 0 1 0 0 0 0
program/111 0 1 1 0 0 1 0 1 0 0 0 0 0 0 0 0 0 0 0 0 0 0 0 0 0 0 0 0 0 0 0 1 0 1 1 0 1 0 0 0 1 0 0 1 0 0 0 0
program/112 0 1 1 0 0 1 0 1 0 0 0 0 0 0 0 0 0 0 0 0 0 0 0 0 0 0 0 0 0 0 0 1 0 1 1 0 1 0 0 0 1 0 0 1 0 0 0 0
program/113 0 1 1 0 0 1 0 1 0 0 0 0 0 0 0 0 0 0 0 0 0 0 0 0 0 0 0 0 0 0 0 1 0 1 1 0 1 0 0 0 1 0 0 1 0 0 0 0
program/114 0 1 1 0 0 1 0 1 0 0 0 0 0 0 0 0 0 0 0 0 0 0 0 0 0 0 0 0 0 0 0 1 0 1 1 0 1 0 0 0 1 0 0 1 0 0 0 0
program/115 0 1 1 0 0 1 0 1 0 0 0 0 0 0 0 0 0 0 0 0 0 0 0 0 0 0 0 0 0 0 0 1 0 1 1 0 1 0 0 0 1 0 0 1 0 0 0 0
program/116 0 1 1 0 0 1 0 1 0 0 0 0 0 0 0 0 0 0 0 0 0 0 0 0 0 0 0 0 0 0 0 1 0 1 1 0 1 0 0 0 1 0 0 1 0 0 0 0
program/117 0 1 1 0 0 1 0 1 0 0 0 0 0 0 0 0 0 0 0 0 0 0 0 0 0 0 0 0 0 0 0 1 0 1 1 0 1 0 0 0 1 0 0 1 0 0 0 0
program/118 0 1 1 1 0 1 0 1 0 0 0 0 0 0 0 0 0 0 0 0 0 0 0 0 0 0 0 0 0 0 0 1 0 1 1 0 1 0 0 0 1 0 0 1 0 0 0 0
program/119 0 1 1 0 0 1 0 1 0 0 0 0 0 0 0 0 0 0 0 0 0 0 0 0 0 0 0 0 0 0 0 1 0 1 1 0 1 0 0 0 1 0 0 1 0 0 0 0
program/419 0 1 1 0 0 1 0 1 0 1 1 0 1 1 0 1 0 0 1 1 1 0 1 1 0 1 1 1 0 1 0 1 0 0 0 0 1 0 0 0 1 0 1 1 0 0 0 0
program/418 0 1 1 0 0 1 0 1 1 1 1 0 1 1 0 1 0 0 1 1 1 0 1 1 0 1 1 1 0 1 0 1 0 1 1 0 1 0 0 0 1 0 0 1 0 0 0 0
program/411 0 1 1 0 0 1 0 1 1 1 1 0 1 1 0 1 0 0 1 1 1 0 1 1 0 1 1 1 0 1 0 1 0 1 1 0 1 0 0 0 1 0 0 1 0 0 0 0
program/410 0 1 1 0 0 1 0 0 0 1 1 0 1 1 0 1 1 0 1 1 1 0 1 1 0 1 1 1 0 1 0 1 0 1 1 1 0 0 1 1 0 0 1 0 0 0 0 0
program/413 0 1 1 0 0 1 0 0 0 1 1 0 1 1 0 1 1 0 1 1 1 0 1 1 0 1 1 1 0 1 1 1 0 0 0 1 0 0 1 1 0 0 0 1 0 0 0 0
program/412 0 0 0 0 0 0 0 1 0 1 1 0 1 1 0 1 1 0 1 1 1 1 1 1 0 1 1 1 0 1 1 0 0 0 0 1 1 0 1 1 1 0 1 0 0 0 0 0
program/415 0 1 1 0 0 1 0 1 1 1 1 0 1 1 0 1 0 0 1 1 1 0 0 1 0 1 1 1 0 1 0 1 0 1 1 0 1 0 0 0 1 0 0 1 0 0 0 0
program/414 0 0 0 0 0 0 0 1 0 1 1 0 1 1 0 1 1 0 1 1 1 1 1 1 0 1 1 1 0 1 1 0 0 0 0 1 1 0 1 1 1 0 1 0 0 0 0 0
program/417 0 1 1 0 0 1 0 1 1 1 1 0 1 1 0 1 0 0 1 1 1 0 1 1 0 1 1 1 0 1 1 1 0 0 0 0 1 0 0 0 1 0 1 0 0 0 0 0
program/416 0 1 1 0 0 1 0 0 0 1 1 0 1 1 0 1 1 0 1 1 1 0 1 1 0 1 1 1 0 1 0 1 0 1 1 1 0 0 1 1 0 0 1 0 0 0 0 0
program/548 0 0 0 0 0 0 0 0 0 0 0 1 0 0 1 0 1 0 0 0 0 1 0 0 0 0 0 0 1 0 1 0 1 0 0 0 0 1 1 0 0 1 0 0 1 0 0 0
program/244 0 0 0 0 0 0 0 1 0 1 1 0 1 1 0 1 1 0 1 1 1 1 1 1 0 1 1 1 0 1 1 0 0 0 0 1 1 0 1 1 1 0 1 0 0 0 0 0
program/245 0 1 1 0 0 1 0 1 1 1 1 0 1 1 0 1 0 0 1 1 1 0 1 1 0 1 1 1 0 1 0 1 0 1 1 0 1 0 0 0 1 0 0 1 0 0 0 0
program/246 0 0 0 0 0 0 0 0 0 0 0 0 0 0 0 0 0 0 0 0 0 0 0 0 0 0 0 0 0 0 0 0 0 0 0 0 0 0 0 0 0 0 0 0 0 0 0 0
program/247 0 1 1 0 0 1 0 1 1 1 1 0 1 1 0 1 0 0 1 1 1 0 1 1 0 1 1 1 0 1 0 1 0 1 1 0 1 0 0 0 1 0 0 1 0 0 0 0
program/240 0 0 0 0 0 0 0 1 0 1 1 0 1 1 0 1 1 0 1 1 1 1 1 1 0 1 1 1 0 1 1 0 0 0 0 1 1 0 1 1 1 0 1 0 0 0 0 0
program/241 0 1 1 0 0 1 0 1 1 1 1 0 1 1 0 1 0 0 1 1 1 0 1 1 0 1 1 1 0 1 0 1 0 1 1 0 1 0 0 0 1 0 0 1 0 0 0 0
program/242 0 0 0 0 0 0 0 0 0 0 0 0 0 0 0 0 0 0 0 0 0 0 0 0 0 0 0 0 0 0 0 0 0 0 0 0 0 0 0 0 0 0 0 0 0 0 0 0
program/243 0 1 1 0 0 1 1 1 1 1 1 0 1 1 0 1 0 0 1 1 1 0 1 1 0 1 1 1 0 1 0 1 0 1 1 0 1 0 0 0 1 0 0 1 0 0 0 0
program/565 1 0 0 1 1 0 1 0 0 0 0 1 0 0 1 0 1 1 0 0 0 1 0 0 1 0 0 0 1 0 1 0 1 0 0 1 0 1 1 1 0 1 1 0 1 1 0 0
program/567 1 1 1 1 1 1 1 1 1 1 1 1 1 1 1 1 1 1 1 1 1 1 1 1 1 1 1 1 1 1 1 1 1 1 1 1 1 1 1 1 1 1 1 1 1 1 0 0
program/566 1 1 1 1 1 1 1 1 1 1 1 1 1 1 1 1 1 1 1 1 1 1 1 1 1 1 1 1 1 1 1 1 1 1 1 1 1 1 1 1 1 1 1 1 1 1 0 0
program/248 0 1 1 0 0 1 0 1 1 1 1 0 1 1 0 1 0 0 1 1 1 0 1 1 0 1 1 1 0 1 0 1 0 1 1 0 1 0 0 0 1 0 0 1 0 0 0 0
program/249 0 1 1 0 0 1 0 1 1 1 1 0 1 1 0 1 0 0 1 1 1 0 1 1 0 1 1 1 0 1 0 1 0 1 1 0 1 0 0 0 1 0 0 1 0 0 0 0
program/563 1 0 0 1 1 0 1 0 0 0 0 1 0 0 1 0 1 1 0 0 0 1 0 0 1 0 0 0 1 0 1 0 1 0 0 1 0 1 1 1 0 1 1 0 1 1 0 0
program/562 1 0 0 1 1 0 1 0 0 0 0 1 0 0 1 0 1 1 0 0 0 1 0 0 1 0 0 0 1 0 1 0 1 0 0 1 0 1 1 1 0 1 1 0 1 1 0 0
program/541 0 1 1 0 0 1 0 1 0 0 0 1 0 0 1 0 0 0 0 0 0 1 0 0 0 0 0 0 1 0 1 1 0 1 1 0 0 1 0 0 0 0 0 0 1 0 0 0
program/12 1 1 1 1 1 1 1 1 1 1 1 1 1 1 1 1 1 1 1 1 1 1 1 1 1 1 1 1 1 1 1 1 1 1 1 1 1 1 1 1 1 1 1 1 1 1 0 0
program/11 0 0 0 0 0 0 0 0 0 0 0 0 0 0 0 0 0 0 0 0 0 0 0 0 0 0 0 0 0 0 0 0 0 0 0 0 0 0 0 0 0 0 0 0 0 0 0 0
program/16 1 1 1 1 1 1 1 1 1 1 1 1 1 1 1 1 1 1 1 1 1 1 1 1 1 1 1 1 1 1 1 1 1 1 1 1 1 1 1 1 1 1 1 1 1 1 0 0
program/14 0 0 0 0 0 0 0 0 0 0 0 0 0 0 0 0 0 0 0 0 0 0 0 0 0 0 0 0 0 0 0 0 0 0 0 0 0 0 0 0 0 0 0 0 0 0 0 0
program/15 0 0 0 0 0 0 0 0 0 0 0 0 0 0 0 0 0 0 0 0 0 0 0 0 0 0 0 0 0 0 0 0 0 0 0 0 0 0 0 0 0 0 0 0 0 0 0 0
program/18 0 0 0 0 0 0 0 0 0 0 0 0 0 0 0 0 0 0 0 0 0 0 0 0 0 0 0 0 0 0 0 0 0 0 0 0 0 0 0 0 0 0 0 0 0 0 0 0
program/19 0 0 0 0 0 0 0 0 0 0 0 0 0 0 0 0 0 0 0 0 0 0 0 0 0 0 0 0 0 0 0 0 0 0 0 0 0 0 0 0 0 0 0 0 0 0 0 0
program/301 0 0 0 0 0 0 0 1 1 1 1 1 1 1 1 1 1 1 1 1 1 1 1 1 1 1 1 1 1 1 1 0 1 1 1 1 1 1 1 1 1 1 1 1 1 1 0 0
program/300 0 0 0 0 0 0 0 1 1 1 1 1 1 1 1 1 1 1 1 1 1 1 1 1 1 1 1 1 1 1 1 0 1 1 1 1 1 1 1 1 1 1 1 1 1 1 0 0
program/303 0 1 1 0 0 1 1 1 1 1 1 1 1 1 1 1 1 1 1 1 1 1 1 1 1 1 1 1 1 1 1 1 1 1 1 1 1 1 1 1 1 1 1 1 1 1 0 0
program/302 0 1 1 0 0 1 1 1 1 1 1 1 1 1 1 1 1 1 1 1 1 1 1 1 1 1 1 1 1 1 1 1 1 1 1 1 1 1 1 1 1 1 1 1 1 1 0 0
program/305 0 1 1 0 0 1 1 1 1 1 1 1 1 1 1 1 1 1 1 1 1 1 1 1 1 1 1 1 1 1 1 1 1 1 1 1 1 1 1 1 1 1 1 1 1 1 0 0
program/304 0 0 0 0 0 0 0 1 1 1 1 1 1 1 1 1 1 1 1 1 1 1 1 1 1 1 1 1 1 1 1 0 1 1 1 1 1 1 1 1 1 1 1 1 1 1 0 0
program/307 0 1 1 0 0 1 0 1 1 1 1 0 1 1 0 1 0 0 1 1 1 0 1 1 0 1 1 1 0 1 0 1 0 1 0 0 0 0 0 0 1 0 0 1 0 0 0 0
program/306 0 0 0 0 0 0 0 0 0 0 0 1 0 0 1 0 1 1 0 0 0 1 0 0 1 0 0 0 1 0 1 0 1 0 0 1 0 1 1 1 0 1 1 0 1 1 0 0
program/309 0 1 1 0 0 1 0 1 1 1 1 0 1 1 0 1 0 0 1 1 1 0 1 1 0 1 1 1 0 1 0 1 0 1 0 0 0 0 0 0 1 0 0 1 0 0 0 0
program/308 1 1 1 1 1 1 1 1 1 1 1 1 1 1 1 1 1 1 1 1 1 1 1 1 1 1 1 1 1 1 1 1 1 1 1 1 1 1 1 1 1 1 1 1 1 1 0 0
program/143 1 1 1 1 1 1 1 1 1 1 1 1 1 1 1 1 1 1 1 1 1 1 1 1 1 1 1 1 1 1 1 1 1 1 1 1 1 1 1 1 1 1 1 1 1 1 0 0
program/65 1 1 1 1 1 1 1 1 1 1 1 1 1 1 1 1 1 1 1 1 1 1 1 1 1 1 1 1 1 1 1 1 1 1 1 1 1 1 1 1 1 1 1 1 1 1 0 0
program/64 1 1 1 1 1 1 1 1 1 1 1 1 1 1 1 1 1 1 1 1 1 1 1 1 1 1 1 1 1 1 1 1 1 1 1 1 1 1 1 1 1 1 1 1 1 1 0 0
program/63 1 1 1 1 1 1 1 1 1 1 1 1 1 1 1 1 1 1 1 1 1 1 1 1 1 1 1 1 1 1 1 1 1 1 1 1 1 1 1 1 1 1 1 1 1 1 0 0
program/62 0 0 0 0 0 0 0 0 0 0 0 0 0 0 0 0 0 0 0 0 0 0 0 0 0 0 0 0 0 0 0 0 0 0 0 0 0 0 0 0 0 0 0 0 0 0 0 0
program/61 0 0 0 0 0 0 0 0 0 0 0 0 0 0 0 0 0 0 0 0 0 0 0 0 0 0 0 0 0 0 0 0 0 0 0 0 0 0 0 0 0 0 0 0 0 0 0 0
program/60 0 0 0 0 0 0 0 0 0 0 0 0 0 0 0 0 0 0 0 0 0 0 0 0 0 0 0 0 0 0 0 0 0 0 0 0 0 0 0 0 0 0 0 0 0 0 0 0
program/140 0 1 1 1 0 1 0 1 1 1 1 0 1 1 0 1 0 0 1 1 1 0 1 1 0 1 1 1 0 1 0 1 0 1 1 0 1 0 0 0 1 0 0 1 0 0 0 0
program/69 1 1 1 1 1 1 1 1 1 1 1 1 1 1 1 1 1 1 1 1 1 1 1 1 1 1 1 1 1 1 1 1 1 1 1 1 1 1 1 1 1 1 1 1 1 1 0 0
program/68 0 0 0 0 0 0 0 0 0 0 0 0 0 0 0 0 0 0 0 0 0 0 0 0 0 0 0 0 0 0 0 0 0 0 0 0 0 0 0 0 0 0 0 0 0 0 0 0
program/89 1 1 1 1 1 1 1 1 1 1 1 1 1 1 1 1 1 1 1 1 1 1 1 1 1 1 1 1 1 1 1 1 1 1 1 1 1 1 1 1 1 1 1 1 1 1 0 0
program/88 1 1 1 1 1 1 1 1 1 1 1 1 1 1 1 1 1 1 1 1 1 1 1 1 1 1 1 1 1 1 1 1 1 1 1 1 1 1 1 1 1 1 1 1 1 1 0 0
program/158 0 0 0 0 0 0 1 0 0 1 0 0 0 1 0 1 0 0 1 0 0 0 1 1 0 1 0 0 0 1 0 0 0 0 0 0 0 0 0 0 0 0 0 0 0 0 0 0
program/159 0 0 0 0 0 0 1 0 0 1 0 0 0 1 0 1 0 0 1 0 0 0 1 1 0 1 0 0 0 1 0 0 0 0 0 0 0 0 0 0 0 0 0 0 0 0 0 0
program/154 0 1 1 0 0 1 0 1 1 1 1 0 1 1 0 1 0 0 1 1 1 0 1 1 0 1 1 1 0 1 0 1 0 1 1 0 1 0 0 0 1 0 0 1 0 0 0 0
program/155 0 0 0 0 0 0 0 0 1 0 0 0 0 1 1 0 0 0 1 0 1 0 1 0 0 1 1 0 0 1 0 0 0 0 1 0 1 1 0 0 0 0 0 0 0 0 0 0
program/156 0 1 1 0 0 1 1 1 1 1 1 1 1 1 1 1 1 1 1 1 1 1 1 1 1 1 1 1 1 1 1 1 1 1 1 1 1 1 1 1 1 1 1 1 1 1 0 0
program/157 0 0 0 0 0 0 1 0 0 1 0 0 0 1 0 1 0 0 1 0 0 0 1 1 0 1 0 0 0 1 0 0 0 0 0 0 0 0 0 0 0 0 0 0 0 0 0 0
program/150 0 0 0 0 0 0 0 0 0 0 0 1 0 0 1 0 1 1 0 0 0 1 0 0 1 0 0 0 1 0 1 0 1 0 0 1 0 1 1 1 0 1 1 0 1 1 0 0
program/151 0 1 1 0 0 1 1 1 1 1 1 1 1 1 1 1 1 1 1 1 1 1 1 1 1 1 1 1 1 1 1 1 1 1 1 1 1 1 1 1 1 1 1 1 1 1 0 0
program/152 1 1 1 1 1 1 1 1 1 1 1 1 1 1 1 1 1 1 1 1 1 1 1 1 1 1 1 1 1 1 1 1 1 1 1 1 1 1 1 1 1 1 1 1 1 1 0 0
program/153 0 1 1 0 0 1 0 1 1 1 1 0 1 1 0 1 0 0 1 1 1 0 1 1 0 1 1 1 0 1 0 1 0 1 1 0 1 0 0 0 1 0 0 1 0 0 0 0
program/529 1 0 0 1 1 0 1 0 0 0 0 1 0 0 1 0 1 1 0 0 0 1 0 0 1 0 0 0 1 0 1 0 1 0 0 1 0 1 1 1 0 1 1 0 1 1 0 0
program/398 0 0 0 0 0 0 0 1 0 1 1 0 1 1 0 1 1 0 1 1 1 1 1 1 0 1 1 1 0 1 1 0 0 0 0 1 1 0 1 1 1 0 1 0 0 0 0 0
program/399 0 1 1 0 0 1 0 0 0 1 1 0 1 1 0 1 1 0 1 1 1 0 1 1 0 1 1 1 0 1 0 1 0 1 1 1 0 0 1 1 0 0 1 0 0 0 0 0
program/396 0 1 1 0 0 1 0 1 1 1 1 0 1 1 0 1 0 0 1 1 1 0 1 1 0 1 1 1 0 1 0 1 0 1 1 0 1 0 0 0 1 0 0 1 0 0 0 0
program/397 0 1 1 0 0 1 0 0 0 1 1 0 1 1 0 1 1 0 1 1 1 0 1 1 0 1 1 1 0 1 1 1 0 0 0 1 0 0 1 1 0 0 0 1 0 0 0 0
program/394 0 1 1 0 0 1 0 0 0 1 1 0 1 1 0 1 1 0 1 1 1 0 1 1 0 1 1 1 0 1 1 1 0 0 0 1 0 0 1 1 0 0 0 1 0 0 0 0
program/395 0 0 0 0 0 0 0 1 0 1 1 0 1 1 0 1 1 0 1 1 1 1 1 1 0 1 1 1 0 1 1 0 0 0 0 1 1 0 1 1 1 0 1 0 0 0 0 0
program/392 0 1 1 0 0 1 0 1 1 1 1 0 1 1 0 1 0 0 1 1 1 0 1 1 0 1 1 1 0 1 0 1 0 1 1 0 1 0 0 0 1 0 0 1 0 0 0 0
program/393 0 1 1 0 0 1 0 0 0 1 1 0 1 1 0 1 1 0 1 1 1 0 1 1 0 1 1 1 0 1 1 1 0 0 0 1 0 0 1 1 0 0 0 1 0 0 0 0
program/390 0 1 1 0 0 1 0 1 1 1 1 0 1 1 0 1 0 0 1 1 1 0 1 1 0 1 1 1 0 1 0 1 0 1 1 0 1 0 0 0 1 0 0 1 0 0 0 0
program/391 1 1 1 1 1 1 1 1 1 1 1 1 1 1 1 1 1 1 1 1 1 1 1 1 1 1 1 1 1 1 1 1 1 1 1 1 1 1 1 1 1 1 1 1 1 1 0 0
program/521 1 1 1 1 1 1 1 1 1 1 1 1 1 1 1 1 1 1 1 1 1 1 1 1 1 1 1 1 1 1 1 1 1 1 1 1 1 1 1 1 1 1 1 1 1 1 0 0
program/520 1 0 0 1 1 0 1 0 0 0 0 1 0 0 1 0 1 1 0 0 0 1 0 0 1 0 0 0 1 0 1 0 1 0 0 1 0 1 1 1 0 1 1 0 1 1 0 0
program/280 0 1 1 0 0 1 1 1 1 1 1 1 1 1 1 1 1 1 1 1 1 1 1 1 1 1 1 1 1 1 1 1 1 1 1 1 1 1 1 1 1 1 1 1 1 1 0 0
program/281 0 0 0 0 0 0 0 1 1 1 1 1 1 1 1 1 1 1 1 1 1 1 1 1 1 1 1 1 1 1 1 0 1 1 1 1 1 1 1 1 1 1 1 1 1 1 0 0
program/282 0 1 1 0 0 1 1 1 1 1 1 1 1 1 1 1 1 1 1 1 1 1 1 1 1 1 1 1 1 1 1 1 1 1 1 1 1 1 1 1 1 1 1 1 1 1 0 0
program/283 0 0 0 0 0 0 0 1 1 1 1 1 1 1 1 1 1 1 1 1 1 1 1 1 1 1 1 1 1 1 1 0 1 1 1 1 1 1 1 1 1 1 1 1 1 1 0 0
program/284 0 1 1 0 0 1 1 1 1 1 1 1 1 1 1 1 1 1 1 1 1 1 1 1 1 1 1 1 1 1 1 1 1 1 1 1 1 1 1 1 1 1 1 1 1 1 0 0
program/285 0 0 0 0 0 0 0 1 1 1 1 1 1 1 1 1 1 1 1 1 1 1 1 1 1 1 1 1 1 1 1 0 1 1 1 1 1 1 1 1 1 1 1 1 1 1 0 0
program/286 0 0 0 0 0 0 0 1 1 1 1 1 1 1 1 1 1 1 1 1 1 1 1 1 1 1 1 1 1 1 1 0 1 1 1 1 1 1 1 1 1 1 1 1 1 1 0 0
program/287 0 0 0 0 0 0 0 1 1 1 1 1 1 1 1 1 1 1 1 1 1 1 1 1 1 1 1 1 1 1 1 0 1 1 1 1 1 1 1 1 1 1 1 1 1 1 0 0
program/288 0 1 1 0 0 1 1 1 1 1 1 1 1 1 1 1 1 1 1 1 1 1 1 1 1 1 1 1 1 1 1 1 1 1 1 1 1 1 1 1 1 1 1 1 1 1 0 0
program/289 0 1 1 0 0 1 1 1 1 1 1 1 1 1 1 1 1 1 1 1 1 1 1 1 1 1 1 1 1 1 1 1 1 1 1 1 1 1 1 1 1 1 1 1 1 1 0 0
program/527 0 0 0 0 0 0 0 0 0 0 0 0 0 0 0 0 0 0 0 0 0 0 0 0 0 0 0 0 0 0 0 0 0 0 0 0 0 0 0 0 0 0 0 0 0 0 0 0
program/526 0 0 0 0 0 0 0 0 1 1 0 0 0 0 1 0 1 0 0 0 0 1 0 1 0 0 1 0 1 0 1 0 1 0 0 0 1 1 1 0 0 1 0 0 1 0 0 0
program/442 0 1 1 0 0 1 0 1 1 1 1 0 1 1 0 1 0 0 1 1 1 0 1 1 0 1 1 1 0 1 0 1 0 1 1 0 1 0 0 0 1 0 0 1 0 0 0 0
program/443 0 1 1 0 0 1 0 1 1 1 1 0 1 1 0 1 0 0 1 1 1 0 1 1 0 1 1 1 0 1 0 1 0 1 1 0 1 0 0 0 1 0 0 1 0 0 0 0
program/440 0 1 1 0 0 1 0 1 1 1 1 0 1 1 0 1 0 0 1 1 1 0 1 1 0 1 1 1 0 1 0 1 0 1 1 0 1 0 0 0 1 0 0 1 0 0 0 0
program/441 0 0 0 0 0 0 0 0 0 0 0 0 0 0 0 0 0 0 0 0 0 0 0 0 0 0 0 0 0 0 0 0 0 0 0 0 0 0 0 0 0 0 0 0 0 0 0 0
program/446 0 0 0 0 0 0 0 0 1 1 0 0 1 1 0 1 0 0 1 0 1 0 1 1 0 0 1 1 0 1 0 0 0 0 0 0 1 1 0 0 0 0 0 0 0 0 0 0
program/447 0 1 1 0 0 1 0 1 1 1 1 0 1 1 0 1 0 0 1 1 1 0 1 1 0 1 1 1 0 1 0 1 0 1 1 0 1 0 0 0 1 0 0 1 0 0 0 0
program/444 0 1 1 0 0 1 0 1 1 1 1 0 1 1 0 1 0 0 1 1 1 0 1 1 0 1 1 1 0 1 0 1 0 1 1 0 1 0 0 0 1 0 0 1 0 0 0 0
program/445 0 1 1 0 0 1 0 1 1 1 1 0 1 1 0 1 0 0 1 1 1 0 1 1 0 1 1 1 0 1 0 1 0 1 1 0 1 0 0 0 1 0 0 1 0 0 0 0
program/448 0 0 0 0 0 0 0 0 0 0 0 1 0 0 1 0 1 0 0 0 0 1 0 0 0 0 0 0 1 0 1 0 1 0 0 0 0 1 1 0 0 1 0 0 1 0 0 0
program/449 0 0 0 0 0 0 0 0 0 0 0 0 0 0 0 0 0 0 0 0 0 0 0 0 0 0 0 0 0 0 0 0 0 0 0 0 0 0 0 0 0 0 0 0 0 0 0 0
program/239 0 0 0 0 0 0 0 0 0 0 0 0 0 0 0 0 0 0 0 0 0 0 0 0 0 0 0 0 0 0 0 0 0 0 0 0 0 0 0 0 0 0 0 0 0 0 0 0
program/238 0 1 1 0 0 1 1 1 1 1 1 1 1 1 1 1 1 1 1 1 1 1 1 1 1 1 1 1 1 1 1 1 1 1 1 1 1 1 1 1 1 1 1 1 1 1 0 0
program/235 0 1 1 0 0 1 0 1 1 1 1 0 1 1 0 1 0 0 1 1 1 0 1 1 0 1 1 1 0 1 0 1 0 1 1 0 1 0 0 0 1 0 0 1 0 0 0 0
program/234 0 0 0 0 0 0 0 0 0 0 0 0 0 0 0 0 0 0 0 0 0 0 0 0 0 0 0 0 0 0 0 0 0 0 0 0 0 0 0 0 0 0 0 0 0 0 0 0
program/237 0 0 0 0 0 0 0 0 0 0 0 0 0 0 0 0 0 0 0 0 0 0 0 0 0 0 0 0 0 0 0 0 0 0 0 0 0 0 0 0 0 0 0 0 0 0 0 0
program/236 0 0 0 0 0 0 0 1 0 1 1 0 1 1 0 1 1 0 1 1 1 1 1 1 0 1 1 1 0 1 1 0 0 0 0 1 1 0 1 1 1 0 1 0 0 0 0 0
program/231 0 1 1 0 0 1 1 1 1 1 1 1 1 1 1 1 1 1 1 1 1 1 1 1 1 1 1 1 1 1 1 1 1 1 1 1 1 1 1 1 1 1 1 1 1 1 0 0
program/230 0 0 0 0 0 0 0 0 0 1 0 0 0 1 0 1 0 0 1 0 0 0 1 1 0 1 0 0 0 1 0 0 0 0 0 0 0 0 0 0 0 0 0 0 0 0 0 0
program/233 0 0 0 0 0 0 0 0 0 0 0 0 0 0 0 0 0 0 0 0 0 0 0 0 0 0 0 0 0 0 0 0 0 0 0 0 0 0 0 0 0 0 0 0 0 0 0 0
program/232 0 0 0 0 0 0 0 1 0 1 1 0 1 1 0 1 1 0 1 1 1 1 1 1 0 1 1 1 0 1 1 0 0 0 0 1 1 0 1 1 1 0 1 0 0 0 0 0
program/528 1 1 1 1 1 1 1 1 1 1 1 1 1 1 1 1 1 1 1 1 1 1 1 1 1 1 1 1 1 1 1 1 1 1 1 1 1 1 1 1 1 1 1 1 1 1 0 0
program/358 1 1 1 1 1 1 1 1 1 1 1 1 1 1 1 1 1 1 1 1 1 1 1 1 1 1 1 1 1 1 1 1 1 1 1 1 1 1 1 1 1 1 1 1 1 1 0 0
program/352 1 1 1 1 1 1 1 1 1 1 1 1 1 1 1 1 1 1 1 1 1 1 1 1 1 1 1 1 1 1 1 1 1 1 1 1 1 1 1 1 1 1 1 1 1 1 0 0
program/353 1 1 1 1 1 1 1 1 1 1 1 1 1 1 1 1 1 1 1 1 1 1 1 1 1 1 1 1 1 1 1 1 1 1 1 1 1 1 1 1 1 1 1 1 1 1 0 0
program/350 0 1 1 0 0 1 0 1 1 1 1 0 1 1 0 1 0 0 1 1 1 0 1 1 0 1 1 1 0 1 0 1 0 1 1 0 1 0 0 0 1 0 0 1 0 0 0 0
program/351 0 0 0 0 0 0 1 0 0 0 0 0 0 0 0 0 0 0 0 0 0 0 0 0 0 0 0 0 0 0 0 0 0 0 0 0 0 0 0 0 0 0 0 0 0 0 0 0
program/356 0 1 1 0 0 1 0 1 1 1 1 0 1 1 0 1 0 0 1 1 1 0 1 1 0 1 1 1 0 1 0 1 0 1 1 0 1 0 0 0 1 0 0 1 0 0 0 0
program/357 1 1 1 1 1 1 1 1 1 1 1 1 1 1 1 1 1 1 1 1 1 1 1 1 1 1 1 1 1 1 1 1 1 1 1 1 1 1 1 1 1 1 1 1 1 1 0 0
program/354 0 1 1 0 0 1 0 1 1 1 1 0 1 1 0 1 0 0 1 1 1 0 1 1 0 1 1 1 0 1 0 1 0 1 1 0 1 0 0 0 1 0 0 1 0 0 0 0
program/355 0 0 0 0 0 0 0 0 1 0 1 0 0 1 0 0 0 0 0 0 0 1 0 1 0 1 0 1 1 1 0 0 0 0 1 0 1 1 0 0 0 0 0 1 0 0 0 0
program/59 0 0 0 0 0 0 0 0 0 0 0 0 0 0 0 0 0 0 0 0 0 0 0 0 0 0 0 0 0 0 0 0 0 0 0 0 0 0 0 0 0 0 0 0 0 0 0 0
program/56 0 0 0 0 0 0 0 0 0 0 0 0 0 0 0 0 0 0 0 0 0 0 0 0 0 0 0 0 0 0 0 0 0 0 0 0 0 0 0 0 0 0 0 0 0 0 0 0
program/54 0 0 0 0 0 0 0 0 0 0 0 0 0 0 0 0 0 0 0 0 0 0 0 0 0 0 0 0 0 0 0 0 0 0 0 0 0 0 0 0 0 0 0 0 0 0 0 0
program/55 0 0 0 0 0 0 0 0 0 0 0 0 0 0 0 0 0 0 0 0 0 0 0 0 0 0 0 0 0 0 0 0 0 0 0 0 0 0 0 0 0 0 0 0 0 0 0 0
program/52 0 0 0 0 0 0 0 0 0 0 0 0 0 0 0 0 0 0 0 0 0 0 0 0 0 0 0 0 0 0 0 0 0 0 0 0 0 0 0 0 0 0 0 0 0 0 0 0
program/53 0 0 0 0 0 0 0 0 0 0 0 0 0 0 0 0 0 0 0 0 0 0 0 0 0 0 0 0 0 0 0 0 0 0 0 0 0 0 0 0 0 0 0 0 0 0 0 0
program/50 0 0 0 0 0 0 0 0 0 0 0 0 0 0 0 0 0 0 0 0 0 0 0 0 0 0 0 0 0 0 0 0 0 0 0 0 0 0 0 0 0 0 0 0 0 0 0 0
program/51 0 0 0 0 0 0 1 0 0 0 0 0 0 0 0 0 0 0 0 0 0 0 0 0 0 0 0 0 0 0 0 0 0 0 0 0 0 0 0 0 0 0 0 0 0 0 0 0
program/491 1 1 1 1 1 1 1 1 1 1 1 1 1 1 1 1 1 1 1 1 1 1 1 1 1 1 1 1 1 1 1 1 1 1 1 1 1 1 1 1 1 1 1 1 1 1 0 0
program/490 1 1 1 1 1 1 1 1 1 1 1 1 1 1 1 1 1 1 1 1 1 1 1 1 1 1 1 1 1 1 1 1 1 1 1 1 1 1 1 1 1 1 1 1 1 1 0 0
program/493 1 1 1 1 1 1 1 1 1 1 1 1 1 1 1 1 1 1 1 1 1 1 1 1 1 1 1 1 1 1 1 1 1 1 1 1 1 1 1 1 1 1 1 1 1 1 0 0
program/492 1 1 1 1 1 1 1 1 1 1 1 1 1 1 1 1 1 1 1 1 1 1 1 1 1 1 1 1 1 1 1 1 1 1 1 1 1 1 1 1 1 1 1 1 1 1 0 0
program/495 1 1 1 1 1 1 1 1 1 1 1 1 1 1 1 1 1 1 1 1 1 1 1 1 1 1 1 1 1 1 1 1 1 1 1 1 1 1 1 1 1 1 1 1 1 1 0 0
program/494 1 1 1 1 1 1 1 1 1 1 1 1 1 1 1 1 1 1 1 1 1 1 1 1 1 1 1 1 1 1 1 1 1 1 1 1 1 1 1 1 1 1 1 1 1 1 0 0
program/497 1 1 1 1 1 1 1 1 1 1 1 1 1 1 1 1 1 1 1 1 1 1 1 1 1 1 1 1 1 1 1 1 1 1 1 1 1 1 1 1 1 1 1 1 1 1 0 0
program/496 1 1 1 1 1 1 1 1 1 1 1 1 1 1 1 1 1 1 1 1 1 1 1 1 1 1 1 1 1 1 1 1 1 1 1 1 1 1 1 1 1 1 1 1 1 1 0 0
program/499 1 1 1 1 1 1 1 1 1 1 1 1 1 1 1 1 1 1 1 1 1 1 1 1 1 1 1 1 1 1 1 1 1 1 1 1 1 1 1 1 1 1 1 1 1 1 0 0
program/498 1 1 1 1 1 1 1 1 1 1 1 1 1 1 1 1 1 1 1 1 1 1 1 1 1 1 1 1 1 1 1 1 1 1 1 1 1 1 1 1 1 1 1 1 1 1 0 0
program/508 1 0 0 1 1 0 1 0 0 0 0 1 0 0 1 0 1 1 0 0 0 1 0 0 1 0 0 0 1 0 1 0 1 0 0 1 0 1 1 1 0 1 1 0 1 1 0 0
program/125 0 1 1 0 0 1 0 1 1 1 1 0 1 1 0 1 0 0 1 1 1 0 1 1 0 1 1 1 0 1 0 1 0 1 1 0 1 0 0 0 1 0 0 1 0 0 0 0
program/124 0 1 1 0 0 1 0 1 1 1 1 0 1 1 0 1 0 0 1 1 1 0 1 1 0 1 1 1 0 1 0 1 0 1 1 0 1 0 0 0 1 0 0 1 0 0 0 0
program/127 0 1 0 0 0 0 0 0 0 0 0 0 0 0 0 0 0 0 0 0 0 0 0 0 0 0 0 0 0 0 0 0 0 0 0 0 0 0 0 0 0 0 0 0 0 0 0 0
program/126 0 1 1 0 0 1 0 1 1 1 1 0 1 1 0 1 0 0 1 1 1 0 1 1 0 1 1 1 0 1 0 1 0 1 1 0 1 0 0 0 1 0 0 1 0 0 0 0
program/121 0 1 1 0 0 1 0 1 1 1 1 0 1 1 0 1 0 0 1 1 1 0 1 1 0 1 1 1 0 1 0 1 0 1 1 0 1 0 0 0 1 0 0 1 0 0 0 0
program/120 0 1 1 0 0 1 0 1 0 0 0 0 0 0 0 0 0 0 0 0 0 0 0 0 0 0 0 0 0 0 0 1 0 1 1 0 1 0 0 0 1 0 0 1 0 0 0 0
program/123 0 1 1 0 0 1 0 1 1 1 1 0 1 1 0 1 0 0 1 1 1 0 1 1 0 1 1 1 0 1 0 1 0 1 1 0 1 0 0 0 1 0 0 1 0 0 0 0
program/129 0 1 1 0 0 1 0 1 1 1 1 0 1 1 0 1 0 0 1 1 1 0 1 1 0 1 1 1 0 1 0 1 0 1 1 0 1 0 0 0 1 0 0 1 0 0 0 0
program/128 0 0 0 0 0 0 0 0 0 0 0 0 0 0 0 0 0 0 0 0 0 0 0 0 0 0 0 0 0 0 0 0 0 0 0 0 0 0 0 0 0 0 0 0 0 0 0 0
program/408 0 1 1 0 0 1 0 0 1 1 1 0 1 0 1 1 1 0 0 0 1 0 0 1 0 1 0 0 1 0 0 1 0 0 0 1 0 0 1 1 0 0 0 0 0 0 0 0
program/409 0 1 1 0 0 1 0 1 1 1 1 0 1 1 0 1 0 0 1 1 1 0 1 1 0 1 1 1 0 1 1 1 0 0 0 0 1 0 0 0 1 0 1 0 0 0 0 0
program/406 0 0 0 0 0 0 0 1 0 1 1 0 1 1 0 1 1 0 1 1 1 1 1 1 0 1 1 1 0 1 1 0 0 0 0 1 1 0 1 1 1 0 1 0 0 0 0 0
program/407 0 1 1 0 0 1 0 1 1 1 1 0 1 1 0 1 0 0 1 1 1 0 1 1 0 1 1 1 0 1 0 1 0 1 1 0 1 0 0 0 1 0 0 1 0 0 0 0
program/404 0 1 1 0 0 1 0 0 0 1 1 0 1 1 0 1 1 0 1 1 1 0 1 1 0 1 1 1 0 1 0 1 0 1 1 1 0 0 1 1 0 0 1 0 0 0 0 0
program/405 0 1 1 0 0 1 0 1 1 1 1 0 1 1 0 1 0 0 1 1 1 0 1 1 0 1 1 1 0 1 1 1 0 0 0 0 1 0 0 0 1 0 1 0 0 0 0 0
program/402 0 1 1 0 0 1 0 1 1 1 1 0 1 1 0 1 0 0 1 1 1 0 1 1 0 1 1 1 0 1 1 1 0 0 0 0 1 0 0 0 1 0 1 0 0 0 0 0
program/403 0 1 1 0 0 1 0 0 0 1 1 0 1 1 0 1 1 0 1 1 1 0 1 1 0 1 1 1 0 1 0 1 0 1 1 1 0 0 1 1 0 0 1 0 0 0 0 0
program/400 1 1 1 1 1 1 1 1 1 1 1 0 1 1 0 1 1 0 1 1 1 1 1 1 1 1 1 1 0 1 1 1 1 1 1 1 1 0 1 1 1 1 1 1 0 1 0 0
program/401 0 1 1 0 0 1 0 0 0 1 1 0 1 1 0 1 1 0 1 1 1 0 1 1 0 1 1 1 0 1 1 1 0 0 0 1 0 0 1 1 0 0 0 1 0 0 0 0
program/279 0 0 0 0 0 0 0 1 1 1 1 1 1 1 1 1 1 1 1 1 1 1 1 1 1 1 1 1 1 1 1 0 1 1 1 1 1 1 1 1 1 1 1 1 1 1 0 0
program/278 0 0 0 0 0 0 0 0 0 0 0 1 0 0 1 0 1 1 0 0 0 1 0 0 1 0 0 0 1 0 1 0 1 0 0 1 0 1 1 1 0 1 1 0 1 1 0 0
program/271 0 1 1 0 0 1 1 1 1 1 1 1 1 1 1 1 1 1 1 1 1 1 1 1 1 1 1 1 1 1 1 1 1 1 1 1 1 1 1 1 1 1 1 1 1 1 0 0
program/270 0 0 0 0 0 0 0 0 0 0 0 0 0 0 0 0 0 0 0 0 0 0 0 0 0 0 0 0 0 0 0 0 0 0 0 0 0 0 0 0 0 0 0 0 0 0 0 0
program/273 0 1 1 0 0 1 1 1 1 1 1 1 1 1 1 1 1 1 1 1 1 1 1 1 1 1 1 1 1 1 1 1 1 1 1 1 1 1 1 1 1 1 1 1 1 1 0 0
program/272 0 1 1 0 0 1 1 1 1 1 1 1 1 1 1 1 1 1 1 1 1 1 1 1 1 1 1 1 1 1 1 1 1 1 1 1 1 1 1 1 1 1 1 1 1 1 0 0
program/277 0 1 1 0 0 1 1 1 1 1 1 1 1 1 1 1 1 1 1 1 1 1 1 1 1 1 1 1 1 1 1 1 1 1 1 1 1 1 1 1 1 1 1 1 1 1 0 0
program/276 0 0 0 0 0 0 0 1 1 1 1 0 0 1 0 1 0 0 1 0 1 1 1 1 0 1 0 1 0 1 1 0 1 1 1 1 0 1 0 1 0 1 0 0 1 0 0 0
program/479 1 1 1 1 1 1 1 1 1 1 1 1 1 1 1 1 1 1 1 1 1 1 1 1 1 1 1 1 1 1 1 1 1 1 1 1 1 1 1 1 1 1 1 1 1 1 0 0
program/478 1 1 1 1 1 1 1 1 1 1 1 1 1 1 1 1 1 1 1 1 1 1 1 1 1 1 1 1 1 1 1 1 1 1 1 1 1 1 1 1 1 1 1 1 1 1 0 0
program/473 1 1 1 1 1 1 1 1 1 1 1 1 1 1 1 1 1 1 1 1 1 1 1 1 1 1 1 1 1 1 1 1 1 1 1 1 1 1 1 1 1 1 1 1 1 1 0 0
program/472 1 1 1 1 1 1 1 1 1 1 1 1 1 1 1 1 1 1 1 1 1 1 1 1 1 1 1 1 1 1 1 1 1 1 1 1 1 1 1 1 1 1 1 1 1 1 0 0
program/471 1 1 1 1 1 1 1 1 1 1 1 1 1 1 1 1 1 1 1 1 1 1 1 1 1 1 1 1 1 1 1 1 1 1 1 1 1 1 1 1 1 1 1 1 1 1 0 0
program/470 0 0 0 0 0 0 0 1 1 0 0 0 1 1 0 0 1 0 0 1 0 0 1 0 0 0 0 1 1 1 0 0 1 0 1 0 0 1 1 0 0 1 0 1 1 0 0 0
program/477 1 1 1 1 1 1 1 1 1 1 1 1 1 1 1 1 1 1 1 1 1 1 1 1 1 1 1 1 1 1 1 1 1 1 1 1 1 1 1 1 1 1 1 1 1 1 0 0
program/476 1 1 1 1 1 1 1 1 1 1 1 1 1 1 1 1 1 1 1 1 1 1 1 1 1 1 1 1 1 1 1 1 1 1 1 1 1 1 1 1 1 1 1 1 1 1 0 0
program/475 1 1 1 1 1 1 1 1 1 1 1 1 1 1 1 1 1 1 1 1 1 1 1 1 1 1 1 1 1 1 1 1 1 1 1 1 1 1 1 1 1 1 1 1 1 1 0 0
program/474 1 1 1 1 1 1 1 1 1 1 1 1 1 1 1 1 1 1 1 1 1 1 1 1 1 1 1 1 1 1 1 1 1 1 1 1 1 1 1 1 1 1 1 1 1 1 0 0
program/316 0 1 1 0 0 1 0 1 1 1 1 0 1 1 0 1 0 0 1 1 1 0 1 1 0 1 1 1 0 1 0 1 0 1 0 0 0 0 0 0 1 0 0 1 0 0 0 0
program/317 0 1 1 0 0 1 0 1 1 1 1 0 1 1 0 1 0 0 1 1 1 0 1 1 0 1 1 1 0 1 0 1 0 1 0 0 0 0 0 0 1 0 0 1 0 0 0 0
program/314 0 1 1 0 0 1 0 1 1 1 1 0 1 1 0 1 0 0 1 1 1 0 1 1 0 1 1 1 0 1 0 1 0 1 0 0 0 0 0 0 1 0 0 1 0 0 0 0
program/315 0 1 1 0 0 1 0 1 1 1 1 0 1 1 0 1 0 0 1 1 1 0 1 1 0 1 1 1 0 1 0 1 0 1 0 0 0 0 0 0 1 0 0 1 0 0 0 0
program/312 0 1 1 0 0 1 0 1 1 1 1 0 1 1 0 1 0 0 1 1 1 0 1 1 0 1 1 1 0 1 0 1 0 1 0 0 0 0 0 0 1 0 0 1 0 0 0 0
program/313 0 1 1 0 0 1 0 1 1 1 1 0 1 1 0 1 0 0 1 1 1 0 1 1 0 1 1 1 0 1 0 1 0 1 0 0 0 0 0 0 1 0 0 1 0 0 0 0
program/310 0 1 1 0 0 1 0 1 1 1 1 0 1 1 0 1 0 0 1 1 1 0 1 1 0 1 1 1 0 1 0 1 0 1 0 0 0 0 0 0 1 0 0 1 0 0 0 0
program/311 0 1 1 0 0 1 0 1 1 1 1 0 1 1 0 1 0 0 1 1 1 0 1 1 0 1 1 1 0 1 0 1 0 1 0 0 0 0 0 0 1 0 0 1 0 0 0 0
program/318 0 1 1 0 0 1 0 1 1 1 1 0 1 1 0 1 0 0 1 1 1 0 1 1 0 1 1 1 0 1 0 1 0 1 0 0 0 0 0 0 1 0 0 1 0 0 0 0
program/319 0 1 1 0 0 1 0 1 1 1 1 0 1 1 0 1 0 0 1 1 1 0 1 1 0 1 1 1 0 1 0 1 0 1 0 0 0 0 0 0 1 0 0 1 0 0 0 0
