ktestWM MFI_KLEE_TOPDIR_TEST_TEMPLATE.sh-out/klee-out-0/test000001.ktest MFI_KLEE_TOPDIR_TEST_TEMPLATE.sh-out/klee-out-0/test000006.ktest MFI_KLEE_TOPDIR_TEST_TEMPLATE.sh-out/klee-out-0/test000002.ktest MFI_KLEE_TOPDIR_TEST_TEMPLATE.sh-out/klee-out-0/test000007.ktest MFI_KLEE_TOPDIR_TEST_TEMPLATE.sh-out/klee-out-0/test000009.ktest MFI_KLEE_TOPDIR_TEST_TEMPLATE.sh-out/klee-out-0/test000011.ktest MFI_KLEE_TOPDIR_TEST_TEMPLATE.sh-out/klee-out-0/test000013.ktest MFI_KLEE_TOPDIR_TEST_TEMPLATE.sh-out/klee-out-0/test000003.ktest MFI_KLEE_TOPDIR_TEST_TEMPLATE.sh-out/klee-out-0/test000005.ktest MFI_KLEE_TOPDIR_TEST_TEMPLATE.sh-out/klee-out-0/test000004.ktest MFI_KLEE_TOPDIR_TEST_TEMPLATE.sh-out/klee-out-0/test000012.ktest MFI_KLEE_TOPDIR_TEST_TEMPLATE.sh-out/klee-out-0/test000008.ktest MFI_KLEE_TOPDIR_TEST_TEMPLATE.sh-out/klee-out-0/test000010.ktest heldout-input-pos2-out/Dev-out-0/devtest.ktest heldout-input-pos3-out/Dev-out-0/devtest.ktest heldout-input-pos36-out/Dev-out-0/devtest.ktest heldout-input-pos37-out/Dev-out-0/devtest.ktest heldout-input-pos4-out/Dev-out-0/devtest.ktest input-neg1-out/Dev-out-0/devtest.ktest input-pos1-out/Dev-out-0/devtest.ktest input-pos2-out/Dev-out-0/devtest.ktest input-pos3-out/Dev-out-0/devtest.ktest
program/756 0 0 0 0 0 1 0 0 0 1 1 0 0 1 1 1 1 1 1 1 0 0
program/757 0 0 0 0 0 1 0 0 0 1 1 0 0 1 1 1 1 1 1 1 0 0
program/752 0 0 0 0 0 1 0 0 0 1 1 0 0 1 1 1 1 1 1 1 0 0
program/753 0 0 0 0 0 1 0 0 0 1 1 0 0 1 1 1 1 1 1 1 0 0
program/619 0 0 0 0 0 1 0 0 0 1 1 0 0 1 1 0 0 1 1 1 0 0
program/618 0 0 0 0 0 1 0 0 0 1 1 0 0 1 1 0 0 1 1 1 0 0
program/617 0 0 0 0 0 1 0 0 0 1 1 0 0 1 1 0 0 1 1 1 0 0
program/616 0 0 0 0 0 1 0 0 0 1 1 0 0 1 1 0 0 1 1 1 0 0
program/615 0 0 0 0 0 1 0 0 0 1 1 0 0 1 1 0 0 1 1 1 0 0
program/614 0 0 0 0 0 1 0 0 0 1 1 0 0 1 1 0 0 1 1 1 0 0
program/613 0 0 0 0 0 1 0 0 0 1 1 0 0 1 1 0 0 1 1 1 0 0
program/612 0 0 0 0 0 1 0 0 0 1 1 0 0 1 1 0 0 1 1 1 0 0
program/611 0 0 0 0 0 1 0 0 0 1 1 0 0 1 1 0 0 1 1 1 0 0
program/610 0 0 0 0 0 1 0 0 0 1 1 0 0 1 1 0 0 1 1 1 0 0
program/161 1 1 1 1 1 1 1 1 1 1 1 1 1 1 1 1 1 1 1 1 0 0
program/160 0 0 1 1 1 1 1 1 0 1 1 1 0 1 1 1 1 1 1 1 0 0
program/163 1 1 1 1 1 1 1 1 1 1 1 1 1 1 1 1 1 1 1 1 0 0
program/162 0 0 1 1 1 1 1 1 0 1 1 1 0 1 1 1 1 1 1 1 0 0
program/165 1 1 1 1 1 1 1 1 1 1 1 1 1 1 1 1 1 1 1 1 0 0
program/164 0 0 1 1 1 1 1 1 0 1 1 1 0 1 1 1 1 1 1 1 0 0
program/167 1 1 1 1 1 1 1 1 1 1 1 1 1 1 1 1 1 1 1 1 0 0
program/166 1 1 1 1 1 1 1 1 1 1 1 1 1 1 1 1 1 1 1 1 0 0
program/169 1 1 1 0 1 1 1 1 1 1 1 1 1 1 1 1 1 1 1 1 0 0
program/168 1 1 1 0 1 1 1 1 1 1 1 1 1 1 1 1 1 1 1 1 0 0
program/363 0 0 1 0 1 0 1 0 0 1 0 0 0 1 1 0 1 1 1 1 0 0
program/362 0 0 1 0 1 0 1 0 0 1 0 0 0 1 1 0 1 1 1 1 0 0
program/361 0 0 1 0 1 0 1 0 0 1 0 0 0 1 1 0 1 1 1 1 0 0
program/360 0 0 1 0 1 0 1 0 0 1 0 0 0 1 1 0 1 1 1 1 0 0
program/367 0 0 0 0 1 1 1 1 0 0 1 1 0 1 1 1 0 1 1 1 0 0
program/366 0 0 0 0 1 1 1 1 0 0 1 1 0 1 1 1 0 1 1 1 0 0
program/365 0 0 0 0 1 1 1 1 0 0 1 1 0 1 1 1 0 1 1 1 0 0
program/364 0 0 0 0 1 1 1 1 0 0 1 1 0 1 1 1 0 1 1 1 0 0
program/369 0 0 0 0 1 1 1 1 0 0 1 1 0 1 1 1 0 1 1 1 0 0
program/368 0 0 0 0 1 1 1 1 0 0 1 1 0 1 1 1 0 1 1 1 0 0
program/723 0 0 0 0 0 1 0 0 0 1 1 0 0 1 1 0 0 1 1 1 0 0
program/722 0 0 0 0 0 1 0 0 0 1 1 0 0 1 1 0 0 1 1 1 0 0
program/720 0 0 0 0 0 1 0 0 0 1 1 0 0 1 1 0 0 1 1 1 0 0
program/727 0 0 0 0 0 1 0 0 0 1 1 0 0 1 1 1 1 1 1 1 0 0
program/726 0 0 0 0 0 1 0 0 0 1 1 0 0 1 1 1 1 1 1 1 0 0
program/725 0 0 0 0 0 1 0 0 0 1 1 0 0 1 1 1 1 1 1 1 0 0
program/540 0 0 0 0 0 1 0 0 0 1 1 0 0 1 1 1 1 1 1 1 0 0
program/569 0 0 0 0 0 1 0 0 0 1 1 0 0 1 1 1 1 1 1 1 0 0
program/729 0 0 0 0 0 1 0 0 0 1 1 0 0 1 1 1 1 1 1 1 0 0
program/728 0 0 0 0 0 1 0 0 0 1 1 0 0 1 1 1 1 1 1 1 0 0
program/568 0 0 0 0 0 1 0 0 0 1 1 0 0 1 1 1 1 1 1 1 0 0
program/684 0 0 0 0 0 1 0 0 0 1 1 0 0 1 1 1 1 1 1 1 0 0
program/686 0 0 0 0 0 1 0 0 0 1 1 0 0 1 1 0 0 1 1 1 0 0
program/687 0 0 0 0 0 1 0 0 0 1 1 0 0 1 1 1 1 1 1 1 0 0
program/680 0 0 0 0 0 1 0 0 0 1 1 0 0 1 1 1 1 1 1 1 0 0
program/683 0 0 0 0 0 1 0 0 0 1 1 0 0 1 1 1 1 1 1 1 0 0
program/688 0 0 0 0 0 1 0 0 0 1 1 0 0 1 1 1 1 1 1 1 0 0
program/689 0 0 0 0 0 1 0 0 0 1 1 0 0 1 1 1 1 1 1 1 0 0
program/561 0 0 0 0 0 1 0 0 0 1 1 0 0 1 1 0 0 1 1 1 0 0
program/560 0 0 0 0 0 1 0 0 0 1 1 0 0 1 1 1 1 1 1 1 0 0
program/539 0 0 0 0 0 1 0 0 0 1 1 0 0 1 1 1 1 1 1 1 0 0
program/536 0 0 0 0 0 1 0 0 0 1 1 0 0 0 0 0 0 1 1 0 0 0
program/537 0 0 0 0 0 1 0 0 0 1 1 0 0 1 1 1 1 1 1 1 0 0
program/534 0 0 0 0 0 1 0 0 0 1 1 0 0 1 1 1 1 1 1 1 0 0
program/535 0 0 0 0 0 1 0 0 0 1 1 0 0 1 1 1 1 1 1 1 0 0
program/532 0 0 0 0 0 1 0 0 0 1 1 0 0 1 1 1 1 1 1 1 0 0
program/533 0 0 0 0 0 1 0 0 0 1 1 0 0 0 0 0 0 1 1 0 0 0
program/530 0 0 0 0 0 1 0 0 0 1 1 0 0 0 0 0 0 1 1 0 0 0
program/531 0 0 0 0 0 1 0 0 0 1 1 0 0 1 1 1 1 1 1 1 0 0
program/437 0 0 1 0 1 1 1 1 0 1 1 1 0 1 1 1 1 1 1 1 0 0
program/436 0 0 1 0 1 0 1 0 0 0 0 0 0 1 1 0 0 1 1 1 0 0
program/435 0 0 1 0 1 1 1 1 0 1 1 1 0 1 1 1 1 1 1 1 0 0
program/434 0 0 1 0 1 1 1 1 0 1 1 1 0 1 1 1 1 1 1 1 0 0
program/433 0 0 1 0 1 0 1 0 0 0 0 0 0 1 1 0 0 1 1 1 0 0
program/432 0 0 1 0 1 0 1 0 0 0 0 0 0 1 1 0 0 1 1 1 0 0
program/431 0 0 1 0 1 1 1 1 0 1 1 1 0 1 1 1 1 1 1 1 0 0
program/430 0 0 1 0 1 1 1 1 0 1 1 1 0 1 1 1 1 1 1 1 0 0
program/439 1 1 1 1 1 1 1 1 1 1 1 1 1 1 1 1 1 1 1 1 0 0
program/438 0 0 1 0 1 1 1 1 0 1 1 1 0 1 1 1 1 1 1 1 0 0
program/189 1 1 1 1 1 1 1 1 1 1 1 1 1 1 1 1 1 1 1 1 0 0
program/188 1 1 1 1 1 1 1 1 1 1 1 1 1 1 1 1 1 1 1 1 0 0
program/183 0 0 0 1 0 0 0 0 0 0 0 0 0 0 0 0 0 0 0 0 0 0
program/182 0 0 0 1 0 0 0 0 0 0 0 0 0 0 0 0 0 0 0 0 0 0
program/181 1 1 1 1 1 1 1 1 1 1 1 1 1 1 1 1 1 1 1 1 0 0
program/180 1 1 1 1 1 1 1 1 1 1 1 1 1 1 1 1 1 1 1 1 0 0
program/187 0 0 1 0 1 1 1 1 0 1 1 1 0 1 1 1 1 1 1 1 0 0
program/186 0 0 0 1 0 0 0 0 0 0 0 0 0 0 0 0 0 0 0 0 0 0
program/185 1 1 1 1 1 1 1 1 1 1 1 1 1 1 1 1 1 1 1 1 0 0
program/184 1 1 1 1 1 1 1 1 1 1 1 1 1 1 1 1 1 1 1 1 0 0
program/510 0 0 0 0 0 1 0 0 0 1 1 0 0 1 1 1 1 1 1 1 0 0
program/82 1 1 1 1 1 1 1 1 1 1 1 1 1 1 1 1 1 1 1 1 0 0
program/220 0 0 1 0 1 1 1 1 0 1 1 1 0 1 1 1 1 1 1 1 0 0
program/548 0 0 0 0 0 1 0 0 0 1 1 0 0 1 1 1 1 1 1 1 0 0
program/226 0 0 1 0 1 1 1 1 0 1 1 1 0 1 1 1 1 1 1 1 0 0
program/227 0 0 1 0 1 1 1 1 0 1 1 1 0 1 1 1 1 1 1 1 0 0
program/543 0 0 0 0 0 1 0 0 0 1 1 0 0 1 1 1 1 1 1 1 0 0
program/542 0 0 0 0 0 1 0 0 0 1 1 0 0 1 1 1 1 1 1 1 0 0
program/228 0 0 1 0 1 1 1 1 0 1 1 1 0 1 1 1 1 1 1 1 0 0
program/229 0 0 1 0 1 1 1 1 0 1 1 1 0 1 1 1 1 1 1 1 0 0
program/547 0 0 0 0 0 1 0 0 0 1 1 0 0 1 1 1 1 1 1 1 0 0
program/546 0 0 0 0 0 1 0 0 0 1 1 0 0 1 1 1 1 1 1 1 0 0
program/545 0 0 0 0 0 1 0 0 0 1 1 0 0 0 0 0 0 1 1 0 0 0
program/544 0 0 0 0 0 1 0 0 0 1 1 0 0 0 0 0 0 1 1 0 0 0
program/519 0 0 0 0 0 1 0 0 0 1 1 0 0 1 1 1 1 1 1 1 0 0
program/329 0 0 1 0 1 0 1 0 0 1 0 0 0 1 1 0 1 1 1 1 0 0
program/328 0 0 1 0 1 0 1 0 0 1 0 0 0 1 1 0 1 1 1 1 0 0
program/327 0 0 1 0 1 0 1 0 0 1 0 0 0 1 1 0 1 1 1 1 0 0
program/326 0 0 1 0 1 0 1 0 0 1 0 0 0 1 1 0 1 1 1 1 0 0
program/325 0 0 1 0 1 0 1 0 0 1 0 0 0 1 1 0 1 1 1 1 0 0
program/324 0 0 1 0 1 0 1 0 0 1 0 0 0 1 1 0 1 1 1 1 0 0
program/323 0 0 1 0 1 1 1 1 0 1 1 1 0 1 1 1 1 1 1 1 0 0
program/322 0 0 1 0 1 1 1 1 0 1 1 1 0 1 1 1 1 1 1 1 0 0
program/321 0 0 1 0 1 0 1 0 0 1 0 0 0 1 1 0 1 1 1 1 0 0
program/320 0 0 1 0 1 1 1 1 0 1 1 1 0 1 1 1 1 1 1 1 0 0
program/49 1 1 1 1 1 1 1 1 1 1 1 1 1 1 1 1 1 1 1 1 0 0
program/48 0 0 1 1 1 1 1 1 0 1 1 1 0 1 1 1 1 1 1 1 0 0
program/673 0 0 0 0 0 1 0 0 0 1 1 0 0 1 1 0 0 1 1 1 0 0
program/45 0 0 1 1 1 1 1 1 0 1 1 1 0 1 1 1 1 1 1 1 0 0
program/44 1 1 1 1 1 1 1 1 1 1 1 1 1 1 1 1 1 1 1 1 0 0
program/47 1 1 1 1 1 1 1 1 1 1 1 1 1 1 1 1 1 1 1 1 0 0
program/46 1 1 1 1 1 1 1 1 1 1 1 1 1 1 1 1 1 1 1 1 0 0
program/41 1 1 1 1 1 1 1 1 1 1 1 1 1 1 1 1 1 1 1 1 0 0
program/40 1 1 1 1 1 1 1 1 1 1 1 1 1 1 1 1 1 1 1 1 0 0
program/43 0 0 1 1 1 1 1 1 0 1 1 1 0 1 1 1 1 1 1 1 0 0
program/42 1 1 1 1 1 1 1 1 1 1 1 1 1 1 1 1 1 1 1 1 0 0
program/486 1 1 1 1 1 1 1 1 1 1 1 1 1 1 1 1 1 1 1 1 0 0
program/487 1 1 1 1 1 1 1 1 1 1 1 1 1 1 1 1 1 1 1 1 0 0
program/484 0 0 0 0 0 1 0 0 0 1 1 0 0 1 1 1 1 1 1 1 0 0
program/485 0 0 0 0 0 1 0 0 0 1 1 0 0 1 1 1 1 1 1 1 0 0
program/482 1 1 1 1 1 1 1 1 1 1 1 1 1 1 1 1 1 1 1 1 0 0
program/483 0 0 0 0 0 1 0 0 0 1 1 0 0 1 1 1 1 1 1 1 0 0
program/480 1 1 1 1 1 1 1 1 1 1 1 1 1 1 1 1 1 1 1 1 0 0
program/481 1 1 1 1 1 1 1 1 1 1 1 1 1 1 1 1 1 1 1 1 0 0
program/767 0 0 0 0 0 1 0 0 0 1 1 0 0 1 1 0 0 1 1 1 0 0
program/766 0 0 0 0 0 1 0 0 0 1 1 0 0 1 1 0 0 1 1 1 0 0
program/765 0 0 0 0 0 1 0 0 0 1 1 0 0 1 1 0 0 1 1 1 0 0
program/764 0 0 0 0 0 1 0 0 0 1 1 0 0 1 1 1 1 1 1 1 0 0
program/763 0 0 0 0 0 1 0 0 0 1 1 0 0 1 1 0 0 1 1 1 0 0
program/762 0 0 0 0 0 1 0 0 0 1 1 0 0 1 1 1 1 1 1 1 0 0
program/488 0 0 0 0 0 1 0 0 0 1 1 0 0 1 1 1 1 1 1 1 0 0
program/489 0 0 0 0 0 1 0 0 0 1 1 0 0 1 1 0 0 1 1 1 0 0
program/640 0 0 0 0 0 1 0 0 0 1 1 0 0 1 1 1 1 1 1 1 0 0
program/641 0 0 0 0 0 1 0 0 0 1 1 0 0 1 1 1 1 1 1 1 0 0
program/138 1 1 1 1 1 1 1 1 1 1 1 1 1 1 1 1 1 1 1 1 0 0
program/139 0 0 1 1 1 1 1 1 0 1 1 1 0 1 1 1 1 1 1 1 0 0
program/644 0 0 0 0 0 1 0 0 0 1 1 0 0 1 1 1 1 1 1 1 0 0
program/645 0 0 0 0 0 1 0 0 0 1 1 0 0 1 1 1 1 1 1 1 0 0
program/646 0 0 0 0 0 1 0 0 0 1 1 0 0 1 1 1 1 1 1 1 0 0
program/647 0 0 0 0 0 1 0 0 0 1 1 0 0 1 1 0 0 1 1 1 0 0
program/132 0 0 1 1 1 1 1 1 0 1 1 1 0 1 1 1 1 1 1 1 0 0
program/133 1 1 1 1 1 1 1 1 1 1 1 1 1 1 1 1 1 1 1 1 0 0
program/130 0 0 1 1 1 1 1 1 0 1 1 1 0 1 1 1 1 1 1 1 0 0
program/131 1 1 1 1 1 1 1 1 1 1 1 1 1 1 1 1 1 1 1 1 0 0
program/136 1 1 1 1 1 0 1 0 1 0 0 0 1 1 1 0 0 1 1 1 0 0
program/137 0 0 1 1 1 1 1 1 0 1 1 1 0 1 1 1 1 1 1 1 0 0
program/134 1 1 1 1 1 1 1 1 1 1 1 1 1 1 1 1 1 1 1 1 0 0
program/135 0 0 1 1 1 1 1 1 0 1 1 1 0 1 1 1 1 1 1 1 0 0
program/768 0 0 0 0 0 1 0 0 0 1 1 0 0 1 1 1 1 1 1 1 0 0
program/787 1 1 1 1 1 1 1 1 1 1 1 1 1 1 1 1 1 1 1 1 0 0
program/781 0 0 0 0 0 1 0 0 0 1 1 0 0 1 1 0 0 1 1 1 0 0
program/780 0 0 0 0 0 1 0 0 0 1 1 0 0 1 1 0 0 1 1 1 0 0
program/268 0 0 1 0 1 1 1 1 0 1 1 1 0 1 1 1 1 1 1 1 0 0
program/269 0 0 1 0 1 1 1 1 0 1 1 1 0 1 1 1 1 1 1 1 0 0
program/267 0 0 1 0 1 1 1 1 0 1 1 1 0 1 1 1 1 1 1 1 0 0
program/468 1 1 1 1 1 1 1 1 1 1 1 1 1 1 1 1 1 1 1 1 0 0
program/506 0 0 0 0 0 1 0 0 0 1 1 0 0 1 1 1 1 1 1 1 0 0
program/505 0 0 0 0 0 1 0 0 0 1 1 0 0 1 1 1 1 1 1 1 0 0
program/504 0 0 0 0 0 1 0 0 0 1 1 0 0 1 1 1 1 1 1 1 0 0
program/503 0 0 0 0 0 1 0 0 0 1 1 0 0 1 1 1 1 1 1 1 0 0
program/502 0 0 0 0 0 1 0 0 0 1 1 0 0 1 1 1 1 1 1 1 0 0
program/501 0 0 0 0 0 1 0 0 0 1 1 0 0 1 1 1 1 1 1 1 0 0
program/500 0 0 0 0 0 1 0 0 0 1 1 0 0 1 1 1 1 1 1 1 0 0
program/460 1 1 1 1 1 1 1 1 1 1 1 1 1 1 1 1 1 1 1 1 0 0
program/679 0 0 0 0 0 1 0 0 0 1 1 0 0 1 1 1 1 1 1 1 0 0
program/463 1 1 1 1 1 1 1 1 1 1 1 1 1 1 1 1 1 1 1 1 0 0
program/464 1 1 1 1 1 1 1 1 1 1 1 1 1 1 1 1 1 1 1 1 0 0
program/466 0 0 0 0 0 1 0 0 0 1 1 0 0 1 1 1 1 1 1 1 0 0
program/467 1 1 1 1 1 1 1 1 1 1 1 1 1 1 1 1 1 1 1 1 0 0
program/750 0 0 0 0 0 1 0 0 0 1 1 0 0 1 1 1 1 1 1 1 0 0
program/34 0 0 1 1 1 1 1 1 0 1 1 1 0 1 1 1 1 1 1 1 0 0
program/35 1 1 1 1 1 1 1 1 1 1 1 1 1 1 1 1 1 1 1 1 0 0
program/36 1 1 1 1 1 1 1 1 1 1 1 1 1 1 1 1 1 1 1 1 0 0
program/37 1 1 1 1 1 1 1 1 1 1 1 1 1 1 1 1 1 1 1 1 0 0
program/30 0 0 1 1 1 1 1 1 0 1 1 1 0 1 1 1 1 1 1 1 0 0
program/31 1 1 1 1 1 1 1 1 1 1 1 1 1 1 1 1 1 1 1 1 0 0
program/32 0 0 1 1 1 1 1 1 0 1 1 1 0 1 1 1 1 1 1 1 0 0
program/33 1 1 1 1 1 1 1 1 1 1 1 1 1 1 1 1 1 1 1 1 0 0
program/678 0 0 0 0 0 1 0 0 0 1 1 0 0 1 1 1 1 1 1 1 0 0
program/724 0 0 0 0 0 1 0 0 0 1 1 0 0 1 1 1 1 1 1 1 0 0
program/38 0 0 1 1 1 1 1 1 0 1 1 1 0 1 1 1 1 1 1 1 0 0
program/39 1 1 1 1 1 1 1 1 1 1 1 1 1 1 1 1 1 1 1 1 0 0
program/719 0 0 0 0 0 1 0 0 0 1 1 0 0 1 1 0 0 1 1 1 0 0
program/751 0 0 0 0 0 1 0 0 0 1 1 0 0 1 1 1 1 1 1 1 0 0
program/219 0 0 1 0 1 1 1 1 0 1 1 1 0 1 1 1 1 1 1 1 0 0
program/218 0 0 1 0 1 1 1 1 0 1 1 1 0 1 1 1 1 1 1 1 0 0
program/213 0 0 1 0 1 1 1 1 0 1 1 1 0 1 1 1 1 1 1 1 0 0
program/212 1 1 1 1 1 1 1 1 1 1 1 1 1 1 1 1 1 1 1 1 0 0
program/211 1 1 1 1 1 1 1 1 1 1 1 1 1 1 1 1 1 1 1 1 0 0
program/210 0 0 1 1 1 0 1 0 0 0 0 0 0 1 1 0 0 1 1 1 0 0
program/217 0 0 1 0 1 1 1 1 0 1 1 1 0 1 1 1 1 1 1 1 0 0
program/216 0 0 1 0 1 1 1 1 0 1 1 1 0 1 1 1 1 1 1 1 0 0
program/215 0 0 1 0 1 1 1 1 0 1 1 1 0 1 1 1 1 1 1 1 0 0
program/214 0 0 1 0 1 1 1 1 0 1 1 1 0 1 1 1 1 1 1 1 0 0
program/712 0 0 0 0 0 1 0 0 0 1 1 0 0 1 1 1 1 1 1 1 0 0
program/761 0 0 0 0 0 1 0 0 0 1 1 0 0 1 1 0 0 1 1 1 0 0
program/713 0 0 0 0 0 1 0 0 0 1 1 0 0 1 1 1 1 1 1 1 0 0
program/62 0 0 1 1 1 1 1 1 0 1 1 1 0 1 1 1 1 1 1 1 0 0
program/608 0 0 0 0 0 1 0 0 0 1 1 0 0 1 1 0 0 1 1 1 0 0
program/609 0 0 0 0 0 1 0 0 0 1 1 0 0 1 1 0 0 1 1 1 0 0
program/606 0 0 0 0 0 1 0 0 0 1 1 0 0 1 1 0 0 1 1 1 0 0
program/607 0 0 0 0 0 1 0 0 0 1 1 0 0 1 1 0 0 1 1 1 0 0
program/600 0 0 0 0 0 0 0 0 0 0 0 0 0 1 1 1 1 1 1 1 0 0
program/601 0 0 0 0 0 1 0 0 0 1 1 0 0 1 1 0 0 1 1 1 0 0
program/602 0 0 0 0 0 1 0 0 0 1 1 0 0 1 1 0 0 1 1 1 0 0
program/603 0 0 0 0 0 1 0 0 0 1 1 0 0 1 1 0 0 1 1 1 0 0
program/176 1 1 1 1 1 1 1 1 1 1 1 1 1 1 1 1 1 1 1 1 0 0
program/174 0 0 1 1 1 1 1 1 0 1 1 1 0 1 1 1 1 1 1 1 0 0
program/175 0 0 1 1 1 1 1 1 0 1 1 1 0 1 1 1 1 1 1 1 0 0
program/172 0 0 0 1 0 0 0 0 0 0 0 0 0 0 0 0 0 0 0 0 0 0
program/173 0 0 1 1 1 1 1 1 0 1 1 1 0 1 1 1 1 1 1 1 0 0
program/170 0 0 0 1 0 0 0 0 0 0 0 0 0 0 0 0 0 0 0 0 0 0
program/171 0 0 0 1 0 0 0 0 0 0 0 0 0 0 0 0 0 0 0 0 0 0
program/178 0 0 0 1 0 0 0 0 0 0 0 0 0 0 0 0 0 0 0 0 0 0
program/370 0 0 0 0 1 1 1 1 0 0 1 1 0 1 1 1 0 1 1 1 0 0
program/375 0 0 0 0 1 1 1 1 0 0 1 1 0 1 1 1 0 1 1 1 0 0
program/376 0 0 0 0 1 1 1 1 0 0 1 1 0 1 1 1 0 1 1 1 0 0
program/377 0 0 0 0 1 1 1 1 0 0 1 1 0 1 1 1 0 1 1 1 0 0
program/378 0 0 0 0 1 1 1 1 0 0 1 1 0 1 1 1 0 1 1 1 0 0
program/379 0 0 0 0 0 0 0 0 0 0 0 0 0 1 1 0 0 1 1 1 0 0
program/654 0 0 0 0 0 1 0 0 0 1 1 0 0 1 1 1 1 1 1 1 0 0
program/743 0 0 0 0 0 1 0 0 0 1 1 0 0 1 1 1 1 1 1 1 0 0
program/742 0 0 0 0 0 1 0 0 0 1 1 0 0 1 1 1 1 1 1 1 0 0
program/737 0 0 0 0 0 1 0 0 0 1 1 0 0 1 1 1 1 1 1 1 0 0
program/738 0 0 0 0 0 1 0 0 0 1 1 0 0 1 1 1 1 1 1 1 0 0
program/739 0 0 0 0 0 1 0 0 0 1 1 0 0 1 1 1 1 1 1 1 0 0
program/103 1 1 1 1 1 1 1 1 1 1 1 1 1 1 1 1 1 1 1 1 0 0
program/102 1 1 1 1 1 1 1 1 1 1 1 1 1 1 1 1 1 1 1 1 0 0
program/101 0 0 1 1 1 1 1 1 0 1 1 1 0 1 1 1 1 1 1 1 0 0
program/100 1 1 1 1 1 1 1 1 1 1 1 1 1 1 1 1 1 1 1 1 0 0
program/107 1 1 1 1 1 1 1 1 1 1 1 1 1 1 1 1 1 1 1 1 0 0
program/106 0 0 1 1 1 1 1 1 0 1 1 1 0 1 1 1 1 1 1 1 0 0
program/105 1 1 1 1 1 1 1 1 1 1 1 1 1 1 1 1 1 1 1 1 0 0
program/104 0 0 1 1 1 1 1 1 0 1 1 1 0 1 1 1 1 1 1 1 0 0
program/109 1 1 1 1 1 1 1 1 1 1 1 1 1 1 1 1 1 1 1 1 0 0
program/108 0 0 1 1 1 1 1 1 0 1 1 1 0 1 1 1 1 1 1 1 0 0
program/677 0 0 0 0 0 1 0 0 0 1 1 0 0 1 1 0 0 1 1 1 0 0
program/748 0 0 0 0 0 1 0 0 0 1 1 0 0 1 1 1 1 1 1 1 0 0
program/558 0 0 0 0 0 0 0 0 0 0 0 0 0 1 1 1 1 1 1 1 0 0
program/559 0 0 0 0 0 0 0 0 0 0 0 0 0 1 1 1 1 1 1 1 0 0
program/667 0 0 0 0 0 1 0 0 0 1 1 0 0 1 1 1 1 1 1 1 0 0
program/424 0 0 1 0 1 0 1 0 0 0 0 0 0 1 1 0 0 1 1 1 0 0
program/425 0 0 1 0 1 1 1 1 0 1 1 1 0 1 1 1 1 1 1 1 0 0
program/426 0 0 1 0 1 1 1 1 0 1 1 1 0 1 1 1 1 1 1 1 0 0
program/427 0 0 1 0 1 1 1 1 0 1 1 1 0 1 1 1 1 1 1 1 0 0
program/420 0 0 1 0 1 1 1 1 0 1 1 1 0 1 1 1 1 1 1 1 0 0
program/421 0 0 1 0 1 1 1 1 0 1 1 1 0 1 1 1 1 1 1 1 0 0
program/422 0 0 1 0 1 1 1 1 0 1 1 1 0 1 1 1 1 1 1 1 0 0
program/423 0 0 1 0 1 1 1 1 0 1 1 1 0 1 1 1 1 1 1 1 0 0
program/785 0 0 0 0 0 1 0 0 0 1 1 0 0 1 1 1 1 1 1 1 0 0
program/784 0 0 0 0 0 1 0 0 0 1 1 0 0 1 1 0 0 1 1 1 0 0
program/758 0 0 0 0 0 1 0 0 0 1 1 0 0 1 1 1 1 1 1 1 0 0
program/786 0 0 0 0 0 1 0 0 0 1 1 0 0 1 1 1 1 1 1 1 0 0
program/428 0 0 1 0 1 0 1 0 0 0 0 0 0 1 1 0 0 1 1 1 0 0
program/429 0 0 1 0 1 1 1 1 0 1 1 1 0 1 1 1 1 1 1 1 0 0
program/783 0 0 0 0 0 1 0 0 0 1 1 0 0 1 1 1 1 1 1 1 0 0
program/782 0 0 0 0 0 1 0 0 0 1 1 0 0 1 1 1 1 1 1 1 0 0
program/198 0 0 1 1 1 1 1 1 0 1 1 1 0 1 1 1 1 1 1 1 0 0
program/92 1 1 1 1 1 1 1 1 1 1 1 1 1 1 1 1 1 1 1 1 0 0
program/551 0 0 0 0 0 1 0 0 0 1 1 0 0 1 1 1 1 1 1 1 0 0
program/190 0 0 0 1 0 0 0 0 0 0 0 0 0 0 0 0 0 0 0 0 0 0
program/191 1 1 1 0 1 1 1 1 1 1 1 1 1 1 1 1 1 1 1 1 0 0
program/192 1 1 1 1 1 1 1 1 1 1 1 1 1 1 1 1 1 1 1 1 0 0
program/193 1 1 1 1 1 1 1 1 1 1 1 1 1 1 1 1 1 1 1 1 0 0
program/194 1 1 1 0 1 1 1 1 1 1 1 1 1 1 1 1 1 1 1 1 0 0
program/195 1 1 1 1 1 1 1 1 1 1 1 1 1 1 1 1 1 1 1 1 0 0
program/196 1 1 1 1 1 1 1 1 1 1 1 1 1 1 1 1 1 1 1 1 0 0
program/197 0 0 1 1 1 1 1 1 0 1 1 1 0 1 1 1 1 1 1 1 0 0
program/759 0 0 0 0 0 1 0 0 0 1 1 0 0 1 1 0 0 1 1 1 0 0
program/93 1 1 1 1 1 1 1 1 1 1 1 1 1 1 1 1 1 1 1 1 0 0
program/81 0 0 1 1 1 1 1 1 0 1 1 1 0 1 1 1 1 1 1 1 0 0
program/556 0 0 0 0 0 1 0 0 0 1 1 0 0 1 1 1 1 1 1 1 0 0
program/80 1 1 1 1 1 0 1 0 1 0 0 0 1 1 1 0 0 1 1 1 0 0
program/557 0 0 0 0 0 1 0 0 0 1 1 0 0 1 1 1 1 1 1 1 0 0
program/83 0 0 1 1 1 1 1 1 0 1 1 1 0 1 1 1 1 1 1 1 0 0
program/257 0 0 1 0 1 1 1 1 0 1 1 1 0 1 1 1 1 1 1 1 0 0
program/256 0 0 1 0 1 1 1 1 0 1 1 1 0 1 1 1 1 1 1 1 0 0
program/255 0 0 1 0 1 1 1 1 0 1 1 1 0 1 1 1 1 1 1 1 0 0
program/254 0 0 1 0 1 1 1 1 0 1 1 1 0 1 1 1 1 1 1 1 0 0
program/253 0 0 1 0 1 1 1 1 0 1 1 1 0 1 1 1 1 1 1 1 0 0
program/252 0 0 1 0 1 1 1 1 0 1 1 1 0 1 1 1 1 1 1 1 0 0
program/251 0 0 1 0 1 1 1 1 0 1 1 1 0 1 1 1 1 1 1 1 0 0
program/250 0 0 1 0 1 1 1 1 0 1 1 1 0 1 1 1 1 1 1 1 0 0
program/550 0 0 0 0 0 1 0 0 0 1 1 0 0 1 1 1 1 1 1 1 0 0
program/85 0 0 1 1 1 1 1 1 0 1 1 1 0 1 1 1 1 1 1 1 0 0
program/552 0 0 0 0 0 1 0 0 0 1 1 0 0 1 1 1 1 1 1 1 0 0
program/554 0 0 0 0 0 1 0 0 0 1 1 0 0 1 1 1 1 1 1 1 0 0
program/555 0 0 0 0 0 1 0 0 0 1 1 0 0 1 1 1 1 1 1 1 0 0
program/259 0 0 1 0 1 1 1 1 0 1 1 1 0 1 1 1 1 1 1 1 0 0
program/258 0 0 1 0 1 1 1 1 0 1 1 1 0 1 1 1 1 1 1 1 0 0
program/87 1 1 1 1 1 1 1 1 1 1 1 1 1 1 1 1 1 1 1 1 0 0
program/86 0 0 1 1 1 1 1 1 0 1 1 1 0 1 1 1 1 1 1 1 0 0
program/507 0 0 0 0 0 1 0 0 0 1 1 0 0 1 1 1 1 1 1 1 0 0
program/338 0 0 1 0 1 0 1 0 0 1 0 0 0 1 1 0 1 1 1 1 0 0
program/339 0 0 1 0 1 0 1 0 0 0 0 0 0 1 1 0 0 1 1 1 0 0
program/335 0 0 1 0 1 0 1 0 0 1 0 0 0 1 1 0 1 1 1 1 0 0
program/336 0 0 1 0 1 0 1 0 0 1 0 0 0 1 1 0 1 1 1 1 0 0
program/337 0 0 1 0 1 0 1 0 0 1 0 0 0 1 1 0 1 1 1 1 0 0
program/330 0 0 1 0 1 0 1 0 0 1 0 0 0 1 1 0 1 1 1 1 0 0
program/70 1 1 1 1 1 1 1 1 1 1 1 1 1 1 1 1 1 1 1 1 0 0
program/71 1 1 1 1 1 1 1 1 1 1 1 1 1 1 1 1 1 1 1 1 0 0
program/72 1 1 1 1 1 1 1 1 1 1 1 1 1 1 1 1 1 1 1 1 0 0
program/73 1 1 1 1 1 1 1 1 1 1 1 1 1 1 1 1 1 1 1 1 0 0
program/74 0 0 1 1 1 1 1 1 0 1 1 1 0 1 1 1 1 1 1 1 0 0
program/75 1 1 1 1 1 1 1 1 1 1 1 1 1 1 1 1 1 1 1 1 0 0
program/76 0 0 1 1 1 1 1 1 0 1 1 1 0 1 1 1 1 1 1 1 0 0
program/77 1 1 1 1 1 1 1 1 1 1 1 1 1 1 1 1 1 1 1 1 0 0
program/78 1 1 1 1 1 1 1 1 1 1 1 1 1 1 1 1 1 1 1 1 0 0
program/79 0 0 1 1 1 1 1 1 0 1 1 1 0 1 1 1 1 1 1 1 0 0
program/778 0 0 0 0 0 1 0 0 0 1 1 0 0 1 1 1 1 1 1 1 0 0
program/779 0 0 0 0 0 1 0 0 0 1 1 0 0 1 1 1 1 1 1 1 0 0
program/774 0 0 0 0 0 1 0 0 0 1 1 0 0 1 1 1 1 1 1 1 0 0
program/775 0 0 0 0 0 1 0 0 0 1 1 0 0 1 1 1 1 1 1 1 0 0
program/776 0 0 0 0 0 1 0 0 0 1 1 0 0 1 1 0 0 1 1 1 0 0
program/777 0 0 0 0 0 1 0 0 0 1 1 0 0 1 1 1 1 1 1 1 0 0
program/770 0 0 0 0 0 1 0 0 0 1 1 0 0 1 1 1 1 1 1 1 0 0
program/771 0 0 0 0 0 1 0 0 0 1 1 0 0 1 1 1 1 1 1 1 0 0
program/772 0 0 0 0 0 1 0 0 0 1 1 0 0 1 1 0 0 1 1 1 0 0
program/773 0 0 0 0 0 1 0 0 0 1 1 0 0 1 1 1 1 1 1 1 0 0
program/675 0 0 0 0 0 1 0 0 0 1 1 0 0 1 1 0 0 1 1 1 0 0
program/674 0 0 0 0 0 1 0 0 0 1 1 0 0 1 1 0 0 1 1 1 0 0
program/98 1 1 1 1 1 1 1 1 1 1 1 1 1 1 1 1 1 1 1 1 0 0
program/99 0 0 1 1 1 1 1 1 0 1 1 1 0 1 1 1 1 1 1 1 0 0
program/671 0 0 0 0 0 1 0 0 0 1 1 0 0 1 1 1 1 1 1 1 0 0
program/509 0 0 0 0 0 1 0 0 0 1 1 0 0 1 1 1 1 1 1 1 0 0
program/149 1 1 1 1 1 1 1 1 1 1 1 1 1 1 1 1 1 1 1 1 0 0
program/148 1 1 1 1 1 1 1 1 1 1 1 1 1 1 1 1 1 1 1 1 0 0
program/147 1 1 1 1 1 1 1 1 1 1 1 1 1 1 1 1 1 1 1 1 0 0
program/146 0 0 1 1 1 1 1 1 0 1 1 1 0 1 1 1 1 1 1 1 0 0
program/145 1 1 1 1 1 1 1 1 1 1 1 1 1 1 1 1 1 1 1 1 0 0
program/91 1 1 1 1 1 1 1 1 1 1 1 1 1 1 1 1 1 1 1 1 0 0
program/96 1 1 1 1 1 1 1 1 1 1 1 1 1 1 1 1 1 1 1 1 0 0
program/97 1 1 1 1 1 1 1 1 1 1 1 1 1 1 1 1 1 1 1 1 0 0
program/141 0 0 1 1 1 1 1 1 0 1 1 1 0 1 1 1 1 1 1 1 0 0
program/95 1 1 1 1 1 1 1 1 1 1 1 1 1 1 1 1 1 1 1 1 0 0
program/389 0 0 0 0 1 1 1 1 0 0 1 1 0 1 1 1 0 1 1 1 0 0
program/388 0 0 0 0 1 1 1 1 0 0 1 1 0 1 1 1 0 1 1 1 0 0
program/381 0 0 0 0 1 1 1 1 0 0 1 1 0 1 1 1 0 1 1 1 0 0
program/380 0 0 0 0 1 1 1 1 0 0 1 1 0 1 1 1 0 1 1 1 0 0
program/383 0 0 0 0 1 1 1 1 0 0 1 1 0 1 1 1 0 1 1 1 0 0
program/382 0 0 0 0 0 0 0 0 0 0 0 0 0 1 1 0 0 1 1 1 0 0
program/385 0 0 0 0 1 1 1 1 0 0 1 1 0 1 1 1 0 1 1 1 0 0
program/384 0 0 0 0 1 1 1 1 0 0 1 1 0 1 1 1 0 1 1 1 0 0
program/387 0 0 0 0 1 1 1 1 0 0 1 1 0 1 1 1 0 1 1 1 0 0
program/386 0 0 0 0 1 1 1 1 0 0 1 1 0 1 1 1 0 1 1 1 0 0
program/589 0 0 0 0 0 1 0 0 0 1 1 0 0 1 1 1 1 1 1 1 0 0
program/588 0 0 0 0 0 1 0 0 0 1 1 0 0 1 1 1 1 1 1 1 0 0
program/587 0 0 0 0 0 1 0 0 0 1 1 0 0 1 1 0 0 1 1 1 0 0
program/586 0 0 0 0 0 0 0 0 0 0 0 0 0 1 1 1 1 1 1 1 0 0
program/585 0 0 0 0 0 0 0 0 0 0 0 0 0 1 1 1 1 1 1 1 0 0
program/584 0 0 0 0 0 1 0 0 0 1 1 0 0 1 1 1 1 1 1 1 0 0
program/583 0 0 0 0 0 1 0 0 0 1 1 0 0 1 1 1 1 1 1 1 0 0
program/582 0 0 0 0 0 1 0 0 0 1 1 0 0 1 1 1 1 1 1 1 0 0
program/581 0 0 0 0 0 1 0 0 0 1 1 0 0 1 1 1 1 1 1 1 0 0
program/648 0 0 0 0 0 1 0 0 0 1 1 0 0 1 1 0 0 1 1 1 0 0
program/2 1 1 1 1 1 1 1 1 1 1 1 1 1 1 1 1 1 1 1 1 0 0
program/3 1 1 1 1 1 1 1 1 1 1 1 1 1 1 1 1 1 1 1 1 0 0
program/5 1 1 1 1 1 1 1 1 1 1 1 1 1 1 1 1 1 1 1 1 0 0
program/6 1 1 1 1 1 1 1 1 1 1 1 1 1 1 1 1 1 1 1 1 0 0
program/8 1 1 1 1 1 1 1 1 1 1 1 1 1 1 1 1 1 1 1 1 0 0
program/9 1 1 1 1 1 1 1 1 1 1 1 1 1 1 1 1 1 1 1 1 0 0
program/649 0 0 0 0 0 1 0 0 0 1 1 0 0 1 1 1 1 1 1 1 0 0
program/293 0 0 1 0 1 1 1 1 0 1 1 1 0 1 1 1 1 1 1 1 0 0
program/292 0 0 1 0 1 1 1 1 0 1 1 1 0 1 1 1 1 1 1 1 0 0
program/291 0 0 1 0 1 1 1 1 0 1 1 1 0 1 1 1 1 1 1 1 0 0
program/290 0 0 1 0 1 1 1 1 0 1 1 1 0 1 1 1 1 1 1 1 0 0
program/297 0 0 1 0 1 1 1 1 0 1 1 1 0 1 1 1 1 1 1 1 0 0
program/296 0 0 1 0 1 1 1 1 0 1 1 1 0 1 1 1 1 1 1 1 0 0
program/295 0 0 1 0 1 1 1 1 0 1 1 1 0 1 1 1 1 1 1 1 0 0
program/294 0 0 1 0 1 1 1 1 0 1 1 1 0 1 1 1 1 1 1 1 0 0
program/299 0 0 1 0 1 1 1 1 0 1 1 1 0 1 1 1 1 1 1 1 0 0
program/298 0 0 1 0 1 0 1 0 0 1 0 0 0 1 1 1 0 1 1 1 0 0
program/514 0 0 0 0 0 1 0 0 0 1 1 0 0 1 1 1 1 1 1 1 0 0
program/515 0 0 0 0 0 1 0 0 0 1 1 0 0 1 1 1 1 1 1 1 0 0
program/459 1 1 1 1 1 1 1 1 1 1 1 1 1 1 1 1 1 1 1 1 0 0
program/511 0 0 0 0 0 1 0 0 0 1 1 0 0 1 1 1 1 1 1 1 0 0
program/512 0 0 0 0 0 1 0 0 0 1 1 0 0 1 1 1 1 1 1 1 0 0
program/513 0 0 0 0 0 1 0 0 0 1 1 0 0 1 1 1 1 1 1 1 0 0
program/455 1 1 1 1 1 1 1 1 1 1 1 1 1 1 1 1 1 1 1 1 0 0
program/454 1 1 1 1 1 1 1 1 1 1 1 1 1 1 1 1 1 1 1 1 0 0
program/451 1 1 1 1 1 1 1 1 1 1 1 1 1 1 1 1 1 1 1 1 0 0
program/450 1 1 1 1 1 1 1 1 1 1 1 1 1 1 1 1 1 1 1 1 0 0
program/453 1 1 1 1 1 1 1 1 1 1 1 1 1 1 1 1 1 1 1 1 0 0
program/452 1 1 1 1 1 1 1 1 1 1 1 1 1 1 1 1 1 1 1 1 0 0
program/590 0 0 0 0 0 1 0 0 0 1 1 0 0 1 1 1 1 1 1 1 0 0
program/208 1 1 1 1 1 1 1 1 1 1 1 1 1 1 1 1 1 1 1 1 0 0
program/209 0 0 1 0 1 1 1 1 0 1 1 1 0 1 1 1 1 1 1 1 0 0
program/200 0 0 1 0 1 1 1 1 0 1 1 1 0 1 1 1 1 1 1 1 0 0
program/201 1 1 1 1 1 1 1 1 1 1 1 1 1 1 1 1 1 1 1 1 0 0
program/202 1 1 1 1 1 1 1 1 1 1 1 1 1 1 1 1 1 1 1 1 0 0
program/203 1 1 1 0 1 1 1 1 1 1 1 1 1 1 1 1 1 1 1 1 0 0
program/204 0 0 1 0 1 1 1 1 0 1 1 1 0 1 1 1 1 1 1 1 0 0
program/205 0 0 1 1 1 1 1 1 0 1 1 1 0 1 1 1 1 1 1 1 0 0
program/206 0 0 1 1 1 1 1 1 0 1 1 1 0 1 1 1 1 1 1 1 0 0
program/207 1 1 1 1 1 1 1 1 1 1 1 1 1 1 1 1 1 1 1 1 0 0
program/631 0 0 0 0 0 1 0 0 0 1 1 0 0 1 1 0 0 1 1 1 0 0
program/630 0 0 0 0 0 1 0 0 0 1 1 0 0 1 1 0 0 1 1 1 0 0
program/633 0 0 0 0 0 1 0 0 0 1 1 0 0 1 1 0 0 1 1 1 0 0
program/632 0 0 0 0 0 1 0 0 0 1 1 0 0 1 1 0 0 1 1 1 0 0
program/635 0 0 0 0 0 1 0 0 0 1 1 0 0 1 1 0 0 1 1 1 0 0
program/634 0 0 0 0 0 1 0 0 0 1 1 0 0 1 1 0 0 1 1 1 0 0
program/637 0 0 0 0 0 1 0 0 0 1 1 0 0 1 1 1 1 1 1 1 0 0
program/636 0 0 0 0 0 1 0 0 0 1 1 0 0 1 1 0 0 1 1 1 0 0
program/639 0 0 0 0 0 0 0 0 0 0 0 0 0 0 0 0 0 1 1 1 0 0
program/638 0 0 0 0 0 1 0 0 0 1 1 0 0 1 1 1 1 1 1 1 0 0
program/345 0 0 1 0 1 0 1 0 0 1 0 0 0 1 1 0 1 1 1 1 0 0
program/344 0 0 1 0 1 0 1 0 0 1 0 0 0 1 1 0 1 1 1 1 0 0
program/347 0 0 1 0 1 0 1 0 0 1 0 0 0 1 1 0 1 1 1 1 0 0
program/346 0 0 1 0 1 0 1 0 0 1 0 0 0 1 1 0 1 1 1 1 0 0
program/341 0 0 1 0 1 0 1 0 0 1 0 0 0 1 1 0 1 1 1 1 0 0
program/340 0 0 1 0 1 0 1 0 0 1 0 0 0 1 1 0 1 1 1 1 0 0
program/343 0 0 1 0 1 0 1 0 0 1 0 0 0 1 1 0 1 1 1 1 0 0
program/342 0 0 1 0 1 0 1 0 0 0 0 0 0 1 1 0 0 1 1 1 0 0
program/349 0 0 1 0 1 0 1 0 0 1 0 0 0 1 1 0 1 1 1 1 0 0
program/348 0 0 1 0 1 0 1 0 0 1 0 0 0 1 1 0 1 1 1 1 0 0
program/29 0 0 1 1 1 1 1 1 0 1 1 1 0 1 1 1 1 1 1 1 0 0
program/28 1 1 1 1 1 1 1 1 1 1 1 1 1 1 1 1 1 1 1 1 0 0
program/23 0 0 1 1 1 1 1 1 0 1 1 1 0 1 1 1 1 1 1 1 0 0
program/22 1 1 1 1 1 1 1 1 1 1 1 1 1 1 1 1 1 1 1 1 0 0
program/21 1 1 1 1 1 1 1 1 1 1 1 1 1 1 1 1 1 1 1 1 0 0
program/20 0 0 1 1 1 1 1 1 0 1 1 1 0 1 1 1 1 1 1 1 0 0
program/27 0 0 1 1 1 1 1 1 0 1 1 1 0 1 1 1 1 1 1 1 0 0
program/26 1 1 1 1 1 1 1 1 1 1 1 1 1 1 1 1 1 1 1 1 0 0
program/25 0 0 1 1 1 1 1 1 0 1 1 1 0 1 1 1 1 1 1 1 0 0
program/24 1 1 1 1 1 0 1 0 1 0 0 0 1 1 1 0 0 1 1 1 0 0
program/705 0 0 0 0 0 1 0 0 0 1 1 0 0 1 1 0 0 1 1 1 0 0
program/672 0 0 0 0 0 1 0 0 0 1 1 0 0 1 1 0 0 1 1 1 0 0
program/707 0 0 0 0 0 1 0 0 0 1 1 0 0 1 1 1 1 1 1 1 0 0
program/706 0 0 0 0 0 1 0 0 0 1 1 0 0 1 1 1 1 1 1 1 0 0
program/701 0 0 0 0 0 1 0 0 0 1 1 0 0 1 1 1 1 1 1 1 0 0
program/700 0 0 0 0 0 1 0 0 0 1 1 0 0 1 1 1 1 1 1 1 0 0
program/703 0 0 0 0 0 1 0 0 0 1 1 0 0 1 1 0 0 1 1 1 0 0
program/702 0 0 0 0 0 1 0 0 0 1 1 0 0 1 1 1 1 1 1 1 0 0
program/709 0 0 0 0 0 1 0 0 0 1 1 0 0 1 1 0 0 1 1 1 0 0
program/708 0 0 0 0 0 1 0 0 0 1 1 0 0 1 1 0 0 1 1 1 0 0
program/110 1 1 1 1 1 1 1 1 1 1 1 1 1 1 1 1 1 1 1 1 0 0
program/111 1 1 1 1 1 1 1 1 1 1 1 1 1 1 1 1 1 1 1 1 0 0
program/112 1 1 1 0 1 1 1 1 1 1 1 1 1 1 1 1 1 1 1 1 0 0
program/113 1 1 1 0 1 1 1 1 1 1 1 1 1 1 1 1 1 1 1 1 0 0
program/114 0 0 0 1 0 0 0 0 0 0 0 0 0 0 0 0 0 0 0 0 0 0
program/115 0 0 0 1 0 0 0 0 0 0 0 0 0 0 0 0 0 0 0 0 0 0
program/116 0 0 0 1 0 0 0 0 0 0 0 0 0 0 0 0 0 0 0 0 0 0
program/117 0 0 1 1 1 1 1 1 0 1 1 1 0 1 1 1 1 1 1 1 0 0
program/118 0 0 1 1 1 1 1 1 0 1 1 1 0 1 1 1 1 1 1 1 0 0
program/119 0 0 1 1 1 1 1 1 0 1 1 1 0 1 1 1 1 1 1 1 0 0
program/419 0 0 1 0 1 0 1 0 0 0 0 0 0 1 1 0 0 1 1 1 0 0
program/418 0 0 1 0 1 0 1 0 0 0 0 0 0 1 1 0 0 1 1 1 0 0
program/789 1 1 1 1 1 1 1 1 1 1 1 1 1 1 1 1 1 1 1 1 0 0
program/411 0 0 1 0 1 0 1 0 0 0 0 0 0 1 1 0 0 1 1 1 0 0
program/410 0 0 1 0 1 1 1 1 0 1 1 1 0 1 1 1 1 1 1 1 0 0
program/413 0 0 1 0 1 0 1 0 0 0 0 0 0 1 1 0 0 1 1 1 0 0
program/412 0 0 1 0 1 1 1 1 0 1 1 1 0 1 1 1 1 1 1 1 0 0
program/415 0 0 1 0 1 0 1 0 0 0 0 0 0 1 1 0 0 1 1 1 0 0
program/414 0 0 1 0 1 1 1 1 0 1 1 1 0 1 1 1 1 1 1 1 0 0
program/417 0 0 1 0 1 0 1 0 0 0 0 0 0 1 1 0 0 1 1 1 0 0
program/416 0 0 1 0 1 1 1 1 0 1 1 1 0 1 1 1 1 1 1 1 0 0
program/788 1 1 1 1 1 1 1 1 1 1 1 1 1 1 1 1 1 1 1 1 0 0
program/549 0 0 0 0 0 1 0 0 0 1 1 0 0 0 1 0 0 1 1 0 0 0
program/244 0 0 1 0 1 1 1 1 0 1 1 1 0 1 1 1 1 1 1 1 0 0
program/245 0 0 1 0 1 1 1 1 0 1 1 1 0 1 1 1 1 1 1 1 0 0
program/246 0 0 1 0 1 1 1 1 0 1 1 1 0 1 1 1 1 1 1 1 0 0
program/247 0 0 1 0 1 1 1 1 0 1 1 1 0 1 1 1 1 1 1 1 0 0
program/240 0 0 1 0 1 1 1 1 0 1 1 1 0 1 1 1 1 1 1 1 0 0
program/241 0 0 1 0 1 1 1 1 0 1 1 1 0 1 1 1 1 1 1 1 0 0
program/242 0 0 1 0 1 1 1 1 0 1 1 1 0 1 1 1 1 1 1 1 0 0
program/243 0 0 1 0 1 1 1 1 0 1 1 1 0 1 1 1 1 1 1 1 0 0
program/564 0 0 0 0 0 1 0 0 0 1 1 0 0 1 1 0 0 1 1 1 0 0
program/567 0 0 0 0 0 0 0 0 0 0 0 0 0 1 1 1 1 1 1 1 0 0
program/566 0 0 0 0 0 1 0 0 0 1 1 0 0 1 1 1 1 1 1 1 0 0
program/248 0 0 1 0 1 1 1 1 0 1 1 1 0 1 1 1 1 1 1 1 0 0
program/249 0 0 1 0 1 1 1 1 0 1 1 1 0 1 1 1 1 1 1 1 0 0
program/563 0 0 0 0 0 0 0 0 0 0 0 0 0 1 1 0 0 1 1 0 0 0
program/562 0 0 0 0 0 0 0 0 0 0 0 0 0 1 1 0 0 1 1 0 0 0
program/676 0 0 0 0 0 1 0 0 0 1 1 0 0 1 1 0 0 1 1 1 0 0
program/541 0 0 0 0 0 1 0 0 0 1 1 0 0 1 1 1 1 1 1 1 0 0
program/670 0 0 0 0 0 1 0 0 0 1 1 0 0 1 1 1 1 1 1 1 0 0
program/12 1 1 1 1 1 1 1 1 1 1 1 1 1 1 1 1 1 1 1 1 0 0
program/13 0 0 1 1 1 1 1 1 0 1 1 1 0 1 1 1 1 1 1 1 0 0
program/10 1 1 1 1 1 1 1 1 1 1 1 1 1 1 1 1 1 1 1 1 0 0
program/11 1 1 1 1 1 1 1 1 1 1 1 1 1 1 1 1 1 1 1 1 0 0
program/16 1 1 1 1 1 1 1 1 1 1 1 1 1 1 1 1 1 1 1 1 0 0
program/17 1 1 1 1 1 1 1 1 1 1 1 1 1 1 1 1 1 1 1 1 0 0
program/14 1 1 1 1 1 1 1 1 1 1 1 1 1 1 1 1 1 1 1 1 0 0
program/15 1 1 1 1 1 1 1 1 1 1 1 1 1 1 1 1 1 1 1 1 0 0
program/18 0 0 1 1 1 1 1 1 0 1 1 1 0 1 1 1 1 1 1 1 0 0
program/19 1 1 1 1 1 1 1 1 1 1 1 1 1 1 1 1 1 1 1 1 0 0
program/301 0 0 1 0 1 1 1 1 0 1 1 1 0 1 1 1 1 1 1 1 0 0
program/300 0 0 1 0 1 1 1 1 0 1 1 1 0 1 1 1 1 1 1 1 0 0
program/303 0 0 1 0 1 1 1 1 0 1 1 1 0 1 1 1 1 1 1 1 0 0
program/302 0 0 1 0 1 0 1 0 0 1 0 0 0 0 0 0 1 0 0 1 0 0
program/305 0 0 1 0 1 1 1 1 0 1 1 1 0 1 1 1 1 1 1 1 0 0
program/304 0 0 1 0 1 1 1 1 0 1 1 1 0 1 1 1 1 1 1 1 0 0
program/307 0 0 1 0 1 0 1 0 0 1 0 0 0 1 1 0 0 1 1 1 0 0
program/306 0 0 1 0 1 1 1 1 0 1 1 1 0 1 1 1 0 1 1 1 0 0
program/309 0 0 1 0 1 0 1 0 0 1 0 0 0 0 0 0 1 0 0 1 0 0
program/308 0 0 1 0 1 1 1 1 0 1 1 1 0 1 1 1 1 1 1 1 0 0
program/90 0 0 1 1 1 1 1 1 0 1 1 1 0 1 1 1 1 1 1 1 0 0
program/144 0 0 1 1 1 1 1 1 0 1 1 1 0 1 1 1 1 1 1 1 0 0
program/143 1 1 1 1 1 1 1 1 1 1 1 1 1 1 1 1 1 1 1 1 0 0
program/142 0 0 1 1 1 1 1 1 0 1 1 1 0 1 1 1 1 1 1 1 0 0
program/67 1 1 1 1 1 1 1 1 1 1 1 1 1 1 1 1 1 1 1 1 0 0
program/66 1 1 1 1 1 1 1 1 1 1 1 1 1 1 1 1 1 1 1 1 0 0
program/65 1 1 1 1 1 1 1 1 1 1 1 1 1 1 1 1 1 1 1 1 0 0
program/64 1 1 1 1 1 1 1 1 1 1 1 1 1 1 1 1 1 1 1 1 0 0
program/63 0 0 1 1 1 1 1 1 0 1 1 1 0 1 1 1 1 1 1 1 0 0
program/94 0 0 1 1 1 1 1 1 0 1 1 1 0 1 1 1 1 1 1 1 0 0
program/61 0 0 1 1 1 1 1 1 0 1 1 1 0 1 1 1 1 1 1 1 0 0
program/60 0 0 0 1 0 0 0 0 0 0 0 0 0 0 0 0 0 0 0 0 0 0
program/140 1 1 1 1 1 1 1 1 1 1 1 1 1 1 1 1 1 1 1 1 0 0
program/69 0 0 1 1 1 1 1 1 0 1 1 1 0 1 1 1 1 1 1 1 0 0
program/68 1 1 1 1 1 1 1 1 1 1 1 1 1 1 1 1 1 1 1 1 0 0
program/741 0 0 0 0 0 1 0 0 0 1 1 0 0 1 1 1 1 1 1 1 0 0
program/740 0 0 0 0 0 1 0 0 0 1 1 0 0 1 1 0 0 1 1 1 0 0
program/668 0 0 0 0 0 1 0 0 0 1 1 0 0 1 1 1 1 1 1 1 0 0
program/669 0 0 0 0 0 1 0 0 0 1 1 0 0 1 1 1 1 1 1 1 0 0
program/745 0 0 0 0 0 1 0 0 0 1 1 0 0 1 1 1 1 1 1 1 0 0
program/744 0 0 0 0 0 1 0 0 0 1 1 0 0 1 1 1 1 1 1 1 0 0
program/747 0 0 0 0 0 1 0 0 0 1 1 0 0 1 1 1 1 1 1 1 0 0
program/746 0 0 0 0 0 1 0 0 0 1 1 0 0 1 1 1 1 1 1 1 0 0
program/662 0 0 0 0 0 1 0 0 0 1 1 0 0 1 1 0 0 1 1 1 0 0
program/663 0 0 0 0 0 1 0 0 0 1 1 0 0 1 1 0 0 1 1 1 0 0
program/660 0 0 0 0 0 1 0 0 0 1 1 0 0 1 1 1 1 1 1 1 0 0
program/661 0 0 0 0 0 1 0 0 0 1 1 0 0 1 1 1 1 1 1 1 0 0
program/666 0 0 0 0 0 1 0 0 0 1 1 0 0 1 1 1 1 1 1 1 0 0
program/570 0 0 0 0 0 0 0 0 0 0 0 0 0 1 1 1 1 1 1 1 0 0
program/664 0 0 0 0 0 1 0 0 0 1 1 0 0 1 1 1 1 1 1 1 0 0
program/665 0 0 0 0 0 1 0 0 0 1 1 0 0 1 1 0 0 1 1 1 0 0
program/89 1 1 1 1 1 1 1 1 1 1 1 1 1 1 1 1 1 1 1 1 0 0
program/88 0 0 1 1 1 1 1 1 0 1 1 1 0 1 1 1 1 1 1 1 0 0
program/158 1 1 1 1 1 1 1 1 1 1 1 1 1 1 1 1 1 1 1 1 0 0
program/159 1 1 1 1 1 1 1 1 1 1 1 1 1 1 1 1 1 1 1 1 0 0
program/154 1 1 1 1 1 1 1 1 1 1 1 1 1 1 1 1 1 1 1 1 0 0
program/155 0 0 1 1 1 1 1 1 0 1 1 1 0 1 1 1 1 1 1 1 0 0
program/156 1 1 1 1 1 1 1 1 1 1 1 1 1 1 1 1 1 1 1 1 0 0
program/157 0 0 1 1 1 1 1 1 0 1 1 1 0 1 1 1 1 1 1 1 0 0
program/150 0 0 1 1 1 1 1 1 0 1 1 1 0 1 1 1 1 1 1 1 0 0
program/151 1 1 1 1 1 1 1 1 1 1 1 1 1 1 1 1 1 1 1 1 0 0
program/152 1 1 1 1 1 1 1 1 1 1 1 1 1 1 1 1 1 1 1 1 0 0
program/153 1 1 1 1 1 1 1 1 1 1 1 1 1 1 1 1 1 1 1 1 0 0
program/398 0 0 0 0 1 1 1 1 0 0 1 1 0 1 1 1 0 1 1 1 0 0
program/399 0 0 0 0 1 1 1 1 0 0 1 1 0 1 1 1 0 1 1 1 0 0
program/396 0 0 0 0 1 1 1 1 0 0 1 1 0 1 1 1 0 1 1 1 0 0
program/397 0 0 0 0 1 1 1 1 0 0 1 1 0 1 1 1 0 1 1 1 0 0
program/394 0 0 0 0 1 1 1 1 0 0 1 1 0 1 1 1 0 1 1 1 0 0
program/395 0 0 0 0 1 1 1 1 0 0 1 1 0 1 1 1 0 1 1 1 0 0
program/392 0 0 0 0 1 1 1 1 0 0 1 1 0 1 1 1 0 1 1 1 0 0
program/393 0 0 0 0 1 1 1 1 0 0 1 1 0 1 1 1 0 1 1 1 0 0
program/390 0 0 0 0 1 1 1 1 0 0 1 1 0 1 1 1 0 1 1 1 0 0
program/391 0 0 0 0 1 1 1 1 0 0 1 1 0 1 1 1 0 1 1 1 0 0
program/598 0 0 0 0 0 1 0 0 0 1 1 0 0 1 1 1 1 1 1 1 0 0
program/599 0 0 0 0 0 0 0 0 0 0 0 0 0 1 1 1 1 1 1 1 0 0
program/594 0 0 0 0 0 1 0 0 0 1 1 0 0 1 1 1 1 1 1 1 0 0
program/595 0 0 0 0 0 1 0 0 0 1 1 0 0 1 1 1 1 1 1 1 0 0
program/596 0 0 0 0 0 1 0 0 0 1 1 0 0 1 1 1 1 1 1 1 0 0
program/597 0 0 0 0 0 1 0 0 0 1 1 0 0 1 1 1 1 1 1 1 0 0
program/84 1 1 1 1 1 1 1 1 1 1 1 1 1 1 1 1 1 1 1 1 0 0
program/591 0 0 0 0 0 1 0 0 0 1 1 0 0 1 1 1 1 1 1 1 0 0
program/592 0 0 0 0 0 1 0 0 0 1 1 0 0 1 1 1 1 1 1 1 0 0
program/593 0 0 0 0 0 1 0 0 0 1 1 0 0 1 1 1 1 1 1 1 0 0
program/520 0 0 0 0 0 1 0 0 0 1 1 0 0 1 1 1 1 1 1 1 0 0
program/697 0 0 0 0 0 1 0 0 0 1 1 0 0 1 1 0 0 1 1 1 0 0
program/696 0 0 0 0 0 1 0 0 0 1 1 0 0 1 1 0 0 1 1 1 0 0
program/695 0 0 0 0 0 1 0 0 0 1 1 0 0 1 1 1 1 1 1 1 0 0
program/694 0 0 0 0 0 1 0 0 0 1 1 0 0 1 1 0 0 1 1 1 0 0
program/692 0 0 0 0 0 1 0 0 0 1 1 0 0 1 1 1 1 1 1 1 0 0
program/691 0 0 0 0 0 1 0 0 0 1 1 0 0 1 1 1 1 1 1 1 0 0
program/690 0 0 0 0 0 1 0 0 0 1 1 0 0 1 1 1 1 1 1 1 0 0
program/699 0 0 0 0 0 1 0 0 0 1 1 0 0 1 1 0 0 1 1 1 0 0
program/280 0 0 1 0 1 1 1 1 0 1 1 1 0 1 1 1 1 1 1 1 0 0
program/281 0 0 1 0 1 1 1 1 0 1 1 1 0 1 1 1 1 1 1 1 0 0
program/282 0 0 1 0 1 1 1 1 0 1 1 1 0 1 1 1 1 1 1 1 0 0
program/283 0 0 1 0 1 1 1 1 0 1 1 1 0 1 1 1 1 1 1 1 0 0
program/284 0 0 1 0 1 1 1 1 0 1 1 1 0 1 1 1 1 1 1 1 0 0
program/285 0 0 1 0 1 1 1 1 0 1 1 1 0 1 1 1 1 1 1 1 0 0
program/286 0 0 1 0 1 1 1 1 0 1 1 1 0 1 1 1 1 1 1 1 0 0
program/287 0 0 1 0 1 1 1 1 0 1 1 1 0 1 1 1 1 1 1 1 0 0
program/288 0 0 1 0 1 1 1 1 0 1 1 1 0 1 1 1 1 1 1 1 0 0
program/289 0 0 1 0 1 1 1 1 0 1 1 1 0 1 1 1 1 1 1 1 0 0
program/523 0 0 0 0 0 1 0 0 0 1 1 0 0 1 1 1 1 1 1 1 0 0
program/524 0 0 0 0 0 1 0 0 0 1 1 0 0 1 1 1 1 1 1 1 0 0
program/527 0 0 0 0 0 1 0 0 0 1 1 0 0 1 1 1 1 1 1 1 0 0
program/526 0 0 0 0 0 1 0 0 0 1 1 0 0 1 1 1 1 1 1 1 0 0
program/442 1 1 1 1 1 1 1 1 1 1 1 1 1 1 1 1 1 1 1 1 0 0
program/443 1 1 1 1 1 1 1 1 1 1 1 1 1 1 1 1 1 1 1 1 0 0
program/440 1 1 1 1 1 1 1 1 1 1 1 1 1 1 1 1 1 1 1 1 0 0
program/441 1 1 1 1 1 1 1 1 1 1 1 1 1 1 1 1 1 1 1 1 0 0
program/446 1 1 1 1 1 1 1 1 1 1 1 1 1 1 1 1 1 1 1 1 0 0
program/447 1 1 1 1 1 1 1 1 1 1 1 1 1 1 1 1 1 1 1 1 0 0
program/444 1 1 1 1 1 1 1 1 1 1 1 1 1 1 1 1 1 1 1 1 0 0
program/445 1 1 1 1 1 1 1 1 1 1 1 1 1 1 1 1 1 1 1 1 0 0
program/448 1 1 1 1 1 1 1 1 1 1 1 1 1 1 1 1 1 1 1 1 0 0
program/449 1 1 1 1 1 1 1 1 1 1 1 1 1 1 1 1 1 1 1 1 0 0
program/239 0 0 1 0 1 1 1 1 0 1 1 1 0 1 1 1 1 1 1 1 0 0
program/238 0 0 1 0 1 1 1 1 0 1 1 1 0 1 1 1 1 1 1 1 0 0
program/235 0 0 1 0 1 1 1 1 0 1 1 1 0 1 1 1 1 1 1 1 0 0
program/234 0 0 1 0 1 1 1 1 0 1 1 1 0 1 1 1 1 1 1 1 0 0
program/237 0 0 1 0 1 1 1 1 0 1 1 1 0 1 1 1 1 1 1 1 0 0
program/236 0 0 1 0 1 1 1 1 0 1 1 1 0 1 1 1 1 1 1 1 0 0
program/231 0 0 1 0 1 1 1 1 0 1 1 1 0 1 1 1 1 1 1 1 0 0
program/230 0 0 1 0 1 0 1 0 0 0 0 0 0 1 1 0 0 1 1 1 0 0
program/233 0 0 1 0 1 0 1 0 0 0 0 0 0 1 1 0 0 1 1 1 0 0
program/232 0 0 1 0 1 1 1 1 0 1 1 1 0 1 1 1 1 1 1 1 0 0
program/528 0 0 0 0 0 1 0 0 0 1 1 0 0 1 1 1 1 1 1 1 0 0
program/626 0 0 0 0 0 1 0 0 0 1 1 0 0 1 1 0 0 1 1 1 0 0
program/627 0 0 0 0 0 1 0 0 0 1 1 0 0 1 1 0 0 1 1 1 0 0
program/624 0 0 0 0 0 1 0 0 0 1 1 0 0 1 1 0 0 1 1 1 0 0
program/625 0 0 0 0 0 1 0 0 0 1 1 0 0 1 1 0 0 1 1 1 0 0
program/622 0 0 0 0 0 1 0 0 0 1 1 0 0 0 1 0 0 1 1 0 0 0
program/623 0 0 0 0 0 1 0 0 0 1 1 0 0 1 1 0 0 1 1 1 0 0
program/620 0 0 0 0 0 1 0 0 0 1 1 0 0 1 1 0 0 1 1 1 0 0
program/621 0 0 0 0 0 1 0 0 0 1 1 0 0 1 1 0 0 1 1 1 0 0
program/628 0 0 0 0 0 1 0 0 0 1 1 0 0 1 1 0 0 1 1 1 0 0
program/629 0 0 0 0 0 1 0 0 0 1 1 0 0 1 1 0 0 1 1 1 0 0
program/358 0 0 1 0 1 0 1 0 0 1 0 0 0 1 1 0 1 1 1 1 0 0
program/359 0 0 1 0 1 0 1 0 0 1 0 0 0 1 1 0 1 1 1 1 0 0
program/352 0 0 1 0 1 0 1 0 0 1 0 0 0 1 1 0 1 1 1 1 0 0
program/353 0 0 1 0 1 0 1 0 0 1 0 0 0 1 1 0 1 1 1 1 0 0
program/350 0 0 1 0 1 0 1 0 0 1 0 0 0 1 1 0 1 1 1 1 0 0
program/351 0 0 1 0 1 0 1 0 0 1 0 0 0 1 1 0 1 1 1 1 0 0
program/356 0 0 1 0 1 0 1 0 0 1 0 0 0 1 1 0 1 1 1 1 0 0
program/357 0 0 1 0 1 0 1 0 0 1 0 0 0 1 1 0 1 1 1 1 0 0
program/354 0 0 1 0 1 0 1 0 0 1 0 0 0 1 1 0 1 1 1 1 0 0
program/355 0 0 1 0 1 0 1 0 0 1 0 0 0 1 1 0 1 1 1 1 0 0
program/58 0 0 0 1 0 0 0 0 0 0 0 0 0 0 0 0 0 0 0 0 0 0
program/59 0 0 0 1 0 0 0 0 0 0 0 0 0 0 0 0 0 0 0 0 0 0
program/56 1 1 1 0 1 1 1 1 1 1 1 1 1 1 1 1 1 1 1 1 0 0
program/57 1 1 1 0 1 1 1 1 1 1 1 1 1 1 1 1 1 1 1 1 0 0
program/54 1 1 1 1 1 1 1 1 1 1 1 1 1 1 1 1 1 1 1 1 0 0
program/55 1 1 1 1 1 1 1 1 1 1 1 1 1 1 1 1 1 1 1 1 0 0
program/52 0 0 1 1 1 1 1 1 0 1 1 1 0 1 1 1 1 1 1 1 0 0
program/53 1 1 1 1 1 1 1 1 1 1 1 1 1 1 1 1 1 1 1 1 0 0
program/50 0 0 1 1 1 1 1 1 0 1 1 1 0 1 1 1 1 1 1 1 0 0
program/51 1 1 1 1 1 1 1 1 1 1 1 1 1 1 1 1 1 1 1 1 0 0
program/491 1 1 1 1 1 1 1 1 1 1 1 1 1 1 1 1 1 1 1 1 0 0
program/490 1 1 1 1 1 1 1 1 1 1 1 1 1 1 1 1 1 1 1 1 0 0
program/493 0 0 0 0 0 1 0 0 0 1 1 0 0 1 1 1 1 1 1 1 0 0
program/492 0 0 0 0 0 1 0 0 0 1 1 0 0 1 1 1 1 1 1 1 0 0
program/494 0 0 0 0 0 1 0 0 0 1 1 0 0 1 1 1 1 1 1 1 0 0
program/497 0 0 0 0 0 1 0 0 0 1 1 0 0 1 1 1 1 1 1 1 0 0
program/496 0 0 0 0 0 1 0 0 0 1 1 0 0 1 1 1 1 1 1 1 0 0
program/499 0 0 0 0 0 1 0 0 0 1 1 0 0 1 1 1 1 1 1 1 0 0
program/498 0 0 0 0 0 1 0 0 0 1 1 0 0 1 1 1 1 1 1 1 0 0
program/710 0 0 0 0 0 1 0 0 0 1 1 0 0 1 1 1 1 1 1 1 0 0
program/711 0 0 0 0 0 1 0 0 0 1 1 0 0 1 1 1 1 1 1 1 0 0
program/716 0 0 0 0 0 1 0 0 0 1 1 0 0 1 1 1 1 1 1 1 0 0
program/717 0 0 0 0 0 1 0 0 0 1 1 0 0 1 1 1 1 1 1 1 0 0
program/714 0 0 0 0 0 1 0 0 0 1 1 0 0 1 1 1 1 1 1 1 0 0
program/715 0 0 0 0 0 1 0 0 0 1 1 0 0 1 1 1 1 1 1 1 0 0
program/653 0 0 0 0 0 1 0 0 0 1 1 0 0 1 1 1 1 1 1 1 0 0
program/652 0 0 0 0 0 1 0 0 0 1 1 0 0 1 1 0 0 1 1 1 0 0
program/651 0 0 0 0 0 1 0 0 0 1 1 0 0 1 1 0 0 1 1 1 0 0
program/650 0 0 0 0 0 1 0 0 0 1 1 0 0 1 1 1 1 1 1 1 0 0
program/657 0 0 0 0 0 1 0 0 0 1 1 0 0 1 1 1 1 1 1 1 0 0
program/656 0 0 0 0 0 1 0 0 0 1 1 0 0 1 1 1 1 1 1 1 0 0
program/655 0 0 0 0 0 1 0 0 0 1 1 0 0 1 1 1 1 1 1 1 0 0
program/508 0 0 0 0 0 1 0 0 0 1 1 0 0 1 1 1 1 1 1 1 0 0
program/659 0 0 0 0 0 1 0 0 0 1 1 0 0 1 1 1 1 1 1 1 0 0
program/658 0 0 0 0 0 1 0 0 0 1 1 0 0 1 1 1 1 1 1 1 0 0
program/125 0 0 1 1 1 1 1 1 0 1 1 1 0 1 1 1 1 1 1 1 0 0
program/124 1 1 1 1 1 1 1 1 1 1 1 1 1 1 1 1 1 1 1 1 0 0
program/127 1 1 1 1 1 1 1 1 1 1 1 1 1 1 1 1 1 1 1 1 0 0
program/126 1 1 1 1 1 1 1 1 1 1 1 1 1 1 1 1 1 1 1 1 0 0
program/121 1 1 1 1 1 1 1 1 1 1 1 1 1 1 1 1 1 1 1 1 0 0
program/120 1 1 1 1 1 1 1 1 1 1 1 1 1 1 1 1 1 1 1 1 0 0
program/123 1 1 1 1 1 1 1 1 1 1 1 1 1 1 1 1 1 1 1 1 0 0
program/122 1 1 1 1 1 1 1 1 1 1 1 1 1 1 1 1 1 1 1 1 0 0
program/129 1 1 1 1 1 1 1 1 1 1 1 1 1 1 1 1 1 1 1 1 0 0
program/128 1 1 1 1 1 1 1 1 1 1 1 1 1 1 1 1 1 1 1 1 0 0
program/408 0 0 1 0 1 1 1 1 0 1 1 1 0 1 1 1 1 1 1 1 0 0
program/409 0 0 1 0 1 1 1 1 0 1 1 1 0 1 1 1 1 1 1 1 0 0
program/404 0 0 1 0 1 1 1 1 0 1 1 1 0 1 1 1 1 1 1 1 0 0
program/405 0 0 1 0 1 1 1 1 0 1 1 1 0 1 1 1 1 1 1 1 0 0
program/402 0 0 0 0 1 1 1 1 0 0 1 1 0 1 1 1 0 1 1 1 0 0
program/403 0 0 1 0 1 1 1 1 0 1 1 1 0 1 1 1 1 1 1 1 0 0
program/400 0 0 0 0 1 1 1 1 0 0 1 1 0 1 1 1 0 1 1 1 0 0
program/401 0 0 0 0 1 1 1 1 0 0 1 1 0 1 1 1 0 1 1 1 0 0
program/704 0 0 0 0 0 1 0 0 0 1 1 0 0 1 1 0 0 1 1 1 0 0
program/769 0 0 0 0 0 1 0 0 0 1 1 0 0 1 1 1 1 1 1 1 0 0
program/279 0 0 1 0 1 1 1 1 0 1 1 1 0 1 1 1 1 1 1 1 0 0
program/278 0 0 1 0 1 1 1 1 0 1 1 1 0 1 1 1 1 1 1 1 0 0
program/271 0 0 1 0 1 0 1 0 0 0 0 0 0 1 1 0 0 1 1 1 0 0
program/270 0 0 1 0 1 1 1 1 0 1 1 1 0 1 1 1 1 1 1 1 0 0
program/273 0 0 1 0 1 1 1 1 0 1 1 1 0 1 1 1 1 1 1 1 0 0
program/272 0 0 1 0 1 1 1 1 0 1 1 1 0 1 1 1 1 1 1 1 0 0
program/275 0 0 1 0 1 1 1 1 0 1 1 1 0 1 1 1 1 1 1 1 0 0
program/274 0 0 1 0 1 0 1 0 0 0 0 0 0 1 1 0 0 1 1 1 0 0
program/277 0 0 1 0 1 1 1 1 0 1 1 1 0 1 1 1 1 1 1 1 0 0
program/276 0 0 1 0 1 1 1 1 0 1 1 1 0 1 1 1 1 1 1 1 0 0
program/479 0 0 0 0 0 1 0 0 0 1 1 0 0 1 1 1 1 1 1 1 0 0
program/571 0 0 0 0 0 1 0 0 0 1 1 0 0 1 1 1 1 1 1 1 0 0
program/576 0 0 0 0 0 1 0 0 0 1 1 0 0 1 1 1 1 1 1 1 0 0
program/577 0 0 0 0 0 1 0 0 0 1 1 0 0 1 1 1 1 1 1 1 0 0
program/574 0 0 0 0 0 1 0 0 0 1 1 0 0 1 1 1 1 1 1 1 0 0
program/575 0 0 0 0 0 1 0 0 0 1 1 0 0 1 1 1 1 1 1 1 0 0
program/473 1 1 1 1 1 1 1 1 1 1 1 1 1 1 1 1 1 1 1 1 0 0
program/472 1 1 1 1 1 1 1 1 1 1 1 1 1 1 1 1 1 1 1 1 0 0
program/471 1 1 1 1 1 1 1 1 1 1 1 1 1 1 1 1 1 1 1 1 0 0
program/470 1 1 1 1 1 1 1 1 1 1 1 1 1 1 1 1 1 1 1 1 0 0
program/477 0 0 0 0 0 1 0 0 0 1 1 0 0 1 1 1 1 1 1 1 0 0
program/476 0 0 0 0 0 1 0 0 0 1 1 0 0 1 1 1 1 1 1 1 0 0
program/475 1 1 1 1 1 1 1 1 1 1 1 1 1 1 1 1 1 1 1 1 0 0
program/474 1 1 1 1 1 1 1 1 1 1 1 1 1 1 1 1 1 1 1 1 0 0
program/316 0 0 0 0 1 1 1 1 0 0 1 1 0 1 1 1 0 1 1 1 0 0
program/314 0 0 1 0 1 1 1 1 0 1 1 1 0 1 1 1 0 1 1 1 0 0
program/315 0 0 1 0 1 0 1 0 0 1 0 0 0 1 1 1 0 1 1 1 0 0
program/312 0 0 1 0 1 1 1 1 0 1 1 1 0 1 1 1 1 1 1 1 0 0
program/313 0 0 0 0 0 0 0 0 0 0 0 0 0 1 1 0 0 1 1 1 0 0
program/310 0 0 1 0 1 1 1 1 0 1 1 1 0 1 1 1 0 1 1 1 0 0
program/311 0 0 1 0 1 1 1 1 0 1 1 1 0 1 1 1 1 1 1 1 0 0
program/760 0 0 0 0 0 1 0 0 0 1 1 0 0 1 1 1 1 1 1 1 0 0
program/318 0 0 1 0 1 1 1 1 0 1 1 1 0 1 1 1 1 1 1 1 0 0
program/319 0 0 1 0 1 1 1 1 0 1 1 1 0 1 1 1 1 1 1 1 0 0
program/642 0 0 0 0 0 1 0 0 0 1 1 0 0 1 1 0 0 1 1 1 0 0
program/749 0 0 0 0 0 1 0 0 0 1 1 0 0 1 1 1 1 1 1 1 0 0
program/643 0 0 0 0 0 1 0 0 0 1 1 0 0 1 1 1 1 1 1 1 0 0
