ktestWM MFI_KLEE_TOPDIR_TEST_TEMPLATE.sh-out/klee-out-0/test000001.ktest MFI_KLEE_TOPDIR_TEST_TEMPLATE.sh-out/klee-out-0/test000014.ktest MFI_KLEE_TOPDIR_TEST_TEMPLATE.sh-out/klee-out-0/test000006.ktest MFI_KLEE_TOPDIR_TEST_TEMPLATE.sh-out/klee-out-0/test000015.ktest MFI_KLEE_TOPDIR_TEST_TEMPLATE.sh-out/klee-out-0/test000002.ktest MFI_KLEE_TOPDIR_TEST_TEMPLATE.sh-out/klee-out-0/test000007.ktest MFI_KLEE_TOPDIR_TEST_TEMPLATE.sh-out/klee-out-0/test000009.ktest MFI_KLEE_TOPDIR_TEST_TEMPLATE.sh-out/klee-out-0/test000017.ktest MFI_KLEE_TOPDIR_TEST_TEMPLATE.sh-out/klee-out-0/test000011.ktest MFI_KLEE_TOPDIR_TEST_TEMPLATE.sh-out/klee-out-0/test000013.ktest MFI_KLEE_TOPDIR_TEST_TEMPLATE.sh-out/klee-out-0/test000016.ktest MFI_KLEE_TOPDIR_TEST_TEMPLATE.sh-out/klee-out-0/test000003.ktest MFI_KLEE_TOPDIR_TEST_TEMPLATE.sh-out/klee-out-0/test000005.ktest MFI_KLEE_TOPDIR_TEST_TEMPLATE.sh-out/klee-out-0/test000004.ktest MFI_KLEE_TOPDIR_TEST_TEMPLATE.sh-out/klee-out-0/test000012.ktest MFI_KLEE_TOPDIR_TEST_TEMPLATE.sh-out/klee-out-0/test000008.ktest MFI_KLEE_TOPDIR_TEST_TEMPLATE.sh-out/klee-out-0/test000010.ktest heldout-input-pos2-out/Dev-out-0/devtest.ktest heldout-input-pos3-out/Dev-out-0/devtest.ktest heldout-input-pos4-out/Dev-out-0/devtest.ktest heldout-input-pos5-out/Dev-out-0/devtest.ktest input-neg1-out/Dev-out-0/devtest.ktest input-pos1-out/Dev-out-0/devtest.ktest
program/34 1 1 0 0 1 1 1 0 1 1 0 1 1 0 0 0 1 1 0 0 0 1 0
program/35 1 1 1 1 1 1 1 1 1 1 1 1 1 1 1 1 1 1 1 1 1 1 1
program/36 1 1 1 1 1 1 1 1 1 1 1 1 1 1 1 1 1 1 1 1 1 1 1
program/37 1 1 1 1 1 1 1 1 1 1 1 1 1 1 1 1 1 1 1 1 1 1 1
program/30 0 0 1 1 0 0 0 1 0 0 1 0 0 1 1 1 0 0 1 1 1 0 1
program/31 0 1 0 0 1 0 1 0 0 1 0 1 0 0 0 0 0 0 0 0 0 0 0
program/32 0 1 1 1 1 0 1 1 0 1 1 1 0 1 1 1 0 0 1 1 1 0 1
program/33 1 0 1 1 0 1 0 1 1 0 1 0 1 1 1 1 1 1 1 1 1 1 1
program/38 0 1 0 0 1 0 1 0 0 1 0 1 0 0 0 0 0 0 0 0 0 0 0
program/39 0 0 1 1 0 0 0 1 0 0 1 0 0 1 1 1 0 0 1 1 1 0 1
program/161 0 0 1 0 0 0 0 0 0 0 0 0 0 0 0 0 0 0 0 0 0 0 1
program/239 1 0 1 0 0 1 0 1 1 0 1 0 1 0 0 1 1 1 1 0 0 1 1
program/162 1 1 1 1 1 1 1 1 1 1 1 1 1 1 1 1 1 1 1 1 1 1 1
program/165 0 0 0 1 0 0 0 0 0 0 0 0 0 0 1 1 0 0 1 0 1 0 0
program/167 0 1 0 0 1 0 1 0 0 1 0 1 0 0 0 1 0 0 1 0 0 0 0
program/166 0 0 1 0 0 0 0 0 0 0 0 0 0 0 0 1 0 0 1 0 0 0 1
program/169 1 1 1 1 1 1 1 1 1 1 1 1 1 1 1 1 1 1 1 1 1 1 1
program/168 1 1 1 1 1 1 1 1 1 1 1 1 1 1 1 1 1 1 1 1 1 1 1
program/264 1 1 1 1 1 1 1 1 1 1 1 1 1 1 1 1 1 1 1 1 1 1 1
program/219 0 0 0 1 0 0 0 0 0 0 0 0 0 0 1 0 0 0 0 0 1 0 0
program/213 0 0 0 0 0 0 0 0 0 0 0 0 0 0 0 1 0 0 1 0 0 0 0
program/212 0 0 0 0 0 0 0 0 0 0 0 0 0 0 0 1 0 0 1 0 0 0 0
program/211 1 1 1 1 1 1 1 1 1 1 1 1 1 1 1 1 1 1 1 1 1 1 1
program/210 1 1 1 1 1 1 1 1 1 1 1 1 1 1 1 1 1 1 1 1 1 1 1
program/189 1 1 1 1 1 1 1 1 1 1 1 1 1 1 1 0 1 1 0 1 1 1 1
program/215 0 0 0 0 0 0 0 0 0 0 0 0 0 0 0 1 0 0 1 0 0 0 0
program/188 1 0 1 1 0 1 0 1 1 0 1 0 1 1 1 0 1 1 0 1 1 1 1
program/265 1 1 1 1 1 1 1 1 1 1 1 1 1 1 1 1 1 1 1 1 1 1 1
program/236 1 1 1 0 1 1 1 1 1 1 1 1 1 1 0 1 1 1 1 1 0 1 1
program/241 1 1 1 0 1 1 1 1 1 1 1 1 1 1 0 1 1 1 1 1 0 1 1
program/176 1 1 1 1 1 1 1 1 1 1 1 1 1 1 1 1 1 1 1 1 1 1 1
program/177 1 1 1 0 1 1 1 0 1 1 0 1 1 1 0 0 1 1 0 1 0 1 1
program/174 1 1 1 1 1 1 1 1 1 1 1 1 1 1 1 1 1 1 1 1 1 1 1
program/175 1 1 1 1 1 1 1 1 1 1 1 1 1 1 1 1 1 1 1 1 1 1 1
program/172 1 1 1 1 1 1 1 1 1 1 1 1 1 1 1 1 1 1 1 1 1 1 1
program/173 1 0 1 1 0 1 0 1 1 0 1 0 1 1 1 0 1 1 0 1 1 1 1
program/170 1 0 1 1 0 1 0 1 1 0 1 0 1 1 1 0 1 1 0 1 1 1 1
program/171 1 1 1 1 1 1 1 1 1 1 1 1 1 1 1 1 1 1 1 1 1 1 1
program/262 1 1 0 1 1 1 1 0 1 1 0 1 1 1 1 0 1 1 0 1 1 1 0
program/181 1 0 1 1 0 1 0 1 1 0 1 0 1 1 1 0 1 1 0 1 1 1 1
program/178 0 0 0 1 0 0 0 1 0 0 1 0 0 0 1 0 0 0 0 0 1 0 0
program/179 1 1 1 0 1 1 1 0 1 1 0 1 1 1 0 1 1 1 1 1 0 1 1
program/208 1 1 0 0 1 1 1 0 1 1 0 1 1 1 0 1 1 1 1 1 0 1 0
program/209 1 1 1 1 1 1 1 1 1 1 1 1 1 1 1 1 1 1 1 1 1 1 1
program/180 0 0 0 1 0 0 0 1 0 0 1 0 0 0 1 1 0 0 1 0 1 0 0
program/242 1 0 1 0 0 1 0 1 1 0 1 0 1 1 0 1 1 1 1 1 0 1 1
program/200 0 0 0 1 0 0 0 1 0 0 1 0 0 0 1 0 0 0 0 0 1 0 0
program/187 1 1 1 1 1 1 1 1 1 1 1 1 1 1 1 0 1 1 0 1 1 1 1
program/202 0 0 0 1 0 0 0 1 0 0 1 0 0 0 1 1 0 0 1 0 1 0 0
program/203 0 0 0 1 0 0 0 1 0 0 1 0 0 0 1 1 0 0 1 0 1 0 0
program/204 1 1 1 0 1 1 1 0 1 1 0 1 1 1 0 1 1 1 1 1 0 1 1
program/205 0 0 0 1 0 0 0 1 0 0 1 0 0 0 1 0 0 0 0 0 1 0 0
program/206 1 1 1 0 1 1 1 0 1 1 0 1 1 1 0 0 1 1 0 1 0 1 1
program/186 1 0 1 1 0 1 0 1 1 0 1 0 1 1 1 0 1 1 0 1 1 1 1
program/270 1 1 1 1 1 1 1 1 1 1 1 1 1 1 1 1 1 1 1 1 1 1 1
program/185 0 0 0 1 0 0 0 1 0 0 0 0 0 0 1 0 0 0 0 0 1 0 0
program/201 1 1 1 0 1 1 1 0 1 1 0 1 1 1 0 1 1 1 1 1 0 1 1
program/254 0 0 0 0 0 0 0 1 0 0 1 0 0 0 0 0 0 0 0 0 0 0 0
program/263 1 1 1 1 1 1 1 1 1 1 1 1 1 1 1 1 1 1 1 1 1 1 1
program/184 1 1 1 0 1 1 1 0 1 1 0 1 1 1 0 1 1 1 1 1 0 1 1
program/148 0 0 1 1 0 0 0 1 0 0 1 0 0 0 1 1 0 0 1 0 1 0 1
program/183 0 0 0 1 0 0 0 1 0 0 1 0 0 0 1 1 0 0 1 0 1 0 0
program/260 1 1 1 0 1 1 1 0 1 1 0 1 1 1 0 1 1 1 1 1 0 1 1
program/207 0 0 0 0 0 0 0 1 0 0 1 0 0 0 0 1 0 0 1 0 0 0 0
program/157 1 1 1 1 1 1 1 1 1 1 1 1 1 1 1 1 1 1 1 1 1 1 1
program/103 1 1 1 1 1 1 1 1 1 1 1 1 1 1 1 1 1 1 1 1 1 1 1
program/102 1 1 1 1 1 1 1 1 1 1 1 1 1 1 1 1 1 1 1 1 1 1 1
program/101 1 1 1 1 1 1 1 1 1 1 1 1 1 1 1 1 1 1 1 1 1 1 1
program/100 1 1 0 0 1 1 1 0 1 1 0 1 1 1 0 0 1 1 0 1 0 1 0
program/107 0 0 0 0 0 0 0 0 0 0 0 0 0 1 0 0 0 0 0 1 0 0 0
program/238 1 1 1 1 1 1 1 0 1 1 0 1 1 1 1 1 1 1 1 1 1 1 1
program/105 0 0 0 0 0 0 0 0 0 0 0 0 0 1 0 0 0 0 0 1 0 0 0
program/104 0 0 0 0 0 0 0 0 0 0 0 0 0 1 0 0 0 0 0 1 0 0 0
program/235 1 0 1 0 0 1 0 1 1 0 1 0 1 1 0 1 1 1 1 1 0 1 1
program/234 0 0 0 1 0 0 0 1 0 0 1 0 0 0 1 0 0 0 0 0 1 0 0
program/237 0 0 0 1 0 0 0 1 0 0 1 0 0 0 1 0 0 0 0 0 1 0 0
program/108 1 1 1 1 1 1 1 1 1 1 1 1 1 1 1 1 1 1 1 1 1 1 1
program/231 1 1 1 0 1 1 1 0 1 1 0 1 1 1 0 1 1 1 1 1 0 1 1
program/230 1 1 1 1 1 1 1 1 1 1 1 1 1 1 1 1 1 1 1 1 1 1 1
program/233 1 1 1 1 1 1 1 0 1 1 0 1 1 1 1 1 1 1 1 1 1 1 1
program/232 0 0 0 0 0 0 0 1 0 0 1 0 0 0 0 0 0 0 0 0 0 0 0
program/29 0 1 1 1 1 0 1 1 0 1 1 1 0 1 1 1 0 0 1 1 1 0 1
program/28 0 0 1 1 0 0 0 1 0 0 1 0 0 1 1 1 0 0 1 1 1 0 1
program/261 0 0 0 1 0 0 0 1 0 0 1 0 0 0 1 0 0 0 0 0 1 0 0
program/23 1 0 1 1 0 1 0 1 1 0 1 0 1 1 1 1 1 1 1 1 1 1 1
program/22 0 1 1 1 1 0 1 1 0 1 1 1 0 1 1 1 0 0 1 1 1 0 1
program/21 1 0 1 1 0 1 0 1 1 0 1 0 1 1 1 1 1 1 1 1 1 1 1
program/20 1 1 0 0 1 1 1 0 1 1 0 1 1 0 0 0 1 1 0 0 0 1 0
program/27 0 1 1 1 1 0 1 1 0 1 1 1 0 1 1 1 0 0 1 1 1 0 1
program/26 0 0 1 1 0 0 0 1 0 0 1 0 0 1 1 1 0 0 1 1 1 0 1
program/25 0 0 1 1 0 0 0 1 0 0 1 0 0 0 1 0 0 0 0 0 1 0 1
program/24 1 1 0 0 1 1 1 0 1 1 0 1 1 0 0 0 1 1 0 0 0 1 0
program/257 0 0 0 1 0 0 0 1 0 0 1 0 0 0 1 0 0 0 0 0 1 0 0
program/272 1 1 1 1 1 1 1 1 1 1 1 1 1 1 1 1 1 1 1 1 1 1 1
program/256 0 0 0 1 0 0 0 1 0 0 1 0 0 0 1 0 0 0 0 0 1 0 0
program/255 1 1 1 1 1 1 1 0 1 1 0 1 1 1 1 1 1 1 1 1 1 1 1
program/251 1 1 1 1 1 1 1 1 1 1 1 1 1 1 1 1 1 1 1 1 1 1 1
program/253 1 1 1 0 1 1 1 0 1 1 0 1 1 1 0 1 1 1 1 1 0 1 1
program/252 1 1 1 1 1 1 1 1 1 1 1 1 1 1 1 1 1 1 1 1 1 1 1
program/222 1 1 1 1 1 1 1 1 1 1 1 1 1 1 1 1 1 1 1 1 1 1 1
program/111 0 0 1 0 0 0 0 0 0 0 0 0 0 0 0 1 0 0 1 0 0 0 1
program/112 0 0 1 0 0 0 0 0 0 0 0 0 0 1 0 0 0 0 0 1 0 0 1
program/113 0 1 1 0 1 0 1 0 0 1 0 1 0 0 0 0 0 0 0 0 0 0 1
program/114 1 1 1 1 1 1 1 1 1 1 1 1 1 1 1 1 1 1 1 1 1 1 1
program/115 1 1 1 1 1 1 1 1 1 1 1 1 1 1 1 1 1 1 1 1 1 1 1
program/116 1 0 0 1 0 1 0 1 1 0 1 0 1 1 1 1 1 1 1 1 1 1 0
program/117 1 1 1 1 1 1 1 1 1 1 1 1 1 1 1 1 1 1 1 1 1 1 1
program/118 1 1 1 1 1 1 1 1 1 1 1 1 1 1 1 1 1 1 1 1 1 1 1
program/119 1 0 0 1 0 1 0 1 1 0 1 0 1 1 1 1 1 1 1 1 1 1 0
program/228 1 1 1 1 1 1 1 1 1 1 1 1 1 1 1 1 1 1 1 1 1 1 1
program/229 1 1 1 1 1 1 1 1 1 1 1 1 1 1 1 1 1 1 1 1 1 1 1
program/145 1 1 0 0 1 1 1 0 1 1 0 1 1 1 0 0 1 1 0 1 0 1 0
program/198 1 1 1 1 1 1 1 1 1 1 1 1 1 1 1 1 1 1 1 1 1 1 1
program/199 1 1 1 0 1 1 1 0 1 1 0 1 1 1 0 0 1 1 0 1 0 1 1
program/58 1 0 0 0 0 1 0 0 1 0 0 0 1 1 0 0 1 1 0 1 0 1 0
program/59 0 1 0 0 1 0 1 0 0 1 0 1 0 1 0 0 0 0 0 1 0 0 0
program/152 1 1 0 0 1 1 1 0 1 1 0 1 1 1 0 0 1 1 0 1 0 1 0
program/57 0 0 1 0 0 0 0 0 0 0 0 0 0 1 0 0 0 0 0 1 0 0 1
program/54 1 1 1 1 1 1 1 1 1 1 1 1 1 1 1 1 1 1 1 1 1 1 1
program/193 0 0 0 0 0 0 0 1 0 0 1 0 0 0 0 1 0 0 1 0 0 0 0
program/194 1 1 0 0 1 1 1 0 1 1 0 1 1 1 0 1 1 1 1 1 0 1 0
program/53 1 0 0 0 0 1 0 0 1 0 0 0 1 0 0 0 1 1 0 0 0 1 0
program/50 1 0 0 0 0 1 0 0 1 0 0 0 1 0 0 0 1 1 0 0 0 1 0
program/51 1 0 0 0 0 1 0 0 1 0 0 0 1 0 0 0 1 1 0 0 0 1 0
program/226 1 1 1 1 1 1 1 1 1 1 1 1 1 1 1 1 1 1 1 1 1 1 1
program/190 0 0 0 1 0 0 0 1 0 0 1 0 0 0 1 0 0 0 0 0 1 0 0
program/269 0 0 0 1 0 0 0 0 0 0 0 0 0 0 1 0 0 0 0 0 1 0 0
program/216 1 1 1 1 1 1 1 1 1 1 1 1 1 1 1 1 1 1 1 1 1 1 1
program/154 1 1 1 0 1 1 1 0 1 1 0 1 1 0 0 0 1 1 0 0 0 1 1
program/153 0 0 1 0 0 0 0 1 0 0 1 0 0 0 0 0 0 0 0 0 0 0 1
program/155 1 1 1 1 1 1 1 1 1 1 1 1 1 1 1 1 1 1 1 1 1 1 1
program/258 1 1 1 1 1 1 1 0 1 1 0 1 1 1 1 1 1 1 1 1 1 1 1
program/156 1 1 1 1 1 1 1 1 1 1 1 1 1 1 1 1 1 1 1 1 1 1 1
program/125 1 1 1 0 1 1 1 0 1 1 0 1 1 1 0 0 1 1 0 1 0 1 1
program/124 0 0 0 1 0 0 0 1 0 0 1 0 0 0 1 1 0 0 1 0 1 0 0
program/127 1 0 0 1 0 1 0 1 1 0 1 0 1 1 1 1 1 1 1 1 1 1 0
program/126 0 0 1 1 0 0 0 1 0 0 1 0 0 0 1 1 0 0 1 0 1 0 1
program/121 1 1 1 1 1 1 1 1 1 1 1 1 1 1 1 1 1 1 1 1 1 1 1
program/120 1 1 1 1 1 1 1 1 1 1 1 1 1 1 1 1 1 1 1 1 1 1 1
program/123 1 1 0 0 1 1 1 0 1 1 0 1 1 1 0 0 1 1 0 1 0 1 0
program/122 1 1 1 1 1 1 1 1 1 1 1 1 1 1 1 1 1 1 1 1 1 1 1
program/250 1 1 1 1 1 1 1 1 1 1 1 1 1 1 1 1 1 1 1 1 1 1 1
program/150 1 1 1 0 1 1 1 0 1 1 0 1 1 1 0 0 1 1 0 1 0 1 1
program/129 0 0 1 1 0 0 0 1 0 0 1 0 0 0 1 1 0 0 1 0 1 0 1
program/128 1 1 0 1 1 1 1 1 1 1 1 1 1 1 1 1 1 1 1 1 1 1 0
program/259 0 0 0 0 0 0 0 1 0 0 1 0 0 0 0 0 0 0 0 0 0 0 0
program/151 0 0 0 1 0 0 0 1 0 0 1 0 0 0 1 1 0 0 1 0 1 0 0
program/49 1 1 1 1 1 1 1 1 1 1 1 1 1 1 1 1 1 1 1 1 1 1 1
program/48 1 1 1 1 1 1 1 1 1 1 1 1 1 1 1 1 1 1 1 1 1 1 1
program/45 0 1 0 0 1 0 1 0 0 1 0 1 0 0 0 0 0 0 0 0 0 0 0
program/44 0 0 1 1 0 0 0 1 0 0 1 0 0 1 1 1 0 0 1 1 1 0 1
program/47 1 1 0 0 1 1 1 0 1 1 0 1 1 0 0 0 1 1 0 0 0 1 0
program/46 1 0 1 1 0 1 0 1 1 0 1 0 1 1 1 1 1 1 1 1 1 1 1
program/41 1 0 1 1 0 1 0 1 1 0 1 0 1 1 1 1 1 1 1 1 1 1 1
program/40 1 1 0 0 1 1 1 0 1 1 0 1 1 0 0 0 1 1 0 0 0 1 0
program/43 1 1 0 0 1 1 1 0 1 1 0 1 1 0 0 0 1 1 0 0 0 1 0
program/42 1 0 1 1 0 1 0 1 1 0 1 0 1 1 1 1 1 1 1 1 1 1 1
program/223 1 1 1 1 1 1 1 1 1 1 1 1 1 1 1 1 1 1 1 1 1 1 1
program/220 0 0 0 1 0 0 0 0 0 0 0 0 0 0 1 1 0 0 1 0 1 0 0
program/138 1 1 0 1 1 1 1 1 1 1 1 1 1 1 1 1 1 1 1 1 1 1 0
program/139 0 0 1 0 0 0 0 1 0 0 1 0 0 0 0 0 0 0 0 0 0 0 1
program/132 1 0 0 1 0 1 0 1 1 0 1 0 1 1 1 1 1 1 1 1 1 1 0
program/133 1 1 0 1 1 1 1 1 1 1 1 1 1 1 1 1 1 1 1 1 1 1 0
program/130 1 1 1 0 1 1 1 0 1 1 0 1 1 1 0 0 1 1 0 1 0 1 1
program/131 1 0 0 1 0 1 0 1 1 0 1 0 1 1 1 0 1 1 0 1 1 1 0
program/136 0 0 0 1 0 0 0 1 0 0 1 0 0 0 1 1 0 0 1 0 1 0 0
program/137 1 1 0 0 1 1 1 0 1 1 0 1 1 1 0 0 1 1 0 1 0 1 0
program/134 1 0 0 1 0 1 0 1 1 0 1 0 1 1 1 1 1 1 1 1 1 1 0
program/135 1 1 0 1 1 1 1 1 1 1 1 1 1 1 1 1 1 1 1 1 1 1 0
program/244 0 0 0 0 0 0 0 1 0 0 1 0 0 0 0 0 0 0 0 0 0 0 0
program/245 1 1 1 0 1 1 1 0 1 1 0 1 1 1 0 1 1 1 1 1 0 1 1
program/246 1 1 1 0 1 1 1 1 1 1 1 1 1 1 0 1 1 1 1 1 0 1 1
program/247 0 0 0 1 0 0 0 1 0 0 1 0 0 0 1 0 0 0 0 0 1 0 0
program/240 1 0 1 0 0 1 0 1 1 0 1 0 1 1 0 1 1 1 1 1 0 1 1
program/224 1 0 1 0 0 1 0 1 1 0 1 0 1 1 0 1 1 1 1 1 0 1 1
program/141 1 1 1 1 1 1 1 1 1 1 1 1 1 1 1 1 1 1 1 1 1 1 1
program/243 1 1 1 0 1 1 1 1 1 1 1 1 1 1 0 1 1 1 1 1 0 1 1
program/192 1 1 1 1 1 1 1 1 1 1 1 1 1 1 1 0 1 1 0 1 1 1 1
program/225 1 1 1 1 1 1 1 1 1 1 1 1 1 1 1 1 1 1 1 1 1 1 1
program/248 1 1 0 1 1 1 1 0 1 1 0 1 1 1 1 0 1 1 0 1 1 1 0
program/249 1 1 1 1 1 1 1 1 1 1 1 1 1 1 1 1 1 1 1 1 1 1 1
program/70 0 0 1 1 0 0 0 1 0 0 1 0 0 0 1 1 0 0 1 0 1 0 1
program/71 1 1 0 0 1 1 1 0 1 1 0 1 1 1 0 0 1 1 0 1 0 1 0
program/72 0 0 1 1 0 0 0 1 0 0 1 0 0 1 1 1 0 0 1 1 1 0 1
program/73 1 0 1 1 0 1 0 1 1 0 1 0 1 0 1 1 1 1 1 0 1 1 1
program/74 1 1 1 1 1 1 1 1 1 1 1 1 1 0 1 1 1 1 1 0 1 1 1
program/75 0 0 1 1 0 0 0 1 0 0 1 0 0 1 1 1 0 0 1 1 1 0 1
program/76 1 1 0 0 1 1 1 0 1 1 0 1 1 1 0 0 1 1 0 1 0 1 0
program/77 0 0 1 0 0 0 0 1 0 0 1 0 0 0 0 0 0 0 0 0 0 0 1
program/78 1 0 1 1 0 1 0 1 1 0 1 0 1 0 1 1 1 1 1 0 1 1 1
program/79 1 1 1 1 1 1 1 1 1 1 1 1 1 0 1 1 1 1 1 0 1 1 1
program/12 0 0 1 1 0 0 0 1 0 0 1 0 0 1 1 1 0 0 1 1 1 0 1
program/13 1 1 1 1 1 1 1 1 1 1 1 1 1 1 1 1 1 1 1 1 1 1 1
program/10 1 1 1 1 1 1 1 1 1 1 1 1 1 1 1 1 1 1 1 1 1 1 1
program/11 1 1 1 1 1 1 1 1 1 1 1 1 1 1 1 1 1 1 1 1 1 1 1
program/16 1 1 1 1 1 1 1 1 1 1 1 1 1 1 1 1 1 1 1 1 1 1 1
program/17 1 1 1 1 1 1 1 1 1 1 1 1 1 1 1 1 1 1 1 1 1 1 1
program/14 1 1 1 1 1 1 1 1 1 1 1 1 1 1 1 1 1 1 1 1 1 1 1
program/15 0 0 1 1 0 0 0 1 0 0 1 0 0 1 1 1 0 0 1 1 1 0 1
program/18 0 1 0 0 1 0 1 0 0 1 0 1 0 0 0 0 0 0 0 0 0 0 0
program/19 0 0 1 1 0 0 0 1 0 0 1 0 0 1 1 1 0 0 1 1 1 0 1
program/147 1 1 1 0 1 1 1 0 1 1 0 1 1 1 0 0 1 1 0 1 0 1 1
program/98 1 1 0 0 1 1 1 0 1 1 0 1 1 0 0 0 1 1 0 0 0 1 0
program/99 0 0 0 1 0 0 0 1 0 0 1 0 0 1 1 1 0 0 1 1 1 0 0
program/149 0 0 1 1 0 0 0 1 0 0 1 0 0 0 1 1 0 0 1 0 1 0 1
program/146 0 0 0 1 0 0 0 1 0 0 1 0 0 0 1 1 0 0 1 0 1 0 0
program/92 0 0 1 1 0 0 0 1 0 0 1 0 0 0 1 1 0 0 1 0 1 0 1
program/93 1 1 0 0 1 1 1 0 1 1 0 1 1 1 0 0 1 1 0 1 0 1 0
program/90 1 1 1 1 1 1 1 1 1 1 1 1 1 1 1 1 1 1 1 1 1 1 1
program/91 1 1 0 0 1 1 1 0 1 1 0 1 1 0 0 0 1 1 0 0 0 1 0
program/96 1 1 0 0 1 1 1 0 1 1 0 1 1 1 0 0 1 1 0 1 0 1 0
program/97 0 0 1 1 0 0 0 1 0 0 1 0 0 0 1 1 0 0 1 0 1 0 1
program/94 0 0 1 1 0 0 0 1 0 0 1 0 0 1 1 1 0 0 1 1 1 0 1
program/95 0 0 1 1 0 0 0 1 0 0 1 0 0 1 1 1 0 0 1 1 1 0 1
program/227 1 0 1 0 0 1 0 1 1 0 1 0 1 1 0 1 1 1 1 1 0 1 1
program/144 1 1 1 1 1 1 1 1 1 1 1 1 1 1 1 1 1 1 1 1 1 1 1
program/143 1 1 1 1 1 1 1 1 1 1 1 1 1 1 1 1 1 1 1 1 1 1 1
program/271 1 1 1 1 1 1 1 1 1 1 1 1 1 1 1 1 1 1 1 1 1 1 1
program/142 1 1 1 1 1 1 1 1 1 1 1 1 1 1 1 1 1 1 1 1 1 1 1
program/67 1 1 1 1 1 1 1 1 1 1 1 1 1 1 1 1 1 1 1 1 1 1 1
program/66 1 1 1 1 1 1 1 1 1 1 1 1 1 1 1 1 1 1 1 1 1 1 1
program/65 1 0 1 1 0 1 0 1 1 0 1 0 1 0 1 1 1 1 1 0 1 1 1
program/64 1 1 1 1 1 1 1 1 1 1 1 1 1 1 1 1 1 1 1 1 1 1 1
program/63 1 1 1 1 1 1 1 1 1 1 1 1 1 1 1 1 1 1 1 1 1 1 1
program/62 1 0 1 1 0 1 0 1 1 0 1 0 1 0 1 1 1 1 1 0 1 1 1
program/61 1 1 1 1 1 1 1 1 1 1 1 1 1 1 1 1 1 1 1 1 1 1 1
program/60 1 1 1 1 1 1 1 1 1 1 1 1 1 1 1 1 1 1 1 1 1 1 1
program/182 1 1 1 1 1 1 1 1 1 1 1 1 1 1 1 0 1 1 0 1 1 1 1
program/140 1 1 1 0 1 1 1 0 1 1 0 1 1 0 0 0 1 1 0 0 0 1 1
program/69 1 1 0 0 1 1 1 0 1 1 0 1 1 0 0 0 1 1 0 0 0 1 0
program/68 1 1 1 1 1 1 1 1 1 1 1 1 1 1 1 1 1 1 1 1 1 1 1
program/221 0 1 0 1 1 0 1 0 0 1 0 1 0 0 1 0 0 0 0 0 1 0 0
program/89 1 1 1 1 1 1 1 1 1 1 1 1 1 1 1 1 1 1 1 1 1 1 1
program/88 1 1 1 1 1 1 1 1 1 1 1 1 1 1 1 1 1 1 1 1 1 1 1
program/158 0 0 1 0 0 0 0 0 0 0 0 0 0 0 0 0 0 0 0 0 0 0 1
program/159 0 0 1 0 0 0 0 0 0 0 0 0 0 0 0 0 0 0 0 0 0 0 1
program/191 1 1 1 0 1 1 1 0 1 1 0 1 1 1 0 0 1 1 0 1 0 1 1
program/81 1 1 1 1 1 1 1 1 1 1 1 1 1 0 1 1 1 1 1 0 1 1 1
program/80 1 0 1 1 0 1 0 1 1 0 1 0 1 0 1 1 1 1 1 0 1 1 1
program/83 1 1 0 0 1 1 1 0 1 1 0 1 1 0 0 0 1 1 0 0 0 1 0
program/82 0 0 1 1 0 0 0 1 0 0 1 0 0 0 1 1 0 0 1 0 1 0 1
program/85 0 0 0 1 0 0 0 1 0 0 1 0 0 1 1 1 0 0 1 1 1 0 0
program/84 1 1 1 1 1 1 1 1 1 1 1 1 1 0 1 1 1 1 1 0 1 1 1
program/87 1 1 1 1 1 1 1 1 1 1 1 1 1 1 1 1 1 1 1 1 1 1 1
program/86 1 1 0 0 1 1 1 0 1 1 0 1 1 1 0 0 1 1 0 1 0 1 0
program/2 1 1 1 1 1 1 1 1 1 1 1 1 1 1 1 1 1 1 1 1 1 1 1
program/3 1 1 1 1 1 1 1 1 1 1 1 1 1 1 1 1 1 1 1 1 1 1 1
program/266 0 0 0 1 0 0 0 0 0 0 0 0 0 0 1 0 0 0 0 0 1 0 0
program/5 1 1 1 1 1 1 1 1 1 1 1 1 1 1 1 1 1 1 1 1 1 1 1
program/8 1 0 0 0 0 1 0 0 1 0 0 0 1 1 0 0 1 1 0 1 0 1 0
program/9 1 1 0 0 1 1 1 0 1 1 0 1 1 0 0 0 1 1 0 0 0 1 0
program/267 0 0 0 1 0 0 0 0 0 0 0 0 0 0 1 0 0 0 0 0 1 0 0
program/195 1 1 1 1 1 1 1 1 1 1 1 1 1 1 1 1 1 1 1 1 1 1 1
program/196 1 1 1 1 1 1 1 1 1 1 1 1 1 1 1 1 1 1 1 1 1 1 1
program/197 1 1 1 1 1 1 1 1 1 1 1 1 1 1 1 1 1 1 1 1 1 1 1
