ktestSM MFI_KLEE_TOPDIR_TEST_TEMPLATE.sh-out/klee-out-0/test000001.ktest MFI_KLEE_TOPDIR_TEST_TEMPLATE.sh-out/klee-out-0/test000014.ktest MFI_KLEE_TOPDIR_TEST_TEMPLATE.sh-out/klee-out-0/test000006.ktest MFI_KLEE_TOPDIR_TEST_TEMPLATE.sh-out/klee-out-0/test000002.ktest MFI_KLEE_TOPDIR_TEST_TEMPLATE.sh-out/klee-out-0/test000007.ktest MFI_KLEE_TOPDIR_TEST_TEMPLATE.sh-out/klee-out-0/test000009.ktest MFI_KLEE_TOPDIR_TEST_TEMPLATE.sh-out/klee-out-0/test000011.ktest MFI_KLEE_TOPDIR_TEST_TEMPLATE.sh-out/klee-out-0/test000013.ktest MFI_KLEE_TOPDIR_TEST_TEMPLATE.sh-out/klee-out-0/test000003.ktest MFI_KLEE_TOPDIR_TEST_TEMPLATE.sh-out/klee-out-0/test000005.ktest MFI_KLEE_TOPDIR_TEST_TEMPLATE.sh-out/klee-out-0/test000004.ktest MFI_KLEE_TOPDIR_TEST_TEMPLATE.sh-out/klee-out-0/test000012.ktest MFI_KLEE_TOPDIR_TEST_TEMPLATE.sh-out/klee-out-0/test000008.ktest MFI_KLEE_TOPDIR_TEST_TEMPLATE.sh-out/klee-out-0/test000010.ktest heldout-input-pos1-out/Dev-out-0/devtest.ktest heldout-input-pos10-out/Dev-out-0/devtest.ktest heldout-input-pos11-out/Dev-out-0/devtest.ktest heldout-input-pos12-out/Dev-out-0/devtest.ktest heldout-input-pos13-out/Dev-out-0/devtest.ktest heldout-input-pos14-out/Dev-out-0/devtest.ktest heldout-input-pos15-out/Dev-out-0/devtest.ktest heldout-input-pos16-out/Dev-out-0/devtest.ktest heldout-input-pos17-out/Dev-out-0/devtest.ktest heldout-input-pos18-out/Dev-out-0/devtest.ktest heldout-input-pos19-out/Dev-out-0/devtest.ktest heldout-input-pos2-out/Dev-out-0/devtest.ktest heldout-input-pos20-out/Dev-out-0/devtest.ktest heldout-input-pos21-out/Dev-out-0/devtest.ktest heldout-input-pos22-out/Dev-out-0/devtest.ktest heldout-input-pos23-out/Dev-out-0/devtest.ktest heldout-input-pos24-out/Dev-out-0/devtest.ktest heldout-input-pos25-out/Dev-out-0/devtest.ktest heldout-input-pos26-out/Dev-out-0/devtest.ktest heldout-input-pos27-out/Dev-out-0/devtest.ktest heldout-input-pos28-out/Dev-out-0/devtest.ktest heldout-input-pos29-out/Dev-out-0/devtest.ktest heldout-input-pos3-out/Dev-out-0/devtest.ktest heldout-input-pos30-out/Dev-out-0/devtest.ktest heldout-input-pos31-out/Dev-out-0/devtest.ktest heldout-input-pos32-out/Dev-out-0/devtest.ktest heldout-input-pos4-out/Dev-out-0/devtest.ktest heldout-input-pos5-out/Dev-out-0/devtest.ktest heldout-input-pos6-out/Dev-out-0/devtest.ktest heldout-input-pos7-out/Dev-out-0/devtest.ktest heldout-input-pos8-out/Dev-out-0/devtest.ktest heldout-input-pos9-out/Dev-out-0/devtest.ktest input-neg1-out/Dev-out-0/devtest.ktest input-pos1-out/Dev-out-0/devtest.ktest input-pos2-out/Dev-out-0/devtest.ktest input-pos3-out/Dev-out-0/devtest.ktest
program/161 0 1 1 1 0 1 1 1 0 1 1 1 1 1 1 1 1 1 0 0 1 0 1 1 1 1 1 1 0 0 1 1 1 1 0 0 1 0 0 1 1 1 1 0 0 1 1 0 0 0
program/160 1 1 1 1 0 1 1 1 1 1 1 1 1 1 0 1 1 1 1 1 0 0 0 1 0 1 0 1 1 0 1 1 1 1 1 1 1 0 0 1 1 1 1 1 0 1 1 0 0 0
program/163 0 1 0 0 0 0 0 0 0 0 0 1 1 1 0 0 1 1 1 0 1 0 1 1 1 1 1 0 1 0 1 1 1 1 1 1 1 0 0 0 0 1 1 0 1 1 1 0 0 0
program/162 0 1 0 0 0 0 0 0 0 0 0 1 1 1 0 1 1 1 1 1 1 0 0 1 1 1 1 1 0 0 1 1 1 1 0 0 1 0 0 1 1 1 1 1 0 1 1 0 0 0
program/165 0 1 0 0 0 0 0 0 0 0 0 1 1 1 1 1 0 1 1 0 1 0 1 1 1 1 1 1 0 0 1 1 1 1 0 0 1 0 0 1 0 1 1 0 0 1 1 0 0 0
program/164 0 1 1 1 0 0 0 1 0 0 0 1 1 1 1 1 1 1 1 0 1 0 1 1 1 1 1 1 1 0 1 1 1 1 1 1 1 0 0 1 1 1 1 0 1 1 1 0 0 0
program/167 0 1 1 1 0 1 1 1 0 1 1 1 1 1 1 1 1 1 0 0 1 0 1 1 1 1 1 1 0 0 1 1 1 1 0 0 1 0 0 1 1 1 1 0 0 1 1 0 0 0
program/166 1 1 1 1 0 1 1 1 1 1 1 1 1 1 0 1 1 1 1 1 0 0 0 1 0 1 0 1 1 0 1 1 1 1 1 1 1 0 0 1 1 1 1 1 0 1 1 0 0 0
program/169 0 1 0 0 0 0 0 0 0 0 0 1 1 1 1 1 0 1 1 0 0 0 0 1 0 1 0 1 0 0 1 1 1 1 0 0 1 0 0 1 0 1 1 0 1 1 1 0 0 0
program/168 1 1 1 0 0 0 1 1 1 1 1 1 1 1 1 1 1 1 1 0 1 0 1 1 1 1 1 1 1 0 1 1 1 1 1 1 1 0 0 1 1 1 1 0 1 1 1 0 0 0
program/363 1 1 1 1 0 1 1 1 1 1 1 1 1 1 1 1 1 1 1 1 1 1 1 1 1 1 1 1 1 1 1 1 1 1 1 1 1 0 1 1 1 1 1 1 1 1 1 0 0 0
program/362 1 1 1 1 0 1 1 1 1 1 1 1 1 1 1 1 1 1 1 1 1 1 1 1 1 1 1 1 1 1 1 1 1 1 1 1 1 1 1 1 1 1 1 1 1 1 1 0 0 0
program/361 1 1 1 1 0 1 1 1 1 1 1 1 1 1 1 1 1 1 1 1 1 1 1 1 1 1 1 1 1 1 1 1 1 1 1 1 1 0 1 1 1 1 1 1 1 1 1 0 0 0
program/360 1 1 1 1 0 1 1 1 1 1 1 1 1 1 1 1 1 1 1 1 1 1 1 1 1 1 1 1 1 1 1 1 1 1 1 1 1 1 1 1 1 1 1 1 1 1 1 0 0 0
program/367 0 1 0 0 0 0 0 0 0 0 0 1 1 1 1 1 0 1 1 0 1 0 1 1 1 1 1 1 0 0 1 1 1 1 0 0 1 0 0 1 0 1 1 0 1 0 1 0 0 0
program/366 1 1 1 1 0 0 0 1 1 0 0 1 1 1 1 1 0 1 1 0 1 0 1 1 1 1 1 1 0 0 1 1 1 1 0 0 1 0 0 1 0 1 1 0 0 0 1 0 0 0
program/365 0 1 0 0 0 0 1 0 0 1 1 1 1 1 1 1 0 1 1 0 1 0 1 1 1 1 1 1 0 0 1 1 1 1 0 0 1 0 0 1 1 1 1 0 1 0 1 0 0 0
program/364 1 1 1 0 0 0 1 1 1 1 1 1 1 1 1 1 0 1 1 0 1 0 1 1 1 1 1 1 0 0 1 1 1 1 0 0 1 0 0 1 1 1 1 0 0 0 1 0 0 0
program/369 1 1 1 1 0 0 0 1 1 0 0 1 1 1 1 1 0 1 1 0 1 0 1 1 1 1 1 1 0 0 1 1 1 1 0 0 1 0 0 1 0 1 1 0 0 0 1 0 0 0
program/368 0 1 0 0 0 0 0 0 0 0 0 1 1 1 1 1 0 1 1 0 1 0 1 1 1 1 1 1 0 0 1 1 1 1 0 0 1 0 0 1 0 1 1 0 1 0 1 0 0 0
program/437 1 1 1 1 1 1 1 1 1 1 1 1 1 1 1 1 1 1 1 1 1 1 1 1 1 1 1 1 1 1 1 1 1 1 0 0 1 0 1 1 1 1 1 1 0 0 1 0 0 0
program/436 0 1 1 1 0 1 1 1 0 1 1 1 1 1 1 1 0 1 0 0 1 0 1 1 1 1 1 1 0 0 1 1 1 1 0 0 1 0 0 1 0 1 0 0 0 1 1 0 0 0
program/435 1 1 1 1 0 1 1 1 1 1 1 1 1 1 1 0 1 1 0 1 1 1 1 1 1 1 1 1 1 1 1 1 1 1 1 1 1 1 1 1 1 1 0 1 1 1 1 0 0 0
program/434 1 1 1 1 0 1 1 1 1 1 1 1 1 1 1 1 1 1 0 1 1 1 1 1 1 1 1 1 1 1 1 1 1 1 1 1 1 1 1 1 1 1 0 1 1 1 1 0 0 0
program/433 0 1 0 0 0 0 0 0 0 0 0 1 1 1 1 0 1 1 0 1 1 1 1 1 1 0 1 0 1 1 1 1 1 1 1 1 1 1 1 0 1 1 0 1 0 1 1 0 0 0
program/432 1 1 1 1 0 1 1 1 1 1 1 1 1 1 0 1 1 1 0 1 0 1 0 1 0 1 0 1 1 1 1 1 1 1 1 1 1 1 1 1 1 1 0 1 1 1 1 0 0 0
program/431 1 1 1 1 0 1 1 1 1 1 1 1 1 1 1 0 1 1 0 1 1 1 1 1 1 0 1 0 1 1 1 1 1 1 1 1 1 1 1 0 1 1 0 1 1 1 1 0 0 0
program/430 1 1 1 1 0 1 1 1 1 1 1 1 1 1 1 0 1 1 0 1 1 1 1 1 1 0 1 0 1 1 1 1 1 1 1 1 1 1 1 0 1 1 0 1 1 1 1 0 0 0
program/189 0 1 0 0 0 0 0 0 0 0 0 1 1 1 0 0 1 1 1 0 0 0 0 1 0 1 0 0 0 0 1 1 1 1 1 1 1 0 0 0 0 1 1 0 1 1 1 0 0 0
program/188 0 1 1 1 0 0 0 1 0 0 0 1 1 1 1 1 1 1 1 0 1 0 1 1 1 1 1 1 1 0 1 1 1 1 1 1 1 0 0 1 1 1 1 0 1 1 1 0 0 0
program/183 0 1 0 0 0 0 1 0 0 1 1 1 1 1 0 0 1 1 1 0 1 0 1 1 1 1 1 1 1 0 1 1 1 1 1 1 1 0 0 1 1 1 1 0 1 1 1 0 0 0
program/182 0 1 0 0 0 0 1 0 0 1 1 1 1 1 0 0 1 1 1 0 1 0 1 1 1 1 1 1 1 0 1 1 1 1 1 1 1 0 0 1 1 1 1 0 1 1 1 0 0 0
program/181 0 1 1 0 0 0 1 1 0 1 1 1 1 1 1 1 1 1 1 0 1 0 1 1 1 1 1 1 1 0 1 1 1 1 1 1 1 0 0 1 1 1 1 0 1 1 1 0 0 0
program/180 1 1 1 1 0 1 1 1 1 1 1 1 1 1 1 1 1 1 1 0 1 0 1 1 1 1 1 1 1 0 1 1 1 1 1 1 1 0 0 1 1 1 1 0 0 1 1 0 0 0
program/187 0 1 0 0 0 0 0 0 0 0 0 1 1 1 0 0 1 1 1 0 1 0 1 1 1 1 1 0 1 0 1 1 1 1 1 1 1 0 0 0 0 1 1 0 1 1 1 0 0 0
program/186 0 1 0 0 0 0 0 0 0 0 0 1 1 1 0 0 1 1 1 0 1 0 1 1 1 1 1 0 1 0 1 1 1 1 1 1 1 0 0 0 0 1 1 0 1 1 1 0 0 0
program/185 0 1 1 1 0 0 0 1 0 0 0 1 1 1 1 1 1 1 1 0 1 0 1 1 1 1 1 1 1 0 1 1 1 1 1 1 1 0 0 1 1 1 1 0 1 1 1 0 0 0
program/184 0 1 1 0 0 0 1 1 0 1 1 1 1 1 1 1 1 1 1 0 1 0 1 1 1 1 1 1 1 0 1 1 1 1 1 1 1 0 0 1 1 1 1 0 1 1 1 0 0 0
program/82 0 1 1 1 1 1 1 1 0 1 1 1 1 1 0 0 0 0 0 0 0 0 0 1 0 0 0 0 0 0 1 1 1 1 0 0 0 0 0 0 0 1 0 0 0 1 0 0 0 0
program/222 1 1 1 1 0 1 1 1 1 1 1 1 1 1 0 1 1 1 1 1 0 0 0 1 0 1 0 1 1 0 1 1 1 1 1 1 1 0 0 1 1 1 1 1 0 1 1 0 0 0
program/223 1 1 1 1 0 1 1 1 1 1 1 1 1 1 1 1 1 1 1 0 1 0 1 1 1 1 1 1 0 0 1 1 1 1 0 0 1 0 0 1 1 1 1 0 0 1 1 0 0 0
program/220 0 1 0 0 0 0 0 0 0 0 0 1 1 1 1 1 1 1 0 0 1 0 1 1 1 1 1 1 0 0 1 1 1 1 0 0 1 0 0 1 1 1 0 0 1 1 1 0 0 0
program/221 0 1 0 0 0 0 0 0 0 0 0 1 1 1 0 0 1 1 0 0 1 0 1 1 1 1 1 1 0 0 1 1 1 1 0 0 1 0 0 1 0 1 0 0 1 1 1 0 0 0
program/226 0 1 0 0 0 0 0 0 0 0 0 1 1 1 1 1 1 1 0 0 1 0 1 1 1 1 1 1 0 0 1 1 1 1 0 0 1 0 0 1 1 1 0 0 1 1 1 0 0 0
program/227 0 1 0 0 0 0 0 0 0 0 0 1 1 1 1 1 0 1 1 0 1 0 1 1 1 1 1 1 0 0 1 1 1 1 0 0 1 0 0 1 0 1 1 0 0 1 1 0 0 0
program/224 0 1 0 0 0 0 0 0 0 0 0 1 1 1 0 1 1 1 1 0 1 0 0 1 0 1 1 1 1 0 1 1 1 1 0 0 1 0 0 1 1 1 1 0 0 1 1 0 0 0
program/225 0 1 0 0 0 0 0 0 0 0 0 1 1 1 0 0 1 1 0 0 1 0 1 1 1 1 1 1 0 0 1 1 1 1 0 0 1 0 0 1 0 1 0 0 1 1 1 0 0 0
program/228 1 1 1 1 0 1 1 1 1 1 1 1 1 1 0 1 1 1 1 1 0 0 0 1 0 1 0 1 1 0 1 1 1 1 1 1 1 0 0 1 1 1 1 1 0 1 1 0 0 0
program/229 1 1 1 1 0 1 1 1 1 1 1 1 1 1 1 1 1 1 1 0 1 0 1 1 1 1 1 1 0 0 1 1 1 1 0 0 1 0 0 1 1 1 1 0 0 1 1 0 0 0
program/329 1 1 1 1 0 1 1 1 1 1 1 1 1 1 1 1 1 1 1 0 1 0 1 1 1 1 1 1 1 0 1 1 1 1 1 1 1 0 0 1 1 1 1 0 1 1 1 0 0 0
program/328 1 1 1 1 0 1 1 1 1 1 1 1 1 1 1 1 1 1 1 0 1 0 1 1 1 1 1 1 0 0 1 1 1 1 0 0 1 0 0 1 1 1 1 0 1 1 1 0 0 0
program/327 0 1 1 1 0 1 1 1 0 1 1 1 1 1 1 1 1 1 1 1 1 1 1 1 1 1 1 1 1 1 1 1 1 1 1 1 1 1 1 1 1 1 1 1 1 1 1 0 0 0
program/326 1 1 1 1 0 1 1 1 1 1 1 1 1 1 1 1 1 1 1 1 1 1 1 1 1 1 1 1 1 1 1 1 1 1 1 1 1 1 1 1 0 1 1 1 0 1 1 0 0 0
program/325 0 1 0 0 0 0 1 0 0 1 1 0 1 0 1 1 1 1 1 1 1 1 1 1 1 1 1 1 1 1 1 1 1 1 1 1 1 1 1 1 1 1 1 1 1 1 1 0 0 0
program/324 1 1 1 0 0 0 1 1 1 1 1 1 1 1 1 1 0 1 1 1 1 1 1 1 1 1 1 1 1 1 1 1 1 1 1 1 1 0 0 1 1 1 1 1 1 1 1 0 0 0
program/323 0 0 0 0 0 0 0 0 0 0 0 0 0 0 1 1 1 1 0 1 1 1 1 1 1 1 1 1 1 1 1 1 1 1 0 1 0 0 1 1 1 1 0 1 1 0 0 0 0 0
program/322 1 1 1 1 0 0 0 1 1 0 0 1 1 1 0 0 1 0 0 1 1 1 0 0 0 0 0 1 1 1 1 1 0 0 1 1 1 1 0 1 1 0 0 1 1 1 1 0 0 0
program/321 0 1 0 0 0 0 1 0 0 1 1 0 1 0 1 1 1 1 1 1 1 1 1 1 1 1 1 1 1 1 1 1 1 1 0 1 1 0 1 1 1 1 1 1 1 0 1 0 0 0
program/320 1 1 1 0 0 0 1 1 1 1 1 1 1 1 1 1 1 1 1 1 1 1 1 1 1 1 1 1 1 1 1 1 1 1 1 1 1 1 0 1 1 1 1 1 1 1 1 0 0 0
program/45 1 1 1 1 1 1 1 1 1 1 1 1 1 1 1 1 1 1 1 1 1 1 1 1 1 1 1 1 1 1 1 1 1 1 1 1 1 1 1 1 1 1 1 1 1 1 1 0 0 0
program/44 0 1 1 1 1 1 1 1 1 1 1 1 1 1 1 1 0 1 1 1 1 1 1 1 1 1 1 1 1 1 1 1 1 1 1 1 1 1 0 1 0 1 1 1 0 1 1 0 0 0
program/47 1 1 1 1 1 1 1 1 1 1 1 1 1 1 1 1 1 1 1 1 1 1 1 1 1 1 1 1 1 1 1 1 1 1 1 1 1 1 1 1 1 1 1 1 1 1 1 0 0 0
program/46 1 1 1 1 1 1 1 1 1 1 1 1 1 1 1 1 1 1 1 1 1 1 1 1 1 1 1 1 1 1 1 1 1 1 1 1 1 1 1 1 1 1 1 1 1 1 1 0 0 0
program/43 0 1 1 1 1 1 1 1 1 1 1 1 0 1 1 1 0 1 1 1 1 1 1 1 1 1 1 1 0 1 1 1 1 1 0 1 1 0 0 1 0 1 1 1 1 1 1 0 0 0
program/139 0 1 1 0 0 0 1 1 0 1 1 1 1 1 1 1 0 1 1 0 1 0 1 1 1 1 1 1 0 0 1 1 1 1 0 0 1 0 0 1 0 1 1 0 0 1 1 0 0 0
program/133 0 1 0 0 0 0 0 0 0 0 0 0 0 0 0 0 0 0 0 0 0 0 0 0 0 0 0 0 0 0 0 0 0 0 0 0 0 0 0 0 0 0 0 0 0 0 0 0 0 0
program/130 0 1 1 0 0 0 1 1 0 1 1 1 1 1 1 1 0 1 1 0 1 0 1 1 1 1 1 1 0 0 1 1 1 1 0 0 1 0 0 1 0 1 1 0 0 1 1 0 0 0
program/131 0 1 0 0 0 0 0 0 0 0 0 0 0 0 0 0 0 0 0 0 0 0 0 0 0 0 0 0 0 0 0 0 0 0 0 0 0 0 0 0 0 0 0 0 0 0 0 0 0 0
program/136 0 1 1 0 0 0 1 1 0 1 1 1 1 1 1 1 0 1 1 0 1 0 1 1 1 1 1 1 0 0 1 1 1 1 0 0 1 0 0 1 0 1 1 0 0 1 1 0 0 0
program/137 0 1 1 0 0 0 1 1 1 1 1 1 1 1 1 1 0 1 1 0 1 0 1 1 1 1 1 1 0 0 1 1 1 1 0 0 1 0 0 1 0 1 1 0 0 1 1 0 0 0
program/134 0 1 1 1 0 1 1 1 1 1 1 1 0 1 0 0 0 0 0 0 0 0 0 0 0 0 0 0 0 0 0 0 0 0 0 0 0 0 0 0 0 0 0 0 0 0 0 0 0 0
program/268 1 1 1 1 0 1 1 1 1 1 1 1 1 1 1 1 1 1 1 1 1 1 1 1 1 1 1 1 1 1 1 1 1 1 1 1 1 1 1 1 1 1 1 1 1 1 1 0 0 0
program/269 1 1 1 1 0 1 1 1 1 1 1 1 1 1 1 1 1 1 1 1 1 1 1 1 1 1 1 1 1 1 1 1 1 1 1 1 1 1 1 1 1 1 1 1 1 1 1 0 0 0
program/266 1 1 1 1 0 1 1 1 1 1 1 1 1 1 0 0 1 1 1 0 0 0 0 1 0 1 0 1 0 0 1 1 1 1 1 1 1 1 0 1 1 1 1 0 1 1 1 0 0 0
program/267 1 1 1 1 0 1 1 1 1 1 1 1 1 1 0 1 0 1 1 0 0 0 0 1 0 1 0 1 0 0 1 1 1 1 1 1 1 1 0 1 1 1 0 0 1 1 1 0 0 0
program/264 1 1 1 1 0 1 1 1 1 1 1 1 1 1 0 0 0 0 1 0 1 0 0 1 1 1 1 1 1 0 1 1 1 1 0 1 1 0 0 1 0 0 1 0 0 1 1 0 0 0
program/265 0 1 1 0 0 0 1 1 0 1 1 1 1 1 0 1 0 1 1 0 1 0 1 1 1 1 1 1 0 0 1 1 1 1 0 0 1 1 0 1 0 1 1 0 1 1 1 0 0 0
program/260 1 1 1 1 0 1 1 1 1 1 1 1 1 1 1 1 1 1 1 1 1 1 1 1 1 1 1 1 1 1 1 1 1 1 1 1 1 1 1 1 1 1 1 1 1 1 1 0 0 0
program/461 1 0 1 1 1 0 0 1 1 0 0 1 0 1 0 0 1 0 0 1 0 1 0 0 0 0 0 0 1 1 0 0 0 0 0 0 0 0 1 0 1 0 0 1 0 0 0 0 0 0
program/462 1 0 1 1 1 0 0 1 1 0 0 1 0 1 0 0 1 0 0 1 0 1 0 0 0 0 0 0 1 1 0 0 0 0 0 0 0 0 1 0 1 0 0 1 0 0 0 0 0 0
program/464 1 0 1 1 1 0 0 1 1 0 0 1 0 1 0 0 1 0 0 1 0 1 0 0 0 0 0 0 1 1 0 0 0 0 0 0 0 0 1 0 1 0 0 1 0 0 0 0 0 0
program/465 1 1 1 1 1 1 1 1 1 1 1 1 1 1 1 1 1 1 1 1 1 1 1 1 1 1 1 1 1 1 1 1 1 1 0 0 1 0 1 1 1 1 1 1 0 0 1 0 0 0
program/466 1 1 1 1 1 1 1 1 1 1 1 1 1 1 1 1 1 1 1 1 1 1 1 1 1 1 1 1 1 1 1 1 1 1 0 0 1 0 1 1 1 1 1 1 0 0 1 0 0 0
program/467 1 1 1 1 1 1 1 1 1 1 1 1 1 1 1 1 1 1 1 1 1 1 1 1 1 1 1 1 1 1 1 1 1 1 0 0 1 0 1 1 1 1 1 1 0 0 1 0 0 0
program/34 0 1 1 1 1 1 1 1 1 1 1 1 1 1 1 1 1 1 1 0 1 1 1 1 1 1 1 1 0 0 1 1 1 1 0 0 1 0 1 1 1 1 1 0 1 1 1 0 0 0
program/35 0 1 1 0 1 1 1 1 1 1 1 1 1 1 1 1 0 1 1 1 1 1 1 1 1 1 1 1 0 1 1 1 1 1 1 1 1 1 0 1 0 1 1 0 0 1 1 0 0 0
program/36 1 1 1 1 1 1 1 1 1 1 1 1 1 1 1 1 1 1 1 1 1 1 1 1 1 1 1 1 1 1 1 1 1 1 1 1 1 1 1 1 1 1 1 1 1 1 1 0 0 0
program/37 1 1 1 1 1 1 1 1 1 1 1 1 1 1 0 1 1 1 1 1 1 1 1 1 1 1 1 1 1 1 1 1 1 1 1 1 1 1 1 1 1 1 1 1 1 1 1 0 0 0
program/30 1 1 1 1 1 1 1 1 1 1 1 1 1 1 1 1 1 1 1 1 1 1 1 1 1 1 1 1 1 1 1 1 1 1 1 1 1 1 1 1 1 1 1 1 1 1 1 0 0 0
program/31 1 1 1 1 1 1 1 1 1 1 1 1 1 1 1 1 1 1 1 1 1 1 1 1 1 1 1 1 1 1 1 1 1 1 1 1 1 1 1 1 1 1 1 1 1 1 1 0 0 0
program/32 1 1 1 1 1 1 1 1 1 1 1 1 1 1 1 1 1 1 1 1 1 1 1 1 1 1 1 1 1 1 1 1 1 1 1 1 1 1 1 1 1 1 1 1 1 1 1 0 0 0
program/33 1 1 1 1 1 1 1 1 1 1 1 1 1 1 1 1 1 1 1 0 1 0 1 1 1 1 1 1 0 0 1 1 1 1 1 0 1 0 0 1 0 1 1 0 0 1 1 0 0 0
program/38 1 1 1 1 1 1 1 1 1 1 1 1 1 1 1 1 1 1 1 1 1 1 1 1 1 1 1 1 1 1 1 1 1 1 1 1 1 1 1 1 1 1 1 1 1 1 1 0 0 0
program/39 1 1 1 1 1 1 1 1 1 1 1 1 1 1 1 1 1 1 1 1 1 1 1 1 1 1 1 1 1 1 1 1 1 1 1 1 1 1 1 1 1 1 1 1 1 1 1 0 0 0
program/219 1 1 1 0 0 0 1 1 1 1 1 1 1 1 1 1 1 1 1 0 1 0 1 1 1 1 1 1 0 0 1 1 1 1 0 0 1 0 0 1 1 1 1 0 1 1 1 0 0 0
program/218 1 1 1 0 0 0 1 1 1 1 1 1 1 1 0 0 1 1 1 0 1 0 1 1 1 1 1 1 0 0 1 1 1 1 0 0 1 0 0 1 1 1 1 0 1 1 1 0 0 0
program/213 1 1 1 1 0 1 1 1 1 1 1 1 1 1 1 1 1 0 1 1 1 1 1 1 1 1 1 1 1 1 1 1 1 1 1 1 0 1 1 1 1 1 1 1 1 1 0 0 0 0
program/212 0 1 0 0 0 0 0 0 0 0 0 1 1 1 1 1 1 1 1 1 1 0 1 1 1 1 1 1 0 0 1 1 1 1 0 0 1 0 0 1 1 1 1 1 0 1 1 0 0 0
program/211 0 1 0 0 0 0 0 0 0 0 0 1 1 1 0 1 0 1 0 0 1 0 0 1 0 0 1 1 0 0 1 1 1 1 0 0 1 0 0 1 0 1 0 0 0 1 1 0 0 0
program/210 1 1 1 1 0 1 1 1 1 1 1 1 1 1 1 1 1 1 1 0 1 0 1 1 1 1 1 1 0 0 1 1 1 1 0 0 1 0 0 1 1 1 1 0 0 1 1 0 0 0
program/217 1 1 1 0 0 0 1 1 1 1 1 1 1 1 0 0 1 1 1 0 1 0 1 1 1 1 1 1 0 0 1 1 1 1 0 0 1 0 0 1 1 1 1 0 1 1 1 0 0 0
program/216 1 1 1 0 0 0 1 1 1 1 1 1 1 1 1 1 1 1 1 0 1 0 1 1 1 1 1 1 0 0 1 1 1 1 0 0 1 0 0 1 1 1 1 0 1 1 1 0 0 0
program/215 0 1 0 0 0 0 0 0 0 0 0 1 1 1 0 0 1 1 0 0 1 0 1 1 1 1 1 1 0 0 1 1 1 1 0 0 1 0 0 1 0 1 0 0 1 1 1 0 0 0
program/214 1 1 1 1 0 1 1 1 1 1 1 1 1 1 1 1 1 1 1 0 1 0 1 1 1 1 1 1 0 0 1 1 1 1 0 0 1 0 0 1 1 1 1 0 1 1 1 0 0 0
program/176 1 1 1 1 0 1 1 1 1 1 1 1 1 1 1 1 1 1 1 1 1 1 1 1 1 1 1 1 1 1 1 1 1 1 1 1 1 1 1 1 1 1 1 1 1 1 1 0 0 0
program/177 1 1 1 1 0 1 1 1 1 1 1 1 1 1 1 1 1 1 1 1 1 1 1 1 1 1 1 1 1 1 1 1 0 1 1 1 1 1 1 1 1 1 1 1 1 1 1 0 0 0
program/174 0 1 0 0 0 0 0 0 0 0 0 1 1 1 0 0 1 1 1 0 0 0 0 1 0 1 0 0 0 0 1 1 1 1 1 1 1 0 0 0 0 1 1 0 1 1 1 0 0 0
program/175 1 1 1 1 0 0 0 1 0 0 0 1 1 1 1 1 1 1 1 0 1 0 1 1 1 1 1 1 1 0 1 1 1 1 1 1 1 0 0 1 1 1 1 0 0 1 1 0 0 0
program/172 1 1 1 0 0 0 1 1 1 1 1 1 1 1 1 1 0 1 1 0 1 0 1 1 1 1 1 1 0 0 1 1 1 1 1 0 1 0 0 1 0 1 1 0 1 1 1 0 0 0
program/173 0 1 1 0 0 0 1 1 0 1 1 1 1 1 1 1 0 1 1 0 1 0 1 1 1 1 1 1 1 0 1 1 1 1 1 0 1 0 0 1 0 1 1 0 1 1 1 0 0 0
program/170 1 1 1 1 0 0 0 1 0 0 0 1 1 1 1 1 1 1 1 0 1 0 1 1 1 1 1 1 0 0 1 1 1 1 0 0 1 1 0 1 1 1 1 0 0 1 1 0 0 0
program/171 1 1 1 1 0 0 0 1 1 0 0 1 1 1 1 1 1 1 1 0 1 0 1 1 1 1 1 1 0 0 1 1 1 1 0 0 1 0 0 1 1 1 1 0 0 1 1 0 0 0
program/178 1 1 1 1 0 1 1 1 1 1 1 1 1 1 1 0 1 1 0 0 1 0 1 1 1 1 1 0 0 0 1 1 1 1 0 0 1 0 0 0 1 1 1 0 0 1 1 0 0 0
program/179 1 1 1 1 0 1 1 1 1 1 1 1 1 1 1 1 1 0 0 1 1 1 1 1 1 1 1 1 1 1 1 1 1 1 1 1 1 1 1 1 1 1 1 1 1 1 1 0 0 0
program/370 0 1 0 0 0 0 1 0 0 1 1 1 1 1 1 1 0 1 1 0 1 0 1 1 1 1 1 1 0 0 1 1 1 1 0 0 1 0 0 1 1 1 1 0 1 0 1 0 0 0
program/371 1 1 1 0 0 0 1 1 1 1 1 1 1 1 1 1 0 1 1 0 1 0 1 1 1 1 1 1 0 0 1 1 1 1 0 0 1 0 0 1 1 1 1 0 0 0 1 0 0 0
program/372 0 1 0 0 0 0 0 0 0 0 0 1 1 1 1 1 0 1 0 0 1 0 1 1 1 1 1 1 0 0 1 1 1 1 0 0 1 0 0 1 0 1 0 0 1 0 1 0 0 0
program/373 1 1 1 1 0 0 0 1 1 0 0 1 1 1 1 1 0 1 1 0 1 0 1 1 1 1 1 0 0 0 1 1 1 1 0 0 1 0 0 0 0 1 1 0 1 1 1 0 0 0
program/374 1 1 1 1 0 1 1 1 1 1 1 1 1 1 1 1 1 1 1 1 1 1 1 1 1 1 1 1 1 1 1 1 1 1 1 1 1 1 1 1 1 1 1 1 1 1 1 0 0 0
program/375 1 1 1 1 0 1 1 1 1 1 1 1 1 1 1 1 1 1 1 1 1 1 1 1 1 1 1 1 1 1 1 1 1 1 1 1 1 0 1 1 1 1 1 1 1 1 1 0 0 0
program/376 0 1 0 0 0 1 1 0 0 1 1 0 1 0 1 1 0 1 1 0 1 0 1 1 1 1 1 1 0 0 1 1 1 1 0 0 1 0 0 1 0 1 1 0 0 0 1 0 0 0
program/377 0 1 0 0 0 1 1 0 0 1 1 0 1 0 1 1 0 1 1 0 1 0 1 1 1 1 1 1 0 0 1 1 1 1 0 0 1 0 0 1 0 1 1 0 0 0 1 0 0 0
program/378 0 1 0 0 0 1 1 0 0 1 1 0 1 0 1 1 0 1 1 0 1 0 1 1 1 1 1 1 0 0 1 1 1 1 0 0 1 0 0 1 0 1 1 0 0 0 1 0 0 0
program/103 0 1 1 1 1 1 1 1 0 1 1 1 1 1 1 1 0 1 1 0 1 0 1 1 1 1 1 1 0 0 1 1 1 1 0 0 1 0 0 1 0 1 1 0 0 1 1 0 0 0
program/102 0 1 1 0 1 1 1 1 0 1 1 1 1 1 1 1 0 1 1 0 1 0 1 1 1 1 1 1 0 0 1 1 1 1 0 0 1 0 0 1 0 1 1 0 0 1 1 0 0 0
program/101 0 1 1 0 1 0 1 1 0 1 1 1 1 1 1 1 0 1 1 0 1 0 1 1 1 1 1 1 0 0 1 1 1 1 0 0 1 0 0 1 0 1 1 0 0 1 1 0 0 0
program/100 0 0 1 0 1 0 1 1 0 1 1 1 0 1 1 0 0 0 0 0 1 0 1 0 1 0 1 0 0 0 0 0 0 0 0 0 0 0 0 0 0 0 0 0 0 0 0 0 0 0
program/107 0 0 1 0 0 0 1 1 1 1 1 1 0 1 1 0 0 0 0 0 1 0 1 0 1 0 1 0 0 0 0 0 0 0 0 0 0 0 0 0 0 0 0 0 0 0 0 0 0 0
program/106 1 0 1 0 0 0 1 1 1 1 1 1 0 1 1 0 0 0 0 0 1 0 1 0 1 0 1 0 0 0 0 0 0 0 0 0 0 0 0 0 0 0 0 0 0 0 0 0 0 0
program/105 0 1 1 0 1 0 1 1 0 1 1 1 1 1 1 1 0 1 1 0 1 0 1 1 1 1 1 1 0 0 1 1 1 1 0 0 1 0 0 1 0 1 1 0 0 1 1 0 0 0
program/109 1 0 1 0 1 0 1 1 1 1 1 1 0 1 1 0 0 0 0 0 1 0 1 0 1 0 1 0 0 0 0 0 0 0 0 0 0 0 0 0 0 0 0 0 0 0 0 0 0 0
program/108 0 1 1 0 1 0 1 1 0 1 1 1 1 1 1 1 0 1 1 0 1 0 1 1 1 1 1 1 0 0 1 1 1 1 0 0 1 0 0 1 0 1 1 0 0 1 1 0 0 0
program/424 1 1 1 1 0 1 1 1 1 1 1 1 1 1 0 1 1 1 0 1 0 1 0 1 0 1 0 1 1 1 1 1 1 1 1 1 1 1 1 1 1 1 0 1 1 1 1 0 0 0
program/425 1 1 1 1 0 1 1 1 1 1 1 1 1 1 0 1 1 1 0 1 0 1 0 1 0 1 0 1 1 1 1 1 1 1 1 1 1 1 1 1 1 1 0 1 1 1 1 0 0 0
program/426 0 1 1 1 0 1 1 1 0 1 1 1 1 1 1 1 0 1 0 0 1 0 1 1 1 1 1 1 0 0 1 1 1 1 0 0 1 0 1 1 1 1 0 0 0 1 1 0 0 0
program/427 1 1 1 1 0 1 1 1 1 1 1 1 1 1 0 1 1 1 0 1 0 1 0 1 0 1 0 1 1 1 1 1 1 1 1 1 1 1 1 1 1 1 0 1 1 1 1 0 0 0
program/420 1 1 1 1 0 1 1 1 1 1 1 1 1 1 1 1 1 1 0 1 1 1 1 1 1 1 1 1 1 1 1 1 1 1 1 1 1 1 1 1 1 1 0 1 1 1 1 0 0 0
program/421 1 1 1 1 0 1 1 1 1 1 1 1 1 1 0 1 1 1 0 1 0 1 0 1 0 1 0 1 1 1 1 1 1 1 1 1 1 1 1 1 1 1 0 1 1 1 1 0 0 0
program/422 0 1 0 0 0 0 0 0 0 0 0 1 1 1 1 1 0 1 0 0 1 0 1 1 1 1 1 1 0 0 1 1 1 1 0 0 1 0 0 1 0 1 0 0 0 1 1 0 0 0
program/423 1 1 1 1 0 1 1 1 1 1 1 1 1 1 1 0 1 1 0 1 1 1 1 1 1 0 1 0 1 1 1 1 1 1 1 1 1 1 1 0 1 1 0 1 1 1 1 0 0 0
program/428 1 1 1 1 0 1 1 1 1 1 1 1 1 1 1 1 1 1 0 1 1 1 1 1 1 1 1 1 1 1 1 1 1 1 1 1 1 1 0 1 0 1 0 1 1 1 1 0 0 0
program/429 1 1 1 1 0 1 1 1 1 1 1 1 1 1 0 1 1 1 0 1 0 1 0 1 0 1 0 1 1 1 1 1 1 1 1 1 1 1 1 1 1 1 0 1 1 1 1 0 0 0
program/92 1 1 1 1 1 1 1 1 1 1 1 1 0 1 1 0 1 0 0 1 1 1 1 0 1 0 1 0 1 1 0 0 0 0 1 1 0 1 1 0 1 0 0 1 1 0 0 0 0 0
program/190 0 1 1 1 0 0 0 1 0 0 0 1 1 1 1 1 1 1 1 0 1 0 1 1 1 1 1 1 1 0 1 1 1 1 1 1 1 0 0 1 1 1 1 0 0 1 1 0 0 0
program/191 1 1 1 1 0 1 1 1 1 1 1 1 1 1 1 1 1 1 1 1 1 1 1 1 1 1 1 1 1 1 1 1 0 1 1 1 1 1 1 1 1 1 1 1 1 1 1 0 0 0
program/192 1 1 1 1 0 1 1 1 1 1 1 1 1 1 1 0 1 1 0 0 1 0 1 1 1 1 1 0 0 0 1 1 1 1 0 0 1 0 0 0 1 1 1 0 0 1 1 0 0 0
program/193 0 1 1 1 0 1 1 1 0 1 1 1 1 1 1 1 1 1 0 0 1 0 1 1 1 1 1 1 0 0 1 1 1 1 0 0 1 0 0 1 1 1 1 0 0 1 1 0 0 0
program/194 1 1 1 1 0 1 1 1 1 1 1 1 1 1 1 1 1 1 1 1 1 1 1 1 1 1 1 1 1 1 1 1 1 1 1 1 1 1 1 1 1 1 1 1 1 1 1 0 0 0
program/195 1 1 1 1 0 1 1 1 1 1 1 1 1 1 1 1 1 1 1 1 1 1 1 1 1 1 1 1 1 1 1 1 1 1 1 1 1 1 1 1 1 1 1 1 1 1 1 0 0 0
program/196 1 1 1 1 0 1 1 1 1 1 1 1 1 1 1 1 1 1 1 1 1 1 1 1 1 1 1 1 1 1 1 1 1 1 1 1 1 1 1 1 1 1 1 1 1 1 1 0 0 0
program/197 1 1 1 1 0 1 1 1 1 1 1 1 1 1 1 1 1 1 1 1 1 1 1 1 1 1 1 1 1 1 1 1 1 1 1 1 1 1 1 1 1 1 1 1 1 1 1 0 0 0
program/93 1 1 1 1 1 1 1 1 1 1 1 1 0 1 1 0 1 0 0 1 1 1 1 0 1 0 1 0 1 1 0 0 0 0 1 1 0 1 1 0 1 0 0 1 1 0 0 0 0 0
program/81 0 1 1 1 1 1 1 1 1 1 1 1 1 1 1 1 0 1 1 1 1 1 1 1 1 1 1 1 0 1 1 1 1 1 0 1 1 0 0 1 0 1 1 1 1 1 1 0 0 0
program/80 1 1 1 1 1 1 1 1 1 1 1 1 1 1 1 1 1 1 1 1 1 1 1 1 1 1 1 1 1 1 1 1 1 1 1 1 1 1 1 1 1 1 1 1 1 1 1 0 0 0
program/83 1 1 1 1 1 1 1 1 1 1 1 1 1 1 1 1 1 1 1 1 1 1 1 1 1 1 1 1 1 1 1 1 1 1 1 1 1 1 1 1 1 1 1 1 1 1 1 0 0 0
program/257 1 1 1 1 0 1 1 1 1 1 1 1 1 1 1 1 1 1 1 1 1 1 1 1 1 1 1 1 1 1 1 1 1 1 1 1 1 1 1 1 1 1 1 1 1 1 1 0 0 0
program/256 1 1 1 1 0 1 1 1 1 1 1 1 1 1 1 1 1 1 1 0 1 0 1 1 1 1 1 1 0 0 1 1 1 1 0 0 1 0 0 1 1 1 1 0 0 1 1 0 0 0
program/255 1 1 1 1 0 1 1 1 1 1 1 1 1 1 1 0 1 1 0 0 1 0 1 1 1 1 1 1 0 0 1 1 1 1 0 0 1 0 0 1 1 1 0 0 0 1 1 0 0 0
program/254 1 1 1 1 0 1 1 1 1 1 1 1 1 1 1 1 1 1 0 1 1 1 1 0 1 1 1 1 1 1 1 1 0 1 1 1 1 1 1 1 1 1 0 1 1 0 1 0 0 0
program/253 0 1 0 0 0 0 0 0 0 0 0 1 1 1 1 1 1 1 0 0 1 0 1 1 1 1 1 1 0 0 1 1 1 1 0 0 1 0 0 1 1 1 0 0 0 1 1 0 0 0
program/252 0 1 0 0 0 0 0 0 0 0 0 1 1 0 0 0 1 1 0 0 0 0 0 1 0 1 0 1 0 0 1 1 1 1 0 0 1 0 0 1 0 1 0 0 1 1 1 0 0 0
program/251 0 1 0 0 0 0 0 0 0 0 0 1 1 1 1 1 1 1 0 0 1 0 1 1 1 1 1 1 0 0 1 1 1 1 0 0 1 0 0 1 1 1 0 0 1 1 1 0 0 0
program/250 0 1 0 0 0 0 0 0 0 0 0 1 1 1 0 0 1 1 0 0 1 0 1 1 1 1 1 1 0 0 1 1 1 1 0 0 1 0 0 1 0 1 0 0 1 1 1 0 0 0
program/85 1 1 1 1 1 0 1 1 0 1 1 1 1 1 1 1 0 1 1 1 1 0 1 1 1 1 1 1 0 0 0 1 1 0 1 0 0 0 0 1 1 0 1 0 0 0 1 0 0 0
program/259 1 1 1 1 0 1 1 1 1 1 1 1 1 1 1 1 1 1 1 1 1 1 1 1 1 1 1 1 1 1 1 1 1 1 1 1 1 1 1 1 1 1 1 1 1 1 1 0 0 0
program/258 1 1 1 1 0 1 1 1 1 1 1 1 1 1 1 1 1 1 1 1 1 1 1 1 1 1 1 1 1 1 1 1 1 1 1 1 1 1 1 1 1 1 1 1 1 1 1 0 0 0
program/87 0 0 0 0 1 0 0 0 0 0 0 0 0 0 0 0 0 0 0 0 0 0 0 0 0 0 0 0 0 0 0 0 0 0 0 0 0 0 0 0 0 0 0 0 0 0 0 0 0 0
program/86 1 1 1 1 1 1 1 1 1 1 1 1 1 1 1 1 1 1 1 1 1 1 1 1 1 1 1 1 1 1 1 1 1 1 1 1 1 1 1 1 1 1 1 1 1 1 1 0 0 0
program/338 0 1 0 0 0 0 0 0 0 0 0 0 1 0 1 1 0 1 1 0 1 0 1 1 1 1 1 1 0 0 1 1 1 1 0 0 1 0 0 1 0 1 1 0 1 0 1 0 0 0
program/339 1 1 1 0 0 0 1 1 0 1 1 0 1 0 1 1 0 1 1 0 1 0 1 1 1 1 1 1 0 0 1 1 1 1 0 0 1 0 0 1 1 1 1 0 1 0 1 0 0 0
program/334 0 1 0 0 0 0 0 0 0 0 0 0 1 0 1 1 0 1 0 0 0 0 1 0 1 1 0 0 0 0 1 1 1 1 0 0 1 0 0 0 0 1 0 0 0 0 1 0 0 0
program/335 1 1 1 1 0 0 0 1 1 0 0 1 1 1 1 1 0 0 1 1 1 1 1 1 1 1 1 1 0 0 1 1 1 1 0 0 1 0 0 1 1 1 1 0 0 0 1 0 0 0
program/336 1 1 1 1 0 1 1 1 1 1 1 1 1 1 1 1 1 1 1 1 1 1 1 1 1 1 1 1 1 1 1 1 1 1 1 1 1 1 1 1 1 1 1 1 1 1 1 0 0 0
program/337 1 1 1 1 0 1 1 1 1 1 1 1 1 1 1 1 1 1 1 1 1 1 1 1 1 1 1 1 1 1 1 1 1 1 1 1 1 0 1 1 1 1 1 1 1 1 1 0 0 0
program/330 0 1 0 0 0 0 0 0 0 0 0 0 1 0 1 1 0 1 0 0 1 0 1 1 1 1 1 1 0 0 1 1 1 1 0 0 1 0 0 1 0 1 0 0 0 0 1 0 0 0
program/331 0 1 0 0 0 0 0 0 0 0 0 0 1 0 1 1 0 1 1 0 1 0 1 1 1 1 1 1 0 0 1 1 1 1 0 0 1 0 0 1 0 1 1 0 0 0 1 0 0 0
program/332 1 1 1 1 0 1 1 1 1 1 1 1 1 1 1 1 0 1 1 0 1 0 1 1 1 1 1 1 0 0 1 1 1 1 1 0 0 0 0 1 0 1 1 0 1 1 0 0 0 0
program/333 1 1 1 1 0 1 1 1 1 1 1 1 1 1 1 1 0 1 1 0 1 0 1 1 1 1 1 1 0 0 1 1 1 1 0 0 1 0 0 1 0 1 1 0 0 1 1 0 0 0
program/70 1 1 1 1 1 1 1 1 1 1 1 1 1 1 1 1 1 1 1 1 1 1 1 1 1 1 1 1 1 1 1 1 1 1 1 1 1 1 1 1 1 1 1 1 1 1 1 0 0 0
program/71 1 1 1 1 1 1 1 1 1 1 1 1 1 1 1 1 1 1 1 1 1 1 1 1 1 1 1 1 1 1 1 1 1 1 1 1 1 1 1 1 1 1 1 1 1 1 1 0 0 0
program/72 1 1 1 1 1 1 1 1 1 1 1 1 1 1 1 1 1 1 1 1 1 1 1 1 1 1 1 1 1 1 1 1 1 1 1 1 1 1 1 1 1 1 1 1 1 1 1 0 0 0
program/73 1 1 1 1 1 1 1 1 1 1 1 1 1 1 1 1 1 1 1 1 1 1 1 1 1 1 1 1 1 1 1 1 1 1 1 1 1 1 1 1 1 1 1 1 1 1 1 0 0 0
program/74 1 1 1 1 1 1 1 1 1 1 1 1 1 1 1 1 1 1 1 1 1 1 1 1 1 1 1 1 1 1 1 1 1 1 1 1 1 1 1 1 1 1 1 1 1 1 1 0 0 0
program/75 1 1 1 1 1 1 1 1 1 1 1 1 1 1 1 1 1 1 1 1 1 1 1 1 1 1 1 1 1 1 1 1 1 1 1 1 1 1 1 1 1 1 1 1 1 1 1 0 0 0
program/76 1 1 1 1 1 1 1 1 1 1 1 1 1 1 1 1 1 1 1 1 1 1 1 1 1 1 1 1 1 1 1 1 1 1 1 1 1 1 1 1 1 1 1 1 1 1 1 0 0 0
program/77 1 1 1 1 1 1 1 1 1 1 1 1 1 1 1 1 1 1 1 1 1 1 1 1 1 1 1 1 1 1 1 1 1 1 1 1 1 1 1 1 1 1 1 1 1 1 1 0 0 0
program/78 1 1 1 1 1 1 1 1 1 1 1 1 1 1 1 1 1 1 1 1 1 1 1 1 1 1 1 1 1 1 1 1 1 1 1 1 1 1 1 1 1 1 1 1 1 1 1 0 0 0
program/79 1 1 1 1 1 1 1 1 1 1 1 1 1 1 1 1 1 1 1 1 1 1 1 1 1 1 1 1 1 1 1 1 1 1 1 1 1 1 1 1 1 1 1 1 1 1 1 0 0 0
program/98 0 1 1 0 1 1 1 1 1 1 1 1 1 1 1 1 0 1 1 0 1 0 1 1 1 1 1 1 0 0 1 1 1 1 0 0 1 0 0 1 0 1 1 0 0 1 1 0 0 0
program/99 1 0 1 0 1 0 1 1 1 1 1 1 0 1 1 0 0 0 0 0 1 0 1 0 1 0 1 0 0 0 0 0 0 0 0 0 0 0 0 0 0 0 0 0 0 0 0 0 0 0
program/149 0 1 0 0 0 0 0 0 0 0 0 1 1 1 0 1 0 1 1 0 1 0 0 0 1 1 1 1 0 0 1 1 1 1 0 0 1 0 0 1 0 1 0 0 0 1 1 0 0 0
program/148 0 1 1 1 0 1 1 1 0 1 1 1 0 1 1 1 1 1 1 0 1 0 1 1 1 1 1 1 0 0 1 1 1 1 0 1 1 0 0 1 1 1 1 0 0 1 1 0 0 0
program/147 1 1 1 1 0 1 1 1 1 1 1 1 1 1 1 1 0 1 1 0 1 0 1 1 1 1 1 1 0 0 1 1 1 1 1 0 0 0 0 1 0 1 1 0 1 1 0 0 0 0
program/146 0 1 1 1 0 1 1 1 0 1 1 1 1 1 1 1 1 1 1 1 1 1 1 1 1 1 1 1 1 1 1 1 1 1 1 1 1 1 1 1 1 1 1 1 1 1 1 0 0 0
program/90 1 1 1 1 1 1 1 1 1 1 1 1 1 1 1 1 1 1 1 1 1 1 1 1 1 1 1 1 1 1 1 1 1 1 1 1 1 1 1 1 1 1 1 1 1 1 1 0 0 0
program/91 1 1 1 1 1 1 1 1 1 1 1 1 1 1 1 1 1 1 1 1 1 1 1 1 1 1 1 1 1 1 1 1 1 1 1 1 1 1 1 1 1 1 1 1 1 1 1 0 0 0
program/96 1 0 1 0 0 0 1 1 1 1 1 1 0 1 1 0 0 0 0 0 1 0 1 0 1 0 1 0 0 0 0 0 0 0 0 0 0 0 0 0 0 0 0 0 0 0 0 0 0 0
program/97 1 0 1 1 0 1 1 1 1 1 1 1 0 1 0 0 0 0 0 0 0 1 0 0 0 0 0 0 0 0 0 0 0 0 0 0 0 0 0 0 0 0 0 0 0 0 0 0 0 0
program/94 1 0 1 1 1 1 1 1 1 1 1 1 0 1 0 0 1 0 0 1 0 1 0 0 0 0 0 0 1 1 0 0 0 0 0 0 0 0 1 0 1 0 0 1 0 0 0 0 0 0
program/140 1 1 1 1 1 1 1 1 1 1 1 1 1 1 1 1 1 1 1 1 1 1 1 1 1 1 1 1 1 1 1 1 1 1 1 1 1 1 1 1 1 1 1 1 1 1 1 0 0 0
program/389 1 1 1 1 0 1 1 1 1 1 1 1 1 1 1 1 1 1 0 1 1 1 1 1 1 1 1 1 1 1 1 1 1 1 1 1 1 1 1 1 1 1 0 1 1 1 1 0 0 0
program/388 1 1 1 1 0 1 1 1 1 1 1 1 1 1 1 1 1 1 1 1 1 1 1 1 1 1 1 1 1 1 1 1 1 1 1 1 1 1 1 1 1 1 1 1 1 1 1 0 0 0
program/380 0 1 0 0 0 0 0 0 0 0 0 0 1 0 0 0 0 0 0 0 0 0 0 0 0 0 0 0 0 0 0 0 0 0 0 0 1 0 0 0 0 0 0 0 0 0 1 0 0 0
program/383 0 1 0 0 0 0 0 0 0 0 0 0 1 0 0 0 0 0 1 0 1 0 0 1 1 1 1 1 0 0 1 1 1 1 0 0 1 0 0 1 0 0 1 0 0 0 1 0 0 0
program/385 0 1 0 0 0 0 0 0 0 0 0 0 1 0 1 0 0 0 0 0 1 0 1 1 1 1 1 1 0 0 1 1 1 1 0 0 1 0 0 1 0 0 1 0 0 0 1 0 0 0
program/384 0 1 0 0 0 0 0 0 0 0 0 0 0 0 1 0 0 0 1 0 1 0 1 1 1 1 1 1 0 0 1 1 1 1 0 0 0 0 0 1 0 0 1 0 0 0 0 0 0 0
program/387 1 1 1 1 0 1 1 1 1 1 1 1 1 1 1 1 1 1 0 1 1 1 1 1 1 1 1 1 1 1 1 1 1 1 1 1 1 1 1 1 1 1 0 1 1 1 1 0 0 0
program/386 0 1 0 0 0 1 1 0 0 1 1 0 1 0 1 1 0 1 1 0 1 0 1 1 1 1 1 1 0 0 1 1 1 1 0 0 1 0 0 1 0 1 1 0 0 0 1 0 0 0
program/2 1 1 1 1 1 1 1 1 1 1 1 1 0 1 0 0 0 0 0 0 0 0 0 0 0 0 0 0 0 0 0 0 0 0 0 0 0 0 0 0 0 0 0 0 0 0 0 0 0 0
program/5 0 1 1 1 1 1 1 1 1 1 1 1 0 1 0 0 0 0 0 0 0 0 0 0 0 0 0 0 0 0 0 0 0 0 0 0 0 0 0 0 0 0 0 0 0 0 0 0 0 0
program/6 1 1 1 1 1 1 1 1 0 1 1 1 1 1 1 1 1 1 1 0 1 1 1 1 1 1 1 1 0 0 1 1 1 1 0 0 1 0 1 1 1 1 1 0 1 1 1 0 0 0
program/7 1 1 1 1 1 1 1 1 1 1 1 1 1 1 1 1 0 1 1 1 1 0 1 1 1 1 1 1 1 1 1 1 1 1 0 1 1 1 0 1 0 1 1 1 0 1 1 0 0 0
program/8 1 1 1 1 1 1 1 1 1 1 1 1 1 1 1 1 1 1 1 1 1 1 1 1 1 1 1 1 1 1 1 1 1 1 1 1 1 1 1 1 1 1 1 1 1 1 1 0 0 0
program/293 0 1 0 0 0 0 1 0 0 1 1 1 1 1 1 1 1 1 1 1 1 1 1 1 1 1 1 1 1 1 1 1 1 1 1 1 1 0 1 1 1 1 1 1 1 1 1 0 0 0
program/292 1 0 1 1 0 0 0 1 1 0 0 1 0 1 0 0 1 0 0 1 0 0 0 0 0 0 0 0 1 0 0 0 0 0 0 0 0 1 0 0 1 0 0 1 1 0 0 0 0 0
program/291 0 1 0 0 0 0 0 0 0 0 0 1 1 1 1 1 1 1 0 1 1 1 1 1 1 1 1 1 1 1 1 1 1 1 1 1 1 0 1 1 1 1 0 1 1 1 1 0 0 0
program/290 1 1 1 0 0 0 1 1 1 1 1 1 1 1 1 1 1 1 1 1 1 1 1 1 1 1 1 1 1 1 1 1 1 1 1 1 1 1 1 1 1 1 1 1 1 1 1 0 0 0
program/297 1 1 1 0 0 0 1 1 1 1 1 1 1 1 1 1 1 1 0 1 1 1 1 1 1 1 1 1 1 1 1 1 1 1 1 1 1 1 1 1 1 1 0 1 1 1 1 0 0 0
program/296 0 1 1 0 0 0 1 1 0 1 1 1 1 1 1 1 1 1 0 1 1 1 1 1 1 1 1 1 1 1 1 1 1 1 1 1 1 1 1 1 1 1 0 1 1 1 1 0 0 0
program/295 1 1 1 0 0 0 1 1 1 1 1 1 1 1 0 0 1 1 0 1 1 1 1 1 1 1 1 1 1 1 1 1 1 1 1 1 1 1 1 1 1 1 0 1 1 1 1 0 0 0
program/294 1 1 1 0 0 0 1 1 1 1 1 1 1 1 1 1 1 1 1 1 1 0 1 1 1 1 1 1 1 0 1 1 1 1 0 0 1 1 0 1 1 1 1 1 1 0 1 0 0 0
program/299 0 1 0 0 0 0 1 0 0 1 1 1 1 1 1 1 1 1 1 1 1 1 1 1 1 1 1 1 1 1 1 1 1 1 1 1 1 0 1 1 1 1 1 1 1 1 1 0 0 0
program/298 1 1 1 0 0 0 1 1 1 1 1 1 1 1 1 1 1 1 1 1 1 0 1 1 1 1 1 1 1 0 1 1 1 1 0 0 1 1 0 1 1 1 1 1 1 0 1 0 0 0
program/459 1 1 1 1 1 1 1 1 1 1 1 1 1 1 1 1 1 1 1 1 1 1 1 1 1 1 1 1 1 1 1 1 1 1 0 0 1 0 1 1 1 1 1 1 0 0 1 0 0 0
program/458 1 1 1 1 1 1 1 1 1 1 1 1 1 1 1 1 1 1 1 1 1 1 1 1 1 1 1 1 1 1 1 1 1 1 0 0 1 0 1 1 1 1 1 1 0 0 1 0 0 0
program/455 0 1 0 0 0 1 1 0 0 1 1 0 1 0 1 1 0 1 1 0 1 0 1 1 1 1 1 1 0 0 1 1 1 1 0 0 1 0 0 1 0 1 1 0 0 0 1 0 0 0
program/456 0 1 1 1 1 1 1 1 1 1 1 1 1 1 1 1 0 1 1 0 1 0 1 1 1 1 1 1 0 0 1 1 1 1 0 0 1 0 0 1 0 1 1 0 0 0 1 0 0 0
program/451 1 0 1 1 1 0 0 1 1 0 0 1 0 1 0 0 1 0 0 1 0 1 0 0 0 0 0 0 1 1 0 0 0 0 0 0 0 0 1 0 1 0 0 1 0 0 0 0 0 0
program/450 1 1 1 1 1 1 1 1 1 1 1 1 1 1 1 1 1 1 1 1 1 1 1 1 1 1 1 1 1 1 1 1 1 1 0 0 1 0 1 1 1 1 1 1 0 0 1 0 0 0
program/453 0 1 0 0 0 1 1 0 0 1 1 0 1 0 1 1 0 1 1 0 1 0 1 1 1 1 1 1 0 0 1 1 1 1 0 0 1 0 0 1 0 1 1 0 0 0 1 0 0 0
program/452 1 1 1 1 1 1 1 1 1 1 1 1 1 1 1 1 1 1 1 1 1 1 1 1 1 1 1 1 1 1 1 1 1 1 0 0 1 0 1 1 1 1 1 1 0 0 1 0 0 0
program/208 1 1 1 1 0 1 1 1 1 1 1 1 1 1 0 1 1 1 1 1 1 1 1 1 1 1 1 1 1 1 1 1 1 1 1 1 1 1 1 1 1 1 1 1 1 1 1 0 0 0
program/209 0 1 1 1 0 1 1 1 1 1 1 1 1 1 1 1 0 1 1 0 1 0 1 1 1 1 1 1 0 0 1 1 1 1 0 0 1 1 0 1 0 1 1 0 0 1 1 0 0 0
program/200 0 1 0 0 0 0 0 0 0 0 0 1 1 1 0 0 0 0 0 0 0 0 0 0 0 0 0 1 0 0 0 0 0 0 0 0 1 0 0 1 0 0 0 0 0 1 1 0 0 0
program/201 0 1 1 1 0 1 1 1 1 1 1 1 0 1 1 0 0 0 1 1 1 1 1 1 1 1 1 1 0 1 1 1 1 1 0 1 0 0 0 1 0 0 1 1 1 1 0 0 0 0
program/202 1 1 1 1 0 1 1 1 1 1 1 1 1 1 0 0 0 0 1 1 1 1 0 1 1 1 1 1 1 0 1 1 1 1 1 1 1 1 0 1 0 0 1 1 0 1 1 0 0 0
program/203 1 1 1 0 0 0 1 1 1 1 1 1 1 1 0 1 0 1 1 0 1 0 1 1 1 1 1 0 1 0 1 1 1 1 1 0 0 0 0 0 0 1 1 0 1 1 0 0 0 0
program/204 1 1 1 1 0 1 1 1 1 1 1 1 1 1 0 0 0 0 1 1 1 1 0 1 1 1 1 1 1 0 1 1 1 1 1 1 1 1 0 1 0 0 1 1 0 1 1 0 0 0
program/205 1 1 1 1 0 1 1 1 1 1 1 1 1 1 1 1 1 1 1 1 1 1 1 1 1 1 1 1 1 1 1 1 1 1 1 1 1 1 1 1 1 1 1 1 1 1 1 0 0 0
program/206 1 1 1 1 0 1 1 1 1 1 1 1 1 1 0 1 0 1 1 0 0 0 0 1 0 0 0 1 1 0 1 1 1 1 1 1 1 1 0 1 1 1 1 0 1 1 1 0 0 0
program/207 1 1 1 1 0 1 1 1 1 1 1 1 1 1 1 1 0 1 1 0 0 0 0 1 0 1 0 1 1 0 1 1 1 1 1 1 1 1 1 1 1 1 1 0 1 1 1 0 0 0
program/345 0 1 0 0 0 0 0 0 0 0 0 0 1 0 1 1 1 1 0 0 0 0 1 0 1 1 0 0 0 0 1 1 1 1 0 0 1 0 0 0 1 1 0 0 0 0 1 0 0 0
program/344 1 1 1 1 0 1 1 1 1 1 1 1 1 1 1 1 1 1 1 0 1 0 1 1 1 1 1 0 1 0 1 1 1 1 1 1 1 0 0 0 1 1 1 0 1 1 1 0 0 0
program/347 0 1 1 1 0 0 0 1 0 0 0 0 1 0 1 1 0 1 1 0 1 0 1 1 1 1 1 1 0 0 1 1 1 1 0 0 1 0 0 1 0 1 1 0 1 0 1 0 0 0
program/346 0 1 0 0 0 0 0 0 0 0 0 1 1 1 1 1 0 1 1 0 1 0 1 1 1 1 1 1 0 0 1 1 1 1 0 0 1 0 0 1 0 1 1 0 0 0 1 0 0 0
program/341 0 1 1 1 0 0 0 1 0 0 0 0 1 0 1 1 0 1 1 0 1 0 1 1 1 1 1 1 0 0 1 1 1 1 0 0 1 0 0 1 0 1 1 0 1 0 1 0 0 0
program/340 0 1 0 0 0 0 1 0 0 1 1 1 1 1 1 1 0 1 1 0 1 0 1 1 1 1 1 1 0 0 1 1 1 1 0 0 1 0 0 1 1 1 1 0 0 0 1 0 0 0
program/343 1 1 1 1 0 1 1 1 1 1 1 1 1 1 1 1 1 1 0 0 1 0 1 1 1 1 1 1 0 0 1 1 1 1 0 0 1 0 0 1 1 1 0 0 1 1 1 0 0 0
program/342 0 1 0 0 0 0 0 0 0 0 0 1 1 1 1 1 0 1 1 0 1 0 1 1 1 1 1 1 0 0 1 1 1 1 0 0 1 0 0 1 0 1 1 0 0 0 1 0 0 0
program/349 1 1 1 1 0 1 1 1 1 1 1 1 1 1 1 1 1 1 0 0 1 0 1 1 1 1 1 1 0 0 1 1 1 1 1 0 0 0 0 1 1 1 0 0 1 1 0 0 0 0
program/348 1 1 1 1 0 0 0 1 1 0 0 1 1 1 1 1 1 1 1 0 1 0 1 1 1 1 1 1 0 0 1 1 1 1 0 0 1 0 0 1 1 1 1 0 1 1 1 0 0 0
program/29 0 1 1 0 1 1 1 1 1 1 1 1 1 1 1 1 1 1 1 1 1 1 1 1 1 1 1 1 0 1 1 1 1 1 1 1 1 0 0 1 0 1 1 1 0 1 1 0 0 0
program/28 1 1 1 1 1 1 1 1 0 1 1 1 1 1 1 1 1 1 1 1 1 1 1 1 1 1 1 1 1 0 1 1 1 1 1 0 1 1 1 1 0 1 1 1 1 1 1 0 0 0
program/23 1 1 1 1 1 1 1 1 1 1 1 1 1 1 1 1 1 1 1 1 1 1 1 1 1 1 1 1 1 1 1 1 1 1 1 1 1 1 1 1 1 1 1 1 1 1 1 0 0 0
program/22 1 1 1 0 1 1 1 1 1 1 1 1 1 1 1 1 0 1 1 1 1 1 1 1 1 1 1 1 1 1 1 1 1 1 0 0 1 0 0 1 0 1 1 1 1 1 1 0 0 0
program/21 0 1 1 1 1 1 1 1 0 1 1 1 0 1 0 0 0 0 0 0 0 0 0 0 0 0 0 0 0 0 0 0 0 0 0 0 0 0 0 0 0 0 0 0 0 0 0 0 0 0
program/20 1 1 1 0 1 1 1 1 1 1 1 1 1 1 1 1 0 1 1 1 1 1 1 1 1 1 1 1 1 1 1 1 1 1 1 1 1 0 1 1 1 1 1 0 1 1 1 0 0 0
program/27 0 1 1 1 1 1 1 1 0 1 1 1 1 1 1 1 0 1 1 0 1 1 1 1 1 1 1 1 0 1 1 1 1 1 1 0 1 0 0 1 1 1 1 1 1 1 1 0 0 0
program/26 0 1 1 0 1 1 1 1 0 1 1 1 1 1 1 1 1 1 1 1 1 0 1 1 1 1 1 1 1 1 1 1 1 1 1 0 1 1 0 1 1 1 1 1 1 1 1 0 0 0
program/24 1 1 1 0 1 1 1 1 0 1 1 1 1 1 1 1 0 1 1 0 1 1 1 1 1 1 1 1 0 1 1 1 1 1 0 1 1 1 1 1 0 1 1 1 0 1 1 0 0 0
program/110 0 1 0 0 0 0 0 0 0 0 0 1 1 1 1 1 0 1 1 0 1 0 1 1 1 1 1 1 0 0 1 1 1 1 0 0 1 0 0 1 0 1 1 0 0 1 1 0 0 0
program/111 0 0 0 0 1 0 0 0 0 0 0 0 0 0 0 0 0 0 0 0 0 0 0 0 0 0 0 0 0 0 0 0 0 0 0 0 0 0 0 0 0 0 0 0 0 0 0 0 0 0
program/112 1 1 1 1 1 1 1 1 1 1 1 1 0 1 0 0 1 0 0 1 0 1 0 0 0 0 0 0 1 1 0 0 0 0 1 1 0 1 1 0 1 0 0 1 1 0 0 0 0 0
program/113 0 1 1 0 0 0 1 1 0 1 1 1 1 1 1 1 0 1 1 0 1 0 1 1 1 1 1 1 0 0 1 1 1 1 0 0 1 0 0 1 0 1 1 0 0 1 1 0 0 0
program/114 1 1 1 1 0 1 1 1 1 1 1 1 1 1 1 1 1 1 1 1 1 1 1 1 1 1 1 1 1 1 1 1 1 1 1 1 1 1 1 1 1 1 1 1 1 1 1 0 0 0
program/115 0 1 1 0 0 0 1 1 0 1 1 1 1 1 1 1 0 1 1 0 1 0 1 1 1 1 1 1 0 0 1 1 1 1 0 0 1 0 0 1 0 1 1 0 0 1 1 0 0 0
program/116 0 1 1 0 0 0 1 1 0 1 1 1 1 1 1 1 0 1 1 0 1 0 1 1 1 1 1 1 0 0 1 1 1 1 0 0 1 0 0 1 0 1 1 0 0 1 1 0 0 0
program/117 0 1 1 0 0 0 1 1 0 1 1 1 1 1 1 1 0 1 1 0 1 0 1 1 1 1 1 1 0 0 1 1 1 1 0 0 1 0 0 1 0 1 1 0 0 1 1 0 0 0
program/419 1 1 1 1 0 1 1 1 1 1 1 1 1 1 0 1 1 1 0 1 0 1 0 1 0 1 0 1 1 1 1 1 1 1 1 1 1 1 1 1 1 1 0 1 1 1 1 0 0 0
program/418 1 1 1 1 0 1 1 1 1 1 1 1 1 1 1 0 1 1 0 1 1 1 1 1 1 0 1 0 1 1 1 1 1 1 1 1 1 1 1 0 1 1 0 1 1 1 1 0 0 0
program/411 0 1 1 1 0 1 1 1 0 1 1 1 1 1 1 1 0 1 0 0 1 0 1 1 1 1 1 1 0 0 1 1 1 1 0 0 1 0 0 1 0 1 0 0 0 1 1 0 0 0
program/410 0 1 1 1 0 1 1 1 0 1 1 1 1 1 1 1 0 1 0 0 1 0 1 1 1 1 1 1 0 0 1 1 1 1 0 0 1 0 0 1 0 1 0 0 0 1 1 0 0 0
program/413 1 1 1 1 0 1 1 1 1 1 1 1 1 1 1 0 1 1 0 1 1 1 1 1 1 0 1 0 1 1 1 1 1 1 1 1 1 1 1 0 1 1 0 1 1 1 1 0 0 0
program/412 1 1 1 1 0 1 1 1 1 1 1 1 1 1 1 1 1 1 0 1 1 1 1 1 1 1 1 1 1 1 1 1 1 1 1 1 1 1 0 1 0 1 0 1 1 1 1 0 0 0
program/415 1 1 1 1 0 1 1 1 1 1 1 1 1 1 1 0 1 1 0 1 1 1 1 1 1 0 1 0 1 1 1 1 1 1 1 1 1 1 1 0 1 1 0 1 1 1 1 0 0 0
program/414 1 1 1 1 0 1 1 1 1 1 1 1 1 1 0 1 1 1 0 1 0 1 0 1 0 1 0 1 1 1 1 1 1 1 1 1 1 1 1 1 1 1 0 1 1 1 1 0 0 0
program/417 1 1 1 1 0 1 1 1 1 1 1 1 1 1 1 0 1 1 0 1 1 1 1 1 1 0 1 0 1 1 1 1 1 1 1 1 1 1 1 0 1 1 0 1 1 1 1 0 0 0
program/416 1 1 1 1 0 1 1 1 1 1 1 1 1 1 0 1 1 1 0 1 0 1 0 1 0 1 0 1 1 1 1 1 1 1 1 1 1 1 1 1 1 1 0 1 1 1 1 0 0 0
program/244 1 1 1 0 0 0 1 1 1 1 1 1 1 1 1 1 1 1 1 0 1 0 1 1 1 1 1 1 0 0 1 1 1 1 0 0 1 0 0 1 1 1 1 0 1 1 1 0 0 0
program/245 1 1 1 0 0 0 1 1 1 1 1 1 1 1 0 0 1 1 1 0 1 0 1 1 1 1 1 1 0 0 1 1 1 1 0 0 1 0 0 1 1 1 1 0 1 1 1 0 0 0
program/246 1 1 1 0 0 0 1 1 1 1 1 1 1 1 0 0 1 1 1 0 1 0 1 1 1 1 1 1 0 0 1 1 1 1 0 0 1 0 0 1 1 1 1 0 1 1 1 0 0 0
program/247 1 1 1 0 0 0 1 1 1 1 1 1 1 1 1 1 1 1 1 0 1 0 1 1 1 1 1 1 0 0 1 1 1 1 0 0 1 0 0 1 1 1 1 0 1 1 1 0 0 0
program/240 1 1 1 1 0 1 1 1 1 1 1 1 1 1 1 1 1 1 0 1 1 1 1 0 1 1 1 1 1 1 1 1 0 1 1 1 1 1 1 1 1 1 0 1 1 0 1 0 0 0
program/241 1 1 1 1 0 1 1 1 1 1 1 1 1 1 1 0 1 1 0 0 1 0 1 1 1 1 1 1 0 0 1 1 1 1 0 0 1 0 0 1 1 1 0 0 0 1 1 0 0 0
program/242 1 1 1 1 0 1 1 1 1 1 1 1 1 1 1 1 1 0 1 1 1 1 1 1 1 1 1 1 1 1 1 1 1 1 1 1 0 1 1 1 1 1 1 1 1 1 0 0 0 0
program/243 1 1 1 1 0 1 1 1 1 1 1 1 1 1 1 1 1 1 1 0 1 0 1 1 1 1 1 1 0 0 1 1 1 1 0 0 1 0 0 1 1 1 1 0 1 1 1 0 0 0
program/248 0 1 0 0 0 0 0 0 0 0 0 1 1 1 1 1 1 1 0 0 1 0 1 1 1 1 1 1 0 0 1 1 1 1 0 0 1 0 0 1 1 1 0 0 1 1 1 0 0 0
program/249 0 1 0 0 0 0 0 0 0 0 0 1 1 1 0 0 1 1 0 0 1 0 1 1 1 1 1 1 0 0 1 1 1 1 0 0 1 0 0 1 0 1 0 0 1 1 1 0 0 0
program/12 1 1 1 1 1 1 1 1 1 1 1 1 1 1 1 1 1 1 1 1 1 1 1 1 1 1 1 1 1 1 1 1 1 1 1 1 1 1 1 1 1 1 1 1 1 1 1 0 0 0
program/11 0 1 1 0 1 1 1 1 1 1 1 1 1 1 1 1 1 1 1 1 1 1 1 1 1 1 1 1 1 1 1 1 1 1 0 1 1 1 0 1 1 1 1 0 1 1 1 0 0 0
program/16 1 1 1 1 1 1 1 1 1 1 1 1 1 1 1 1 1 1 1 1 1 1 1 1 1 1 1 1 1 1 1 1 1 1 1 1 1 1 1 1 1 1 1 1 1 1 1 0 0 0
program/14 0 1 1 0 1 1 1 1 1 1 1 1 1 1 1 1 0 1 1 1 1 0 1 1 1 1 1 1 1 0 1 1 1 1 1 0 1 1 0 1 1 1 1 0 1 1 1 0 0 0
program/15 0 1 1 0 1 1 1 1 0 1 1 1 1 1 1 1 0 1 1 0 1 0 1 1 1 1 1 1 1 1 1 1 1 1 1 1 1 0 1 1 1 1 1 1 1 1 1 0 0 0
program/18 1 1 1 1 1 1 1 1 0 1 1 1 0 1 0 0 0 0 0 0 0 0 0 0 0 0 0 0 0 0 0 0 0 0 0 0 0 0 0 0 0 0 0 0 0 0 0 0 0 0
program/19 0 1 1 0 1 1 1 1 1 1 1 1 1 1 1 1 0 1 1 0 1 1 1 1 1 1 1 1 0 0 1 1 1 1 1 0 1 0 0 1 0 1 1 1 1 1 1 0 0 0
program/301 1 1 1 0 0 0 1 1 1 1 1 1 1 1 0 0 1 1 0 1 1 1 1 1 1 1 1 1 1 1 1 1 1 1 1 1 1 1 1 1 1 1 0 1 1 1 1 0 0 0
program/300 0 1 0 0 0 0 1 0 0 1 1 0 1 0 0 0 1 0 0 1 1 1 1 1 0 1 1 1 1 1 1 1 1 1 1 1 1 1 1 1 0 1 0 1 0 1 1 0 0 0
program/303 1 1 1 0 0 0 1 1 1 1 1 1 1 1 1 1 1 1 0 1 1 1 1 1 1 1 1 1 1 1 1 1 1 1 1 1 1 1 1 1 1 1 0 1 1 1 1 0 0 0
program/302 0 1 1 0 0 0 1 1 0 1 1 1 1 1 1 1 1 1 0 1 1 1 1 1 1 1 1 1 1 1 1 1 1 1 1 1 1 1 1 1 1 1 0 1 1 1 1 0 0 0
program/305 0 1 0 0 0 0 1 0 0 1 1 0 1 0 1 1 1 1 0 1 1 1 1 1 1 1 1 1 1 1 1 1 1 1 1 1 1 1 1 1 1 1 0 1 1 1 1 0 0 0
program/304 1 1 1 0 0 0 1 1 1 1 1 1 1 1 0 0 1 1 0 1 1 1 1 1 1 1 1 1 1 1 1 1 1 1 1 1 1 1 1 1 1 1 0 1 1 1 1 0 0 0
program/307 0 1 0 0 0 0 0 0 0 0 0 1 1 1 1 1 1 1 0 1 1 1 1 1 1 1 1 1 1 1 1 1 1 1 1 1 1 0 1 1 1 1 0 1 1 1 1 0 0 0
program/306 1 0 1 1 0 0 0 1 1 0 0 1 0 1 0 0 1 0 0 1 0 0 0 0 0 0 0 0 1 0 0 0 0 0 0 0 0 1 0 0 1 0 0 1 1 0 0 0 0 0
program/309 1 1 1 1 0 1 1 1 1 1 1 1 1 1 1 1 1 1 0 1 1 1 1 1 1 1 1 1 1 1 1 1 1 1 1 1 1 1 1 1 1 1 0 1 1 1 1 0 0 0
program/308 1 1 1 1 0 1 1 1 1 1 1 1 1 1 1 1 1 1 0 1 1 1 1 1 1 1 1 1 1 1 1 1 1 1 1 1 1 1 1 1 1 1 0 1 1 1 1 0 0 0
program/144 1 1 1 1 0 1 1 1 1 1 1 1 0 1 1 0 0 0 1 0 1 0 1 1 1 1 1 1 0 0 1 1 1 1 0 0 0 0 0 1 0 0 1 0 0 1 0 0 0 0
program/143 1 1 1 1 0 1 1 1 1 1 1 1 1 1 1 1 1 1 1 1 1 1 1 1 1 1 1 1 1 1 1 1 1 1 1 1 1 1 1 1 1 1 1 1 1 1 1 0 0 0
program/142 1 1 1 1 0 1 1 1 1 1 1 1 0 1 1 0 0 0 1 0 1 0 1 1 1 1 1 1 0 0 1 1 1 1 0 0 0 0 0 1 0 0 1 0 0 1 0 0 0 0
program/67 1 1 1 1 1 1 1 1 1 1 1 1 0 1 0 0 0 0 0 0 0 0 0 0 0 0 0 0 0 0 0 0 0 0 0 0 0 0 0 0 0 0 0 0 0 0 0 0 0 0
program/66 1 1 1 1 1 1 1 1 1 1 1 1 1 1 1 1 1 1 1 1 1 1 1 1 1 1 1 1 1 1 1 1 1 1 1 1 1 1 1 1 1 1 1 1 1 1 1 0 0 0
program/65 1 1 1 1 1 1 1 1 1 1 1 1 1 1 1 1 1 1 1 1 1 1 1 1 1 1 1 1 1 1 1 1 1 1 1 1 1 1 1 1 1 1 1 1 1 1 1 0 0 0
program/64 1 1 1 1 1 1 1 1 1 1 1 1 1 1 1 1 1 1 1 1 1 1 1 1 1 1 1 1 1 1 1 1 1 1 1 1 1 1 1 1 1 1 1 1 1 1 1 0 0 0
program/63 1 1 1 1 1 1 1 1 1 1 1 1 1 1 1 1 1 1 1 1 1 1 1 1 1 1 1 1 1 1 1 1 1 1 1 1 1 1 1 1 1 1 1 1 1 1 1 0 0 0
program/62 1 1 1 1 1 1 1 1 1 1 1 1 1 1 1 1 1 1 1 1 1 1 1 1 1 1 1 1 1 1 1 1 1 1 1 1 1 1 1 1 1 1 1 1 1 1 1 0 0 0
program/61 1 1 1 1 1 1 1 1 1 1 1 1 1 1 1 1 1 1 1 1 1 1 1 1 1 1 1 1 1 1 1 1 1 1 1 1 1 1 1 1 1 1 1 1 1 1 1 0 0 0
program/60 1 1 1 1 1 1 1 1 1 1 1 1 1 1 1 1 1 1 1 1 1 1 1 1 1 1 1 1 1 1 1 1 1 1 1 1 1 1 1 1 1 1 1 1 1 1 1 0 0 0
program/69 1 1 1 1 1 1 1 1 1 1 1 1 1 1 1 1 1 1 1 1 1 1 1 1 1 1 1 1 1 1 1 1 1 1 1 1 1 1 1 1 1 1 1 1 1 1 1 0 0 0
program/68 1 1 1 1 1 1 1 1 1 1 1 1 1 1 1 1 1 1 1 1 1 1 1 1 1 1 1 1 1 1 1 1 1 1 1 1 1 1 1 1 1 1 1 1 1 1 1 0 0 0
program/89 0 1 1 1 1 1 1 1 0 1 1 1 1 1 0 0 0 1 1 0 0 0 0 1 0 0 0 0 0 0 1 1 1 1 0 0 1 0 0 0 0 1 1 0 0 1 1 0 0 0
program/88 0 1 1 1 1 1 1 1 0 1 1 1 1 1 0 0 0 0 0 0 0 0 0 0 0 0 0 0 0 0 0 0 0 0 0 0 1 1 0 0 0 0 0 0 0 1 1 0 0 0
program/158 0 1 1 1 0 0 0 1 0 0 0 1 1 1 1 1 1 1 1 0 1 0 1 1 1 1 1 1 1 0 1 1 1 1 1 1 1 0 0 1 1 1 1 0 1 1 1 0 0 0
program/159 0 1 0 0 0 0 0 0 0 0 0 1 1 1 0 0 1 1 1 0 1 0 1 1 1 1 1 0 1 0 1 1 1 1 1 1 1 0 0 0 0 1 1 0 1 1 1 0 0 0
program/154 0 1 1 0 0 0 1 1 1 1 1 1 1 1 1 1 1 1 1 0 1 0 1 1 1 1 1 1 1 0 1 1 1 1 1 1 1 0 0 1 1 1 1 0 1 1 1 0 0 0
program/155 0 1 0 0 0 0 1 0 0 1 1 1 1 1 0 0 1 1 1 0 1 0 1 1 1 1 1 1 1 0 1 1 1 1 1 1 1 0 0 1 1 1 1 0 1 1 1 0 0 0
program/156 0 1 0 0 0 0 1 0 0 1 1 1 1 1 0 0 1 1 1 0 1 0 1 1 1 1 1 1 1 0 1 1 1 1 1 1 1 0 0 1 1 1 1 0 1 1 1 0 0 0
program/157 0 1 1 0 0 0 1 1 0 1 1 1 1 1 1 1 1 1 1 0 1 0 1 1 1 1 1 1 1 0 1 1 1 1 1 1 1 0 0 1 1 1 1 0 1 1 1 0 0 0
program/150 1 1 1 1 0 0 0 1 1 0 0 1 1 1 1 1 1 1 1 1 1 1 1 1 1 1 1 1 0 0 1 1 1 1 0 0 1 0 0 1 1 1 1 1 0 1 1 0 0 0
program/151 1 1 1 1 0 1 1 1 1 1 1 1 1 1 1 1 1 0 0 1 1 1 1 1 1 1 1 1 1 1 1 1 1 1 1 1 1 1 1 1 1 1 1 1 1 1 1 0 0 0
program/152 1 1 1 1 0 1 1 1 1 1 1 1 1 1 1 1 1 1 1 0 1 0 1 1 1 1 1 1 1 0 1 1 1 1 1 1 1 0 0 1 1 1 1 0 0 1 1 0 0 0
program/153 0 1 0 0 0 0 0 0 0 0 0 1 1 1 0 0 1 1 1 0 1 0 1 1 1 1 1 1 1 0 1 1 1 1 1 1 1 0 0 1 0 1 1 0 1 1 1 0 0 0
program/398 1 1 1 1 0 1 1 1 1 1 1 1 1 1 1 1 1 1 0 1 1 1 1 1 1 1 1 1 1 1 1 1 1 1 1 1 1 1 1 1 1 1 0 1 1 1 1 0 0 0
program/399 1 1 1 1 0 1 1 1 1 1 1 1 1 1 1 1 1 1 0 1 1 1 1 1 1 1 1 1 1 1 1 1 1 1 1 1 1 1 1 1 1 1 0 1 1 1 1 0 0 0
program/396 1 1 1 1 0 1 1 1 1 1 1 1 1 1 1 1 1 1 0 1 1 1 1 1 1 1 1 1 1 1 1 1 1 1 1 1 1 1 1 1 1 1 0 1 1 1 1 0 0 0
program/397 1 1 1 1 0 1 1 1 1 1 1 1 1 1 1 1 1 1 0 1 1 1 1 1 1 1 1 1 1 1 1 1 1 1 1 1 1 1 1 1 1 1 0 1 1 1 1 0 0 0
program/394 1 1 1 1 0 1 1 1 1 1 1 1 1 1 1 1 1 1 0 1 1 1 1 1 1 1 1 1 1 1 1 1 1 1 1 1 1 1 1 1 1 1 0 1 1 1 1 0 0 0
program/395 1 1 1 1 0 1 1 1 1 1 1 1 1 1 1 1 1 1 0 1 1 1 1 1 1 1 1 1 1 1 1 1 1 1 1 1 1 1 1 1 1 1 0 1 1 1 1 0 0 0
program/392 1 1 1 1 0 1 1 1 1 1 1 1 1 1 1 1 1 1 0 1 1 1 1 1 1 1 1 1 1 1 1 1 1 1 1 1 1 1 1 1 1 1 0 1 1 1 1 0 0 0
program/393 1 1 1 1 0 1 1 1 1 1 1 1 1 1 1 1 1 1 0 1 1 1 1 1 1 1 1 1 1 1 1 1 1 1 1 1 1 1 1 1 1 1 0 1 1 1 1 0 0 0
program/390 1 1 1 1 0 1 1 1 1 1 1 1 1 1 1 1 1 1 0 1 1 1 1 1 1 1 1 1 1 1 1 1 1 1 1 1 1 1 1 1 1 1 0 1 1 1 1 0 0 0
program/391 1 1 1 1 0 1 1 1 1 1 1 1 1 1 1 1 1 1 0 1 1 1 1 1 1 1 1 1 1 1 1 1 1 1 1 1 1 1 1 1 1 1 0 1 1 1 1 0 0 0
program/84 0 1 1 1 1 0 1 1 0 1 1 1 1 1 1 1 0 1 1 0 1 0 1 1 1 0 0 1 1 1 1 1 1 1 0 0 1 0 1 1 1 1 0 0 1 1 1 0 0 0
program/280 1 1 1 1 0 1 1 1 1 1 1 1 1 1 1 1 1 1 1 1 1 1 1 1 1 1 1 1 1 1 1 1 1 1 1 1 1 1 1 1 1 1 1 1 1 1 1 0 0 0
program/281 1 1 1 0 0 0 1 1 1 1 1 1 1 1 0 0 1 1 0 1 1 1 1 1 1 1 1 1 1 1 1 1 1 1 1 1 1 1 1 1 1 1 0 1 1 1 1 0 0 0
program/282 1 1 1 0 0 0 1 1 1 1 1 1 1 1 1 1 1 1 1 1 1 1 1 1 1 1 1 1 1 1 1 1 1 1 1 1 1 1 1 1 1 1 1 1 1 1 1 0 0 0
program/283 1 1 1 0 0 0 1 1 1 1 1 1 1 1 1 1 1 1 1 1 1 1 1 1 1 1 1 1 1 1 1 1 1 1 1 1 1 1 1 1 1 1 1 1 1 1 1 0 0 0
program/284 1 1 1 0 0 0 1 1 1 1 1 1 1 1 0 0 1 1 0 1 1 1 1 1 1 1 1 1 1 1 1 1 1 1 1 1 1 1 1 1 1 1 0 1 1 1 1 0 0 0
program/285 0 1 1 0 0 0 1 1 0 1 1 1 1 1 1 1 1 1 0 1 1 1 1 1 1 1 1 1 1 1 1 1 1 1 1 1 1 1 1 1 1 1 0 1 1 1 1 0 0 0
program/286 1 1 1 0 0 0 1 1 1 1 1 1 1 1 1 1 1 1 1 1 1 1 1 1 1 1 1 1 1 1 1 1 1 1 1 1 1 1 1 1 1 1 1 1 1 1 1 0 0 0
program/287 0 1 0 0 0 0 1 0 0 1 1 0 1 0 0 0 1 1 0 1 1 1 1 1 1 1 1 1 1 1 1 1 1 1 1 1 1 1 1 1 1 1 0 1 1 1 1 0 0 0
program/288 1 1 1 1 0 1 1 1 1 1 1 1 1 1 0 0 1 0 0 1 0 0 0 0 0 0 0 1 1 0 0 0 0 0 1 1 1 1 0 1 1 0 0 1 1 1 1 0 0 0
program/289 1 1 1 1 0 1 1 1 0 1 1 1 1 1 1 1 1 1 0 1 1 1 1 1 1 1 1 1 1 1 1 1 1 1 1 1 1 0 1 1 1 1 0 1 1 1 1 0 0 0
program/442 1 1 1 1 1 1 1 1 1 1 1 1 1 1 1 1 1 1 1 1 1 1 1 1 1 1 1 1 1 1 1 1 1 1 0 0 1 0 1 1 1 1 1 1 0 0 1 0 0 0
program/443 1 1 1 1 1 1 1 1 1 1 1 1 1 1 1 1 1 1 1 1 1 1 1 1 1 1 1 1 1 1 1 1 1 1 0 0 1 0 1 1 1 1 1 1 0 0 1 0 0 0
program/440 1 1 1 1 1 1 1 1 1 1 1 1 1 1 1 1 1 1 1 1 1 1 1 1 1 1 1 1 1 1 1 1 1 1 0 0 1 0 1 1 1 1 1 1 0 0 1 0 0 0
program/441 1 0 1 1 1 0 0 1 1 0 0 1 0 1 0 0 1 0 0 1 0 1 0 0 0 0 0 0 1 1 0 0 0 0 0 0 0 0 1 0 1 0 0 1 0 0 0 0 0 0
program/447 0 1 0 0 0 1 1 0 0 1 1 0 1 0 1 1 0 1 1 0 1 0 1 1 1 1 1 1 0 0 1 1 1 1 0 0 1 0 0 1 0 1 1 0 0 0 1 0 0 0
program/444 1 1 1 1 1 1 1 1 1 1 1 1 0 1 0 0 1 0 0 1 0 1 0 0 0 0 0 0 1 1 0 0 0 0 0 0 0 0 1 0 1 0 0 1 0 0 0 0 0 0
program/445 1 1 1 1 1 1 1 1 1 1 1 1 0 1 0 0 1 0 0 1 0 1 0 0 0 0 0 0 1 1 0 0 0 0 0 0 0 0 1 0 1 0 0 1 0 0 0 0 0 0
program/448 1 0 1 1 1 0 0 1 1 0 0 1 0 1 0 0 1 0 0 1 0 1 0 0 0 0 0 0 1 1 0 0 0 0 0 0 0 0 1 0 1 0 0 1 0 0 0 0 0 0
program/449 1 1 1 1 1 1 1 1 1 1 1 1 1 1 1 1 1 1 1 1 1 1 1 1 1 1 1 1 1 1 1 1 1 1 0 0 1 0 1 1 1 1 1 1 0 0 1 0 0 0
program/239 1 1 1 1 0 1 1 1 1 1 1 1 1 1 1 1 1 1 1 1 1 1 1 1 1 1 1 1 1 1 1 1 1 1 1 1 1 1 1 1 1 1 1 1 1 1 1 0 0 0
program/238 0 1 0 0 0 0 0 0 0 0 0 1 1 1 1 1 1 1 0 0 1 0 1 1 1 1 1 1 0 0 1 1 1 1 0 0 1 0 0 1 1 1 0 0 0 1 1 0 0 0
program/235 0 1 1 0 0 0 1 1 0 1 1 1 1 1 1 1 0 1 1 0 1 0 1 1 1 1 1 1 0 0 1 1 1 1 0 0 1 1 0 1 0 1 1 0 0 1 1 0 0 0
program/234 0 1 0 0 0 0 0 0 0 0 0 1 1 1 1 1 1 1 1 0 1 0 1 1 1 1 1 1 0 0 1 1 1 1 0 0 1 0 0 1 1 1 1 0 0 1 1 0 0 0
program/237 0 1 0 0 0 0 0 0 0 0 0 1 1 0 0 0 1 1 0 0 0 0 0 1 0 1 0 1 0 0 1 1 1 1 0 0 1 0 0 1 0 1 0 0 1 1 1 0 0 0
program/236 0 1 1 0 0 0 1 1 0 1 1 1 1 1 1 1 0 1 1 0 1 0 1 1 1 1 1 1 0 0 1 1 1 1 0 0 1 1 0 1 0 1 1 0 1 1 1 0 0 0
program/231 1 1 1 0 0 0 1 1 1 1 1 1 1 1 1 1 1 1 1 0 1 0 1 1 1 1 1 1 0 0 1 1 1 1 0 0 1 0 0 1 1 1 1 0 1 1 1 0 0 0
program/230 1 1 1 1 0 1 1 1 1 1 1 1 1 1 1 1 1 1 1 1 1 1 1 1 1 1 1 1 1 1 1 1 1 1 1 1 1 1 1 1 1 1 1 1 1 1 1 0 0 0
program/233 0 1 0 0 0 0 0 0 0 0 0 1 1 1 1 1 1 1 1 0 1 0 1 1 1 1 1 1 0 0 1 1 1 1 0 0 1 0 0 1 1 1 1 0 0 1 1 0 0 0
program/232 0 1 0 0 0 0 0 0 0 0 0 1 1 1 1 1 0 1 1 0 0 0 0 1 0 1 0 1 0 0 1 1 1 1 0 0 1 0 0 1 0 1 1 0 1 1 1 0 0 0
program/358 0 1 0 0 0 0 0 0 0 0 0 1 1 1 1 1 0 1 0 0 1 0 1 1 1 1 1 1 0 0 1 1 1 1 0 0 1 0 0 1 0 1 0 0 0 0 1 0 0 0
program/359 1 1 1 1 0 0 0 1 1 0 0 1 1 1 1 1 0 1 1 0 1 0 1 1 1 1 1 0 0 0 1 1 1 1 0 0 1 0 0 0 0 1 1 0 1 1 1 0 0 0
program/352 0 1 0 0 0 0 0 0 0 0 0 1 1 1 0 0 0 1 0 0 1 0 1 1 1 1 1 1 1 0 1 1 1 1 0 0 1 0 0 1 0 1 0 0 0 0 1 0 0 0
program/353 1 1 1 1 0 0 0 1 1 0 0 1 1 1 0 0 0 1 1 0 1 0 1 1 1 1 1 0 0 0 1 1 1 1 0 0 1 0 0 0 0 1 1 0 0 1 1 0 0 0
program/350 1 1 1 1 0 1 1 1 1 1 1 1 1 1 1 1 1 1 1 0 1 0 1 1 1 1 1 0 1 0 1 1 1 1 1 1 1 0 0 0 1 1 1 0 1 1 1 0 0 0
program/351 1 1 1 0 0 0 1 1 1 1 1 1 1 1 1 1 0 1 1 0 1 0 1 1 1 1 1 1 0 0 1 1 1 1 0 0 1 0 0 1 1 1 1 0 0 0 1 0 0 0
program/356 1 1 1 0 0 0 1 1 1 1 1 1 1 1 1 1 0 1 1 0 1 0 1 1 1 1 1 1 0 0 1 1 1 1 1 0 1 0 0 1 0 1 1 0 1 1 1 0 0 0
program/357 0 1 1 0 0 0 1 1 0 1 1 1 1 1 1 1 0 1 1 0 1 0 1 1 1 1 1 1 0 0 1 1 1 1 0 0 1 0 0 1 0 1 1 0 0 1 1 0 0 0
program/354 0 1 0 0 0 0 1 0 0 1 1 1 1 1 1 1 0 1 1 0 1 0 1 1 1 1 1 1 0 0 1 1 1 1 0 0 1 0 0 1 1 1 1 0 0 0 1 0 0 0
program/355 0 1 1 0 0 0 1 1 0 1 1 0 1 0 1 1 0 1 1 0 1 0 1 1 1 1 1 1 0 0 1 1 1 1 0 0 1 0 0 1 1 1 1 0 1 0 1 0 0 0
program/58 1 1 1 1 1 1 1 1 1 1 1 1 1 1 1 1 1 1 1 1 1 1 1 1 1 1 1 1 1 1 1 1 1 1 1 1 1 1 1 1 1 1 1 1 1 1 1 0 0 0
program/59 1 1 1 1 1 1 1 1 1 1 1 1 1 1 1 1 1 1 1 1 1 1 1 1 1 1 1 1 1 1 1 1 1 1 1 1 1 1 1 1 1 1 1 1 1 1 1 0 0 0
program/56 1 1 1 1 1 1 1 1 1 1 1 1 1 1 1 1 1 1 1 1 1 1 1 1 1 1 1 1 1 1 1 1 1 1 1 1 1 1 1 1 1 1 1 1 1 1 1 0 0 0
program/57 1 1 1 1 1 1 1 1 1 1 1 1 1 1 1 1 1 1 1 1 1 1 1 1 1 1 1 1 1 1 1 1 1 1 1 1 1 1 1 1 1 1 1 1 1 1 1 0 0 0
program/54 1 1 1 1 1 1 1 1 1 1 1 1 1 1 1 1 1 1 1 1 1 1 1 1 1 1 1 1 1 1 1 1 1 1 1 1 1 1 1 1 1 1 1 1 1 1 1 0 0 0
program/55 1 1 1 1 1 1 1 1 1 1 1 1 1 1 1 1 1 1 1 1 1 1 1 1 1 1 1 1 1 1 1 1 1 1 1 1 1 1 1 1 1 1 1 1 1 1 1 0 0 0
program/52 1 1 1 1 1 1 1 1 1 1 1 1 1 1 1 1 1 1 1 1 1 1 1 1 1 1 1 1 1 1 1 1 1 1 1 1 1 1 1 1 1 1 1 1 1 1 1 0 0 0
program/53 1 1 1 1 1 1 1 1 1 1 1 1 1 1 1 1 1 1 1 1 1 1 1 1 1 1 1 1 1 1 1 1 1 1 1 1 1 1 1 1 1 1 1 1 1 1 1 0 0 0
program/50 1 1 1 1 1 1 1 1 1 1 1 1 1 1 1 1 1 1 1 0 1 1 1 1 1 1 1 1 0 0 1 1 1 1 0 0 1 0 1 1 1 1 1 0 1 1 1 0 0 0
program/51 1 1 1 1 1 1 1 1 1 1 1 1 1 1 1 1 1 1 1 1 1 1 1 1 1 1 1 1 1 1 1 1 1 1 1 1 1 1 1 1 1 1 1 1 1 1 1 0 0 0
program/125 0 1 0 0 0 0 0 0 0 0 0 0 0 0 0 0 0 0 0 0 0 0 0 0 0 0 0 0 0 0 0 0 0 0 0 0 0 0 0 0 0 0 0 0 0 0 0 0 0 0
program/127 0 1 1 0 0 0 1 1 0 1 1 1 1 1 1 1 0 1 1 0 1 0 1 1 1 1 1 1 0 0 1 1 1 1 0 0 1 0 0 1 0 1 1 0 0 1 1 0 0 0
program/126 0 1 1 0 0 0 1 1 0 1 1 1 1 1 1 1 0 1 1 0 1 0 1 1 1 1 1 1 0 0 1 1 1 1 0 0 1 0 0 1 0 1 1 0 0 1 1 0 0 0
program/121 0 1 1 0 0 0 1 1 0 1 1 1 1 1 1 1 0 1 1 0 1 0 1 1 1 1 1 1 0 0 1 1 1 1 0 0 1 0 0 1 0 1 1 0 0 1 1 0 0 0
program/120 0 1 1 0 0 0 1 1 0 1 1 1 1 1 1 1 0 1 1 0 1 0 1 1 1 1 1 1 0 0 1 1 1 1 0 0 1 0 0 1 0 1 1 0 0 1 1 0 0 0
program/123 0 1 1 0 0 0 1 1 0 1 1 1 1 1 1 1 0 1 1 0 1 0 1 1 1 1 1 1 0 0 1 1 1 1 0 0 1 0 0 1 0 1 1 0 0 1 1 0 0 0
program/122 0 1 1 0 0 0 1 1 0 1 1 1 1 1 1 1 0 1 1 0 1 0 1 1 1 1 1 1 0 0 1 1 1 1 0 0 1 0 0 1 0 1 1 0 0 1 1 0 0 0
program/129 0 1 1 0 0 0 1 1 0 1 1 1 1 1 1 1 0 1 1 0 1 0 1 1 1 1 1 1 0 0 1 1 1 1 0 0 1 0 0 1 0 1 1 0 0 1 1 0 0 0
program/128 0 1 1 0 0 0 1 1 0 1 1 1 1 1 1 1 0 1 1 0 1 0 1 1 1 1 1 1 0 0 1 1 1 1 0 0 1 0 0 1 0 1 1 0 0 1 1 0 0 0
program/408 0 1 1 1 0 1 1 1 0 1 1 1 1 1 1 1 0 1 0 0 1 0 1 1 1 1 1 1 0 0 1 1 1 1 0 0 1 0 0 1 0 1 0 0 0 1 1 0 0 0
program/409 0 1 0 0 0 0 0 0 0 0 0 1 1 1 1 1 0 1 0 0 1 0 1 1 1 1 1 1 0 0 1 1 1 1 0 0 1 0 0 1 0 1 0 0 0 1 1 0 0 0
program/406 1 1 1 1 0 1 1 1 1 1 1 1 1 1 1 1 1 1 0 1 1 1 1 1 1 1 1 1 1 1 1 1 1 1 1 1 1 1 1 1 1 1 0 1 1 1 1 0 0 0
program/407 0 1 0 0 0 0 0 0 0 0 0 1 1 1 1 1 0 1 0 0 1 0 1 1 1 1 1 1 0 0 1 1 1 1 0 0 1 0 0 1 0 1 0 0 0 1 1 0 0 0
program/404 1 1 1 1 0 1 1 1 1 1 1 1 1 1 1 1 1 1 0 1 1 1 1 1 1 1 1 1 1 1 1 1 1 1 1 1 1 1 1 1 1 1 0 1 1 1 1 0 0 0
program/405 1 1 1 1 0 1 1 1 0 1 1 1 0 1 1 1 0 0 0 0 0 0 1 0 1 0 1 1 0 0 1 0 1 0 0 0 0 0 0 0 0 0 0 0 0 1 0 0 0 0
program/403 1 0 1 1 0 1 1 1 1 1 1 1 0 1 0 0 1 0 0 1 0 1 0 0 0 0 0 0 1 1 0 0 0 0 0 0 0 0 1 0 1 0 0 1 0 0 0 0 0 0
program/400 1 1 1 1 0 1 1 1 1 1 1 1 1 1 1 1 1 1 0 1 1 1 1 1 1 1 1 1 1 1 1 1 1 1 1 1 1 1 1 1 1 1 0 1 1 1 1 0 0 0
program/401 1 1 1 1 0 1 1 1 1 1 1 1 1 1 1 1 1 1 0 1 1 1 1 1 1 1 1 1 1 1 1 1 1 1 1 1 1 1 1 1 1 1 0 1 1 1 1 0 0 0
program/279 1 1 1 1 0 1 1 1 1 1 1 1 1 1 1 0 0 0 0 0 1 1 1 1 1 1 1 1 1 0 1 1 1 1 1 0 1 0 0 1 0 0 1 0 1 1 1 0 0 0
program/278 1 1 1 0 0 0 1 1 1 1 1 1 1 1 1 1 0 1 1 0 1 0 1 1 1 1 1 1 0 0 1 1 1 1 1 0 1 0 0 1 0 1 1 0 0 1 1 0 0 0
program/270 0 1 0 0 0 0 0 0 0 0 0 0 1 0 0 0 0 0 0 0 0 0 0 0 0 0 0 1 0 0 0 0 0 0 0 0 1 0 0 1 0 0 0 0 0 0 1 0 0 0
program/272 0 0 0 0 0 0 0 0 0 0 0 0 0 0 0 0 0 0 0 0 0 0 0 0 0 0 0 1 0 0 0 0 0 0 0 0 1 0 0 1 0 0 0 0 0 0 1 0 0 0
program/275 1 1 1 1 0 1 1 1 0 1 1 1 0 1 1 1 1 1 1 0 1 1 1 1 1 1 1 1 0 0 1 1 1 1 0 0 1 0 1 1 1 1 1 0 1 1 1 0 0 0
program/277 1 1 1 1 0 1 1 1 1 1 1 1 1 1 1 0 0 0 0 0 1 1 1 1 1 1 1 1 1 0 1 1 1 1 1 0 1 0 0 1 0 0 1 0 1 1 1 0 0 0
program/276 1 1 1 1 0 1 1 1 1 1 1 1 0 1 1 0 0 0 1 1 1 1 1 1 1 1 1 1 0 1 1 1 1 1 0 1 0 0 0 1 0 0 1 1 1 1 0 0 0 0
program/316 0 0 0 0 0 0 0 0 0 0 0 0 0 0 1 1 1 1 0 1 1 1 1 1 1 1 1 1 1 1 1 1 1 1 0 1 0 0 1 1 1 1 0 1 1 0 0 0 0 0
program/317 1 1 1 1 0 0 0 1 1 0 0 1 1 1 0 0 1 0 0 1 1 1 0 0 0 0 0 1 1 1 1 1 0 0 1 1 1 1 0 1 1 0 0 1 1 1 1 0 0 0
program/314 1 1 1 1 0 1 1 1 1 1 1 1 1 1 0 0 1 0 0 1 1 1 0 0 0 0 0 1 1 1 1 1 0 0 1 1 1 1 0 1 1 0 0 1 1 1 1 0 0 0
program/315 1 1 1 1 0 1 1 1 1 1 1 1 1 1 1 1 1 1 0 1 1 1 1 1 1 1 1 1 1 1 1 1 1 1 1 1 0 0 1 1 1 1 0 1 1 1 0 0 0 0
program/312 1 1 1 1 0 1 1 1 1 1 1 1 1 1 1 1 1 1 1 1 1 1 1 1 1 1 1 1 1 1 1 1 1 1 1 1 1 1 1 1 0 1 1 1 0 1 1 0 0 0
program/313 1 1 1 1 0 1 1 1 1 1 1 1 1 1 1 1 1 1 1 1 1 1 1 1 1 1 1 1 1 1 1 1 1 1 1 1 1 1 1 1 1 1 1 1 1 1 1 0 0 0
program/310 1 1 1 0 0 0 1 1 1 1 1 1 1 1 1 1 0 1 1 1 1 1 1 1 1 1 1 1 1 1 1 1 1 1 1 1 1 0 0 1 1 1 1 1 1 1 1 0 0 0
program/311 0 1 0 0 0 0 1 0 0 1 1 0 1 0 1 1 1 1 1 1 1 1 1 1 1 1 1 1 1 1 1 1 1 1 1 1 1 1 1 1 1 1 1 1 1 1 1 0 0 0
program/318 0 1 0 0 0 0 1 0 0 1 1 0 1 0 1 1 1 1 1 1 1 1 1 1 1 1 1 1 1 1 1 1 1 1 0 1 1 0 1 1 1 1 1 1 1 0 1 0 0 0
program/319 1 1 1 0 0 0 1 1 1 1 1 1 1 1 1 1 1 1 1 1 1 1 1 1 1 1 1 1 1 1 1 1 1 1 1 1 1 1 0 1 1 1 1 1 1 1 1 0 0 0
