ktestWM MFI_KLEE_TOPDIR_TEST_TEMPLATE.sh-out/klee-out-0/test000001.ktest MFI_KLEE_TOPDIR_TEST_TEMPLATE.sh-out/klee-out-0/test000006.ktest MFI_KLEE_TOPDIR_TEST_TEMPLATE.sh-out/klee-out-0/test000002.ktest MFI_KLEE_TOPDIR_TEST_TEMPLATE.sh-out/klee-out-0/test000007.ktest MFI_KLEE_TOPDIR_TEST_TEMPLATE.sh-out/klee-out-0/test000009.ktest MFI_KLEE_TOPDIR_TEST_TEMPLATE.sh-out/klee-out-0/test000011.ktest MFI_KLEE_TOPDIR_TEST_TEMPLATE.sh-out/klee-out-0/test000003.ktest MFI_KLEE_TOPDIR_TEST_TEMPLATE.sh-out/klee-out-0/test000005.ktest MFI_KLEE_TOPDIR_TEST_TEMPLATE.sh-out/klee-out-0/test000004.ktest MFI_KLEE_TOPDIR_TEST_TEMPLATE.sh-out/klee-out-0/test000012.ktest MFI_KLEE_TOPDIR_TEST_TEMPLATE.sh-out/klee-out-0/test000008.ktest MFI_KLEE_TOPDIR_TEST_TEMPLATE.sh-out/klee-out-0/test000010.ktest heldout-input-pos1-out/Dev-out-0/devtest.ktest heldout-input-pos14-out/Dev-out-0/devtest.ktest heldout-input-pos2-out/Dev-out-0/devtest.ktest heldout-input-pos3-out/Dev-out-0/devtest.ktest heldout-input-pos4-out/Dev-out-0/devtest.ktest heldout-input-pos5-out/Dev-out-0/devtest.ktest heldout-input-pos6-out/Dev-out-0/devtest.ktest heldout-input-pos7-out/Dev-out-0/devtest.ktest heldout-input-pos8-out/Dev-out-0/devtest.ktest input-neg1-out/Dev-out-0/devtest.ktest input-pos1-out/Dev-out-0/devtest.ktest input-pos2-out/Dev-out-0/devtest.ktest input-pos3-out/Dev-out-0/devtest.ktest
program/161 1 1 1 1 1 1 1 1 1 1 1 1 1 1 1 1 1 1 1 1 1 1 0 0 0
program/160 1 1 1 1 1 1 1 1 1 1 1 1 1 1 1 1 1 1 1 1 1 1 0 0 0
program/163 1 1 1 1 1 1 1 1 1 1 1 1 1 1 1 1 1 1 1 1 1 1 0 0 0
program/162 1 1 1 1 1 1 1 1 1 1 1 1 1 1 1 1 1 1 1 1 1 1 0 0 0
program/165 1 1 1 1 1 1 1 1 1 1 1 1 1 1 1 1 1 1 1 1 1 1 0 0 0
program/164 1 1 1 1 1 1 1 1 1 1 1 1 1 1 1 1 1 1 1 1 1 1 0 0 0
program/167 1 1 1 1 1 1 1 1 1 1 1 1 1 1 1 1 1 1 1 1 1 1 0 0 0
program/166 0 1 1 1 1 1 1 1 1 1 1 1 1 1 1 1 1 1 1 1 1 1 0 0 0
program/169 1 1 1 1 1 1 1 1 1 1 1 1 1 1 1 1 1 1 1 1 1 1 0 0 0
program/168 1 1 1 1 1 1 1 1 1 1 1 1 1 1 1 1 1 1 1 1 1 1 0 0 0
program/363 0 1 1 1 1 1 1 1 1 1 1 1 1 1 1 1 1 1 1 1 1 1 0 0 0
program/362 0 1 1 1 1 1 1 1 1 1 1 1 1 1 1 1 1 1 1 1 1 1 0 0 0
program/361 0 1 1 1 1 1 1 1 1 1 1 1 1 1 1 1 1 1 1 1 1 1 0 0 0
program/360 0 1 1 1 1 1 1 1 1 1 1 1 1 1 1 1 1 1 1 1 1 1 0 0 0
program/367 0 1 1 1 1 1 1 1 1 1 1 1 1 1 1 1 1 1 1 1 1 1 0 0 0
program/366 0 1 1 1 1 1 1 1 1 1 1 1 1 1 1 1 1 1 1 1 1 1 0 0 0
program/365 0 1 1 1 1 1 1 1 1 1 1 1 1 1 1 1 1 1 1 1 1 1 0 0 0
program/364 0 1 1 1 1 1 1 1 1 1 1 1 1 1 1 1 1 1 1 1 1 1 0 0 0
program/369 0 1 1 1 1 1 1 1 1 1 1 1 1 1 1 1 1 1 1 1 1 1 0 0 0
program/368 0 1 1 1 1 1 1 1 1 1 1 1 1 1 1 1 1 1 1 1 1 1 0 0 0
program/1695 0 0 0 1 0 0 0 0 0 0 0 0 0 1 0 0 1 0 0 1 1 1 0 0 0
program/1694 0 0 0 1 0 0 0 0 0 0 0 0 0 1 0 0 1 0 0 1 1 1 0 0 0
program/1697 0 0 0 1 0 0 0 0 0 0 0 0 0 1 0 0 1 0 0 1 1 1 0 0 0
program/1124 1 0 0 1 0 0 1 1 1 0 0 0 0 1 0 0 1 0 0 1 1 1 0 0 0
program/1693 0 0 0 1 0 0 0 0 0 0 0 0 0 1 0 0 1 0 0 1 1 1 0 0 0
program/1692 0 0 0 1 0 0 0 0 0 0 0 0 0 1 0 0 1 0 0 1 1 1 0 0 0
program/188 0 1 1 1 1 1 1 1 1 1 1 1 1 1 1 1 1 1 1 1 1 1 0 0 0
program/183 0 1 1 1 1 1 1 1 1 1 1 1 1 1 1 1 1 1 1 1 1 1 0 0 0
program/181 0 1 1 1 1 1 1 1 1 1 1 1 1 1 1 1 1 1 1 1 1 1 0 0 0
program/180 0 1 1 1 1 1 1 1 1 1 1 1 1 1 1 1 1 1 1 1 1 1 0 0 0
program/187 0 1 1 1 1 1 1 1 0 1 1 1 1 1 1 1 1 1 1 1 1 1 0 0 0
program/184 0 1 1 1 1 1 1 1 1 1 1 1 1 1 1 1 1 1 1 1 1 1 0 0 0
program/983 0 0 0 1 0 0 0 0 0 0 0 0 0 1 1 0 1 1 0 1 1 1 0 0 0
program/982 1 0 0 0 0 0 1 1 1 0 0 0 0 0 0 0 0 0 0 0 0 0 0 0 0
program/981 0 0 0 1 0 0 0 0 0 0 0 0 1 1 0 1 1 0 1 1 1 1 0 0 0
program/980 1 0 0 0 0 0 1 1 1 0 0 0 0 0 1 0 0 1 0 0 0 0 0 0 0
program/987 1 0 0 1 0 0 1 1 1 0 0 0 1 1 1 1 1 1 1 1 1 1 0 0 0
program/986 1 0 0 1 0 0 1 1 1 0 0 0 1 1 1 1 1 1 1 1 1 1 0 0 0
program/985 1 0 0 1 0 0 1 1 1 0 0 0 1 1 1 1 1 1 1 1 1 1 0 0 0
program/984 1 0 0 0 0 0 1 1 1 0 0 0 0 0 1 0 0 1 0 0 0 0 0 0 0
program/989 1 0 0 1 0 0 1 1 1 0 0 0 1 1 1 1 1 1 1 1 1 1 0 0 0
program/988 1 0 0 1 0 0 1 1 1 0 0 0 1 1 1 1 1 1 1 1 1 1 0 0 0
program/769 1 1 0 1 0 0 1 1 1 0 0 0 1 1 1 1 1 1 1 1 1 1 0 0 0
program/768 1 1 0 1 0 0 1 1 1 0 0 0 1 1 1 1 1 1 1 1 1 1 0 0 0
program/767 1 1 0 1 0 0 1 1 1 0 0 0 1 1 1 1 1 1 1 1 1 1 0 0 0
program/766 1 1 0 1 0 0 1 1 1 0 0 0 1 1 1 1 1 1 1 1 1 1 0 0 0
program/765 1 1 0 1 0 0 1 1 1 0 0 0 1 1 1 1 1 1 1 1 1 1 0 0 0
program/764 1 1 0 1 0 0 1 1 1 0 0 0 1 1 1 1 1 1 1 1 1 1 0 0 0
program/763 1 1 0 1 0 0 1 1 1 0 0 0 1 1 1 1 1 1 1 1 1 1 0 0 0
program/762 1 1 0 1 0 0 1 1 1 0 0 0 1 1 1 1 1 1 1 1 1 1 0 0 0
program/761 1 1 0 1 0 0 1 1 1 0 0 0 1 1 1 1 1 1 1 1 1 1 0 0 0
program/760 1 1 0 1 0 0 1 1 1 0 0 0 1 1 1 1 1 1 1 1 1 1 0 0 0
program/1277 0 0 0 1 0 0 0 0 0 0 0 0 0 1 0 0 1 0 0 1 1 1 0 0 0
program/1276 0 0 0 1 0 0 0 0 0 0 0 0 0 1 0 0 1 0 0 1 1 1 0 0 0
program/1275 0 0 0 1 0 0 0 0 0 0 0 0 0 1 0 0 1 0 0 1 1 1 0 0 0
program/1274 0 0 0 1 0 0 0 0 0 0 0 0 0 1 0 0 1 0 0 1 1 1 0 0 0
program/1273 0 0 0 1 0 0 0 0 0 0 0 0 0 1 0 0 1 0 0 1 1 1 0 0 0
program/1272 0 0 0 1 0 0 0 0 0 0 0 0 0 1 0 0 1 0 0 1 1 1 0 0 0
program/1271 0 0 0 1 0 0 0 0 0 0 0 0 0 1 0 0 1 0 0 1 1 1 0 0 0
program/1270 0 0 0 1 0 0 0 0 0 0 0 0 0 1 0 0 1 0 0 1 1 1 0 0 0
program/1279 0 0 0 1 0 0 0 0 0 0 0 0 0 1 0 0 1 0 0 1 1 1 0 0 0
program/1278 0 0 0 1 0 0 0 0 0 0 0 0 0 1 0 0 1 0 0 1 1 1 0 0 0
program/1679 0 0 0 1 0 0 0 0 0 0 0 0 0 1 0 0 1 0 0 1 1 1 0 0 0
program/1678 0 0 0 1 0 0 0 0 0 0 0 0 0 1 0 0 1 0 0 1 1 1 0 0 0
program/1673 0 0 0 1 0 0 0 0 0 0 0 0 0 1 0 0 1 0 0 1 1 1 0 0 0
program/1672 0 0 0 1 0 0 0 0 0 0 0 0 0 1 0 0 1 0 0 1 1 1 0 0 0
program/1671 0 0 0 1 0 0 0 0 0 0 0 0 0 1 0 0 1 0 0 1 1 1 0 0 0
program/1670 0 0 0 1 0 0 0 0 0 0 0 0 0 1 0 0 1 0 0 1 1 1 0 0 0
program/1677 0 0 0 1 0 0 0 0 0 0 0 0 0 1 0 0 1 0 0 1 1 1 0 0 0
program/1676 0 0 0 1 0 0 0 0 0 0 0 0 0 1 0 0 1 0 0 1 1 1 0 0 0
program/1675 0 0 0 1 0 0 0 0 0 0 0 0 0 1 0 0 1 0 0 1 1 1 0 0 0
program/1674 0 0 0 1 0 0 0 0 0 0 0 0 0 1 0 0 1 0 0 1 1 1 0 0 0
program/1413 0 0 0 1 0 0 0 0 0 0 0 0 0 1 0 0 1 0 0 1 1 1 0 0 0
program/1410 0 0 0 1 0 0 0 0 0 0 0 0 0 1 0 0 1 0 0 1 1 1 0 0 0
program/1416 0 0 0 1 0 0 0 0 0 0 0 0 0 1 0 0 1 0 0 1 1 1 0 0 0
program/1415 0 0 0 1 0 0 0 0 0 0 0 0 0 1 0 0 1 0 0 1 1 1 0 0 0
program/1418 0 0 0 1 0 0 0 0 0 0 0 0 0 1 0 0 1 0 0 1 1 1 0 0 0
program/507 0 1 0 1 0 0 0 0 0 0 0 0 1 1 1 1 1 1 1 1 1 1 0 0 0
program/506 0 1 0 1 0 0 0 0 0 0 0 0 1 1 1 1 1 1 1 1 1 1 0 0 0
program/505 0 1 0 1 0 0 0 0 0 0 0 0 1 1 1 1 1 1 1 1 1 1 0 0 0
program/504 0 1 0 1 0 0 0 0 0 0 0 0 1 1 1 1 1 1 1 1 1 1 0 0 0
program/503 0 1 0 1 0 0 0 0 0 0 0 0 1 1 1 1 1 1 1 1 1 1 0 0 0
program/502 0 1 0 1 0 0 0 0 0 0 0 0 1 1 1 1 1 1 1 1 1 1 0 0 0
program/509 0 1 0 1 0 0 0 0 0 0 0 0 1 1 1 1 1 1 1 1 1 1 0 0 0
program/508 0 1 0 1 0 0 0 0 0 0 0 0 1 1 1 1 1 1 1 1 1 1 0 0 0
program/1071 0 1 0 0 0 0 0 0 0 0 0 0 1 0 1 1 0 1 1 0 0 0 0 0 0
program/1070 0 1 0 0 0 0 0 0 0 0 0 0 1 0 1 1 0 1 1 0 0 0 0 0 0
program/1073 1 0 0 1 0 0 1 1 1 0 0 0 0 1 0 0 1 0 0 1 1 1 0 0 0
program/1072 0 1 0 0 0 0 0 0 0 0 0 0 1 0 1 1 0 1 1 0 0 0 0 0 0
program/1075 1 0 0 1 0 0 1 1 1 0 0 0 0 1 0 0 1 0 0 1 1 1 0 0 0
program/1074 1 0 0 1 0 0 1 1 1 0 0 0 0 1 0 0 1 0 0 1 1 1 0 0 0
program/1077 1 0 0 1 0 0 1 1 1 0 0 0 0 1 0 0 1 0 0 1 1 1 0 0 0
program/1076 1 0 0 1 0 0 1 1 1 0 0 0 0 1 0 0 1 0 0 1 1 1 0 0 0
program/1079 1 0 0 1 0 0 1 1 1 0 0 0 0 1 0 0 1 0 0 1 1 1 0 0 0
program/1078 1 0 0 1 0 0 1 1 1 0 0 0 0 1 0 0 1 0 0 1 1 1 0 0 0
program/1309 0 0 0 1 0 0 0 0 0 0 0 0 0 1 0 0 1 0 0 1 1 1 0 0 0
program/1308 0 0 0 1 0 0 0 0 0 0 0 0 0 1 0 0 1 0 0 1 1 1 0 0 0
program/1307 0 0 0 1 0 0 0 0 0 0 0 0 0 1 0 0 1 0 0 1 1 1 0 0 0
program/1306 0 0 0 1 0 0 0 0 0 0 0 0 0 1 0 0 1 0 0 1 1 1 0 0 0
program/1305 0 0 0 1 0 0 0 0 0 0 0 0 0 1 0 0 1 0 0 1 1 1 0 0 0
program/1304 0 0 0 1 0 0 0 0 0 0 0 0 0 1 0 0 1 0 0 1 1 1 0 0 0
program/1303 0 0 0 1 0 0 0 0 0 0 0 0 0 1 0 0 1 0 0 1 1 1 0 0 0
program/1302 0 0 0 1 0 0 0 0 0 0 0 0 0 1 0 0 1 0 0 1 1 1 0 0 0
program/1301 0 0 0 1 0 0 0 0 0 0 0 0 0 1 0 0 1 0 0 1 1 1 0 0 0
program/1300 0 0 0 1 0 0 0 0 0 0 0 0 0 1 0 0 1 0 0 1 1 1 0 0 0
program/1099 1 0 0 1 0 0 1 1 1 0 0 0 0 1 0 0 1 0 0 1 1 1 0 0 0
program/1098 1 0 0 1 0 0 1 1 1 0 0 0 0 1 0 0 1 0 0 1 1 1 0 0 0
program/1097 1 0 0 1 0 0 1 1 1 0 0 0 0 1 0 0 1 0 0 1 1 1 0 0 0
program/1093 1 0 0 1 0 0 1 1 1 0 0 0 0 1 0 0 1 0 0 1 1 1 0 0 0
program/1092 1 0 0 1 0 0 1 1 1 0 0 0 0 1 0 0 1 0 0 1 1 1 0 0 0
program/1091 1 0 0 1 0 0 1 1 1 0 0 0 0 1 0 0 1 0 0 1 1 1 0 0 0
program/1090 1 0 0 1 0 0 1 1 1 0 0 0 0 1 0 0 1 0 0 1 1 1 0 0 0
program/219 0 1 1 1 1 1 1 1 1 1 1 1 1 1 1 1 1 1 1 1 1 1 0 0 0
program/218 0 1 0 1 0 0 0 0 0 1 0 0 1 1 1 1 1 1 1 1 1 1 0 0 0
program/213 0 1 1 1 1 1 1 1 1 1 1 1 1 1 1 1 1 1 1 1 1 1 0 0 0
program/212 0 1 1 1 1 1 1 1 1 1 1 1 1 1 1 1 1 1 1 1 1 1 0 0 0
program/211 0 1 1 1 1 1 1 1 1 1 1 1 1 1 1 1 1 1 1 1 1 1 0 0 0
program/210 0 1 1 1 1 1 1 1 1 1 1 1 1 1 1 1 1 1 1 1 1 1 0 0 0
program/216 0 0 1 1 1 1 1 1 1 1 1 1 1 0 1 1 0 0 1 0 0 0 0 0 0
program/214 0 1 1 1 1 1 1 1 1 1 1 1 1 1 1 1 1 1 1 1 1 1 0 0 0
program/176 1 1 1 1 1 1 1 1 1 1 1 1 1 1 1 1 1 1 1 1 1 1 0 0 0
program/177 0 1 1 1 1 1 1 1 1 1 1 1 1 1 1 1 1 1 1 1 1 1 0 0 0
program/174 1 1 1 1 1 1 1 1 1 1 1 1 1 1 1 1 1 1 1 1 1 1 0 0 0
program/175 1 1 1 1 1 1 1 1 1 1 1 1 1 1 1 1 1 1 1 1 1 1 0 0 0
program/172 1 1 1 1 1 1 1 1 1 1 1 1 1 1 1 1 1 1 1 1 1 1 0 0 0
program/173 1 1 1 1 1 1 1 1 1 1 1 1 1 1 1 1 1 1 1 1 1 1 0 0 0
program/170 1 1 1 1 1 1 1 1 1 1 1 1 1 1 1 1 1 1 1 1 1 1 0 0 0
program/171 1 1 1 1 1 1 1 1 1 1 1 1 1 1 1 1 1 1 1 1 1 1 0 0 0
program/178 1 1 1 1 1 1 1 1 1 1 1 1 1 1 1 1 1 1 1 1 1 1 0 0 0
program/179 1 1 1 1 1 1 1 1 1 1 1 1 1 1 1 1 1 1 1 1 1 1 0 0 0
program/370 0 1 1 1 1 1 1 1 1 1 1 1 1 1 1 1 1 1 1 1 1 1 0 0 0
program/371 0 1 1 1 1 1 1 1 1 1 1 1 1 1 1 1 1 1 1 1 1 1 0 0 0
program/372 1 1 0 1 0 0 1 1 1 0 0 0 1 1 1 1 1 1 1 1 1 1 0 0 0
program/373 1 1 0 1 0 0 1 1 1 0 0 0 1 1 1 1 1 1 1 1 1 1 0 0 0
program/374 1 1 0 1 0 0 1 1 1 0 0 0 1 1 1 1 1 1 1 1 1 1 0 0 0
program/375 1 1 0 1 0 0 1 1 1 0 0 0 1 1 1 1 1 1 1 1 1 1 0 0 0
program/376 1 1 0 1 0 0 1 1 1 0 0 0 1 1 1 1 1 1 1 1 1 1 0 0 0
program/377 1 1 0 1 0 0 1 1 1 0 0 0 1 1 1 1 1 1 1 1 1 1 0 0 0
program/378 1 1 0 1 0 0 1 1 1 0 0 0 1 1 1 1 1 1 1 1 1 1 0 0 0
program/379 1 1 0 1 0 0 1 1 1 0 0 0 1 1 1 1 1 1 1 1 1 1 0 0 0
program/198 0 0 1 0 0 0 0 0 0 0 0 0 0 0 0 0 0 0 0 0 0 0 0 0 0
program/199 0 1 1 1 1 1 1 1 0 1 1 1 1 1 1 1 1 1 1 1 1 1 0 0 0
program/190 0 1 1 1 1 1 1 1 0 1 1 1 1 1 1 1 1 1 1 1 1 1 0 0 0
program/191 0 1 1 1 1 1 1 1 1 1 1 1 1 1 1 1 1 1 1 1 1 1 0 0 0
program/192 0 1 1 1 1 1 1 1 1 1 1 1 1 1 1 1 1 1 1 1 1 1 0 0 0
program/193 0 1 1 1 1 1 1 1 1 1 1 1 1 1 1 1 1 1 1 1 1 1 0 0 0
program/194 0 1 1 1 0 0 0 0 0 1 0 0 1 1 1 1 1 1 1 1 1 1 0 0 0
program/195 0 1 1 1 0 0 0 0 0 1 0 0 1 1 1 1 1 1 1 1 1 1 0 0 0
program/196 0 1 1 1 1 1 1 1 1 1 1 1 1 1 1 1 1 1 1 1 1 1 0 0 0
program/197 0 0 1 1 1 1 1 1 1 1 1 1 1 0 1 1 0 0 1 0 0 0 0 0 0
program/990 1 0 0 1 0 0 1 1 1 0 0 0 1 1 0 1 1 0 1 1 1 1 0 0 0
program/993 0 0 0 0 0 0 0 0 0 0 0 0 1 0 0 1 0 0 1 0 0 0 0 0 0
program/994 1 0 0 0 0 0 1 1 1 0 0 0 1 0 0 1 0 0 1 0 0 0 0 0 0
program/995 1 0 0 1 0 0 1 1 1 0 0 0 1 1 0 1 1 0 1 1 1 1 0 0 0
program/996 1 0 0 1 0 0 1 1 1 0 0 0 1 1 0 1 1 0 1 1 1 1 0 0 0
program/997 0 0 0 1 0 0 0 0 0 0 0 0 0 1 0 0 1 0 0 1 1 1 0 0 0
program/998 1 0 0 1 0 0 1 1 1 0 0 0 1 1 0 1 1 0 1 1 1 1 0 0 0
program/999 1 0 0 1 0 0 1 1 1 0 0 0 1 1 0 1 1 0 1 1 1 1 0 0 0
program/778 1 1 0 1 0 0 1 1 1 0 0 0 1 1 1 1 1 1 1 1 1 1 0 0 0
program/779 1 1 0 1 0 0 1 1 1 0 0 0 1 1 1 1 1 1 1 1 1 1 0 0 0
program/774 1 1 0 1 0 0 1 1 1 0 0 0 1 1 1 1 1 1 1 1 1 1 0 0 0
program/775 1 1 0 1 0 0 1 1 1 0 0 0 1 1 1 1 1 1 1 1 1 1 0 0 0
program/776 1 1 0 1 0 0 1 1 1 0 0 0 1 1 1 1 1 1 1 1 1 1 0 0 0
program/777 1 1 0 1 0 0 1 1 1 0 0 0 1 1 1 1 1 1 1 1 1 1 0 0 0
program/770 1 1 0 1 0 0 1 1 1 0 0 0 1 1 1 1 1 1 1 1 1 1 0 0 0
program/771 1 1 0 1 0 0 1 1 1 0 0 0 1 1 1 1 1 1 1 1 1 1 0 0 0
program/772 1 1 0 1 0 0 1 1 1 0 0 0 1 1 1 1 1 1 1 1 1 1 0 0 0
program/773 1 1 0 1 0 0 1 1 1 0 0 0 1 1 1 1 1 1 1 1 1 1 0 0 0
program/1242 0 0 0 1 0 0 0 0 0 0 0 0 0 1 0 0 1 0 0 1 1 1 0 0 0
program/1243 0 0 0 1 0 0 0 0 0 0 0 0 0 1 0 0 1 0 0 1 1 1 0 0 0
program/1240 0 0 0 1 0 0 0 0 0 0 0 0 0 1 0 0 1 0 0 1 1 1 0 0 0
program/1241 0 0 0 1 0 0 0 0 0 0 0 0 0 1 0 0 1 0 0 1 1 1 0 0 0
program/1246 0 0 0 1 0 0 0 0 0 0 0 0 0 1 0 0 1 0 0 1 1 1 0 0 0
program/1247 0 0 0 1 0 0 0 0 0 0 0 0 0 1 0 0 1 0 0 1 1 1 0 0 0
program/1244 0 0 0 1 0 0 0 0 0 0 0 0 0 1 0 0 1 0 0 1 1 1 0 0 0
program/1245 0 0 0 1 0 0 0 0 0 0 0 0 0 1 0 0 1 0 0 1 1 1 0 0 0
program/1798 1 0 0 1 0 0 1 1 1 0 0 0 0 1 0 0 1 0 0 1 1 1 0 0 0
program/1799 1 0 0 1 0 0 1 1 1 0 0 0 0 1 0 0 1 0 0 1 1 1 0 0 0
program/1248 0 0 0 1 0 0 0 0 0 0 0 0 0 1 0 0 1 0 0 1 1 1 0 0 0
program/1249 0 0 0 1 0 0 0 0 0 0 0 0 0 1 0 0 1 0 0 1 1 1 0 0 0
program/1640 0 0 0 1 0 0 0 0 0 0 0 0 0 1 0 0 1 0 0 1 1 1 0 0 0
program/514 0 1 0 1 0 0 0 0 0 0 0 0 1 1 1 1 1 1 1 1 1 1 0 0 0
program/515 0 1 0 1 0 0 0 0 0 0 0 0 1 1 1 1 1 1 1 1 1 1 0 0 0
program/516 0 1 0 1 0 0 0 0 0 0 0 0 1 1 1 1 1 1 1 1 1 1 0 0 0
program/517 0 1 0 1 0 0 0 0 0 0 0 0 1 1 1 1 1 1 1 1 1 1 0 0 0
program/510 0 1 0 1 0 0 0 0 0 0 0 0 1 1 1 1 1 1 1 1 1 1 0 0 0
program/512 0 0 0 0 0 0 0 0 0 0 0 0 1 0 1 1 0 0 1 0 0 0 0 0 0
program/513 0 1 0 1 0 0 0 0 0 0 0 0 1 1 1 1 1 1 1 1 1 1 0 0 0
program/518 0 0 0 0 0 0 0 0 0 0 0 0 1 0 1 1 0 0 1 0 0 0 0 0 0
program/1338 0 0 0 1 0 0 0 0 0 0 0 0 0 1 0 0 1 0 0 1 1 1 0 0 0
program/1339 0 0 0 1 0 0 0 0 0 0 0 0 0 1 0 0 1 0 0 1 1 1 0 0 0
program/1332 0 0 0 1 0 0 0 0 0 0 0 0 0 1 0 0 1 0 0 1 1 1 0 0 0
program/1333 0 0 0 1 0 0 0 0 0 0 0 0 0 1 0 0 1 0 0 1 1 1 0 0 0
program/1330 0 0 0 1 0 0 0 0 0 0 0 0 0 1 0 0 1 0 0 1 1 1 0 0 0
program/1331 0 0 0 1 0 0 0 0 0 0 0 0 0 1 0 0 1 0 0 1 1 1 0 0 0
program/1336 0 0 0 1 0 0 0 0 0 0 0 0 0 1 0 0 1 0 0 1 1 1 0 0 0
program/1337 0 0 0 1 0 0 0 0 0 0 0 0 0 1 0 0 1 0 0 1 1 1 0 0 0
program/1334 0 0 0 1 0 0 0 0 0 0 0 0 0 1 0 0 1 0 0 1 1 1 0 0 0
program/1335 0 0 0 1 0 0 0 0 0 0 0 0 0 1 0 0 1 0 0 1 1 1 0 0 0
program/208 0 1 1 1 1 1 1 1 1 1 1 1 1 1 1 1 1 1 1 1 1 1 0 0 0
program/209 0 1 1 1 1 1 1 1 1 1 1 1 1 1 1 1 1 1 1 1 1 1 0 0 0
program/200 0 1 1 1 1 1 1 1 1 1 1 1 1 1 1 1 1 1 1 1 1 1 0 0 0
program/201 0 0 1 0 0 0 0 0 0 0 0 0 0 0 0 0 0 0 0 0 0 0 0 0 0
program/202 0 0 1 1 1 1 1 1 1 1 1 1 1 0 1 1 0 0 1 0 0 0 0 0 0
program/203 0 1 0 1 0 0 0 0 0 1 0 0 1 1 1 1 1 1 1 1 1 1 0 0 0
program/204 0 1 1 1 1 1 1 1 0 1 1 1 1 1 1 1 1 1 1 1 1 1 0 0 0
program/205 0 1 1 1 1 1 1 1 1 1 1 1 1 1 1 1 1 1 1 1 1 1 0 0 0
program/206 0 1 1 1 1 1 1 1 1 1 1 1 1 1 1 1 1 1 1 1 1 1 0 0 0
program/207 0 1 0 1 0 0 0 0 0 1 0 0 1 1 1 1 1 1 1 1 1 1 0 0 0
program/1428 0 0 0 1 0 0 0 0 0 0 0 0 0 1 0 0 1 0 0 1 1 1 0 0 0
program/1429 0 0 0 1 0 0 0 0 0 0 0 0 0 1 0 0 1 0 0 1 1 1 0 0 0
program/1427 0 0 0 1 0 0 0 0 0 0 0 0 0 1 0 0 1 0 0 1 1 1 0 0 0
program/1425 0 0 0 1 0 0 0 0 0 0 0 0 0 1 0 0 1 0 0 1 1 1 0 0 0
program/1422 0 0 0 1 0 0 0 0 0 0 0 0 0 1 0 0 1 0 0 1 1 1 0 0 0
program/1423 0 0 0 1 0 0 0 0 0 0 0 0 0 1 0 0 1 0 0 1 1 1 0 0 0
program/1420 0 0 0 1 0 0 0 0 0 0 0 0 0 1 0 0 1 0 0 1 1 1 0 0 0
program/1421 0 0 0 1 0 0 0 0 0 0 0 0 0 1 0 0 1 0 0 1 1 1 0 0 0
program/345 0 1 1 1 1 1 1 1 1 1 1 1 1 1 1 1 1 1 1 1 1 1 0 0 0
program/344 0 1 1 1 1 1 1 1 1 1 1 1 1 1 1 1 1 1 1 1 1 1 0 0 0
program/347 0 1 1 1 1 1 1 1 1 1 1 1 1 1 1 1 1 1 1 1 1 1 0 0 0
program/346 0 1 1 1 1 1 1 1 1 1 1 1 1 1 1 1 1 1 1 1 1 1 0 0 0
program/341 0 1 1 1 1 1 1 1 1 1 1 1 1 1 1 1 1 1 1 1 1 1 0 0 0
program/343 0 1 1 1 1 1 1 1 1 1 1 1 1 1 1 1 1 1 1 1 1 1 0 0 0
program/342 0 1 1 1 1 1 1 1 1 1 1 1 1 1 1 1 1 1 1 1 1 1 0 0 0
program/349 0 1 1 1 1 1 1 1 1 1 1 1 1 1 1 1 1 1 1 1 1 1 0 0 0
program/348 0 1 1 1 1 1 1 1 1 1 1 1 1 1 1 1 1 1 1 1 1 1 0 0 0
program/839 1 1 0 1 0 0 1 1 1 0 0 0 1 1 1 1 1 1 1 1 1 1 0 0 0
program/838 1 1 0 1 0 0 1 1 1 0 0 0 1 1 1 1 1 1 1 1 1 1 0 0 0
program/833 1 1 0 1 0 0 1 1 1 0 0 0 1 1 1 1 1 1 1 1 1 1 0 0 0
program/832 1 1 0 1 0 0 1 1 1 0 0 0 1 1 1 1 1 1 1 1 1 1 0 0 0
program/831 1 1 0 1 0 0 1 1 1 0 0 0 1 1 1 1 1 1 1 1 1 1 0 0 0
program/830 1 1 0 1 0 0 1 1 1 0 0 0 1 1 1 1 1 1 1 1 1 1 0 0 0
program/837 1 1 0 1 0 0 1 1 1 0 0 0 1 1 1 1 1 1 1 1 1 1 0 0 0
program/836 1 1 0 1 0 0 1 1 1 0 0 0 1 1 1 1 1 1 1 1 1 1 0 0 0
program/835 1 1 0 1 0 0 1 1 1 0 0 0 1 1 1 1 1 1 1 1 1 1 0 0 0
program/834 1 1 0 1 0 0 1 1 1 0 0 0 1 1 1 1 1 1 1 1 1 1 0 0 0
program/741 1 1 0 1 0 0 1 1 1 0 0 0 1 1 1 1 1 1 1 1 1 1 0 0 0
program/740 1 1 0 1 0 0 1 1 1 0 0 0 1 1 1 1 1 1 1 1 1 1 0 0 0
program/743 1 1 0 1 0 0 1 1 1 0 0 0 1 1 1 1 1 1 1 1 1 1 0 0 0
program/742 1 1 0 1 0 0 1 1 1 0 0 0 1 1 1 1 1 1 1 1 1 1 0 0 0
program/745 1 1 0 1 0 0 1 1 1 0 0 0 1 1 1 1 1 1 1 1 1 1 0 0 0
program/744 1 1 0 1 0 0 1 1 1 0 0 0 1 1 1 1 1 1 1 1 1 1 0 0 0
program/747 1 1 0 1 0 0 1 1 1 0 0 0 1 1 1 1 1 1 1 1 1 1 0 0 0
program/746 1 1 0 1 0 0 1 1 1 0 0 0 1 1 1 1 1 1 1 1 1 1 0 0 0
program/749 1 1 0 1 0 0 1 1 1 0 0 0 1 1 1 1 1 1 1 1 1 1 0 0 0
program/748 1 1 0 1 0 0 1 1 1 0 0 0 1 1 1 1 1 1 1 1 1 1 0 0 0
program/1783 0 0 0 1 0 0 0 0 0 0 0 0 0 1 0 0 1 0 0 1 1 1 0 0 0
program/1782 0 0 0 1 0 0 0 0 0 0 0 0 0 1 0 0 1 0 0 1 1 1 0 0 0
program/1781 0 0 0 1 0 0 0 0 0 0 0 0 0 1 0 0 1 0 0 1 1 1 0 0 0
program/1780 0 0 0 1 0 0 0 0 0 0 0 0 0 1 0 0 1 0 0 1 1 1 0 0 0
program/1787 0 0 0 1 0 0 0 0 0 0 0 0 0 1 0 0 1 0 0 1 1 1 0 0 0
program/1786 0 0 0 1 0 0 0 0 0 0 0 0 0 1 0 0 1 0 0 1 1 1 0 0 0
program/1785 0 0 0 1 0 0 0 0 0 0 0 0 0 1 0 0 1 0 0 1 1 1 0 0 0
program/1784 0 0 0 1 0 0 0 0 0 0 0 0 0 1 0 0 1 0 0 1 1 1 0 0 0
program/1789 0 0 0 1 0 0 0 0 0 0 0 0 0 1 0 0 1 0 0 1 1 1 0 0 0
program/1788 0 0 0 1 0 0 0 0 0 0 0 0 0 1 0 0 1 0 0 1 1 1 0 0 0
program/697 1 1 0 1 0 0 1 1 1 0 0 0 1 1 1 1 1 1 1 1 1 1 0 0 0
program/696 1 1 0 1 0 0 1 1 1 0 0 0 1 1 1 1 1 1 1 1 1 1 0 0 0
program/695 1 1 0 1 0 0 1 1 1 0 0 0 1 1 1 1 1 1 1 1 1 1 0 0 0
program/694 1 1 0 1 0 0 1 1 1 0 0 0 1 1 1 1 1 1 1 1 1 1 0 0 0
program/693 1 1 0 1 0 0 1 1 1 0 0 0 1 1 1 1 1 1 1 1 1 1 0 0 0
program/692 1 1 0 1 0 0 1 1 1 0 0 0 1 1 1 1 1 1 1 1 1 1 0 0 0
program/691 1 1 0 1 0 0 1 1 1 0 0 0 1 1 1 1 1 1 1 1 1 1 0 0 0
program/690 1 1 0 1 0 0 1 1 1 0 0 0 1 1 1 1 1 1 1 1 1 1 0 0 0
program/699 1 1 0 1 0 0 1 1 1 0 0 0 1 1 1 1 1 1 1 1 1 1 0 0 0
program/698 1 1 0 1 0 0 1 1 1 0 0 0 1 1 1 1 1 1 1 1 1 1 0 0 0
program/529 0 1 0 1 0 0 0 0 0 0 0 0 1 1 1 1 1 1 1 1 1 1 0 0 0
program/528 0 1 0 1 0 0 0 0 0 0 0 0 1 1 1 1 1 1 1 1 1 1 0 0 0
program/521 0 1 0 1 0 0 0 0 0 0 0 0 1 1 1 1 1 1 1 1 1 1 0 0 0
program/520 0 0 0 0 0 0 0 0 0 0 0 0 1 0 1 1 0 0 1 0 0 0 0 0 0
program/523 0 1 0 1 0 0 0 0 0 0 0 0 1 1 1 1 1 1 1 1 1 1 0 0 0
program/524 0 1 0 1 0 0 0 0 0 0 0 0 1 1 1 1 1 1 1 1 1 1 0 0 0
program/527 0 1 0 1 0 0 0 0 0 0 0 0 1 1 1 1 1 1 1 1 1 1 0 0 0
program/526 0 1 0 1 0 0 0 0 0 0 0 0 1 1 1 1 1 1 1 1 1 1 0 0 0
program/1259 0 0 0 1 0 0 0 0 0 0 0 0 0 1 0 0 1 0 0 1 1 1 0 0 0
program/1258 0 0 0 1 0 0 0 0 0 0 0 0 0 1 0 0 1 0 0 1 1 1 0 0 0
program/1255 0 0 0 1 0 0 0 0 0 0 0 0 0 1 0 0 1 0 0 1 1 1 0 0 0
program/1254 0 0 0 1 0 0 0 0 0 0 0 0 0 1 0 0 1 0 0 1 1 1 0 0 0
program/1257 0 0 0 1 0 0 0 0 0 0 0 0 0 1 0 0 1 0 0 1 1 1 0 0 0
program/1256 0 0 0 1 0 0 0 0 0 0 0 0 0 1 0 0 1 0 0 1 1 1 0 0 0
program/1251 0 0 0 1 0 0 0 0 0 0 0 0 0 1 0 0 1 0 0 1 1 1 0 0 0
program/1250 0 0 0 1 0 0 0 0 0 0 0 0 0 1 0 0 1 0 0 1 1 1 0 0 0
program/1253 0 0 0 1 0 0 0 0 0 0 0 0 0 1 0 0 1 0 0 1 1 1 0 0 0
program/1252 0 0 0 1 0 0 0 0 0 0 0 0 0 1 0 0 1 0 0 1 1 1 0 0 0
program/1325 0 0 0 1 0 0 0 0 0 0 0 0 0 1 0 0 1 0 0 1 1 1 0 0 0
program/1324 0 0 0 1 0 0 0 0 0 0 0 0 0 1 0 0 1 0 0 1 1 1 0 0 0
program/1327 0 0 0 1 0 0 0 0 0 0 0 0 0 1 0 0 1 0 0 1 1 1 0 0 0
program/1326 0 0 0 1 0 0 0 0 0 0 0 0 0 1 0 0 1 0 0 1 1 1 0 0 0
program/1321 0 0 0 1 0 0 0 0 0 0 0 0 0 1 0 0 1 0 0 1 1 1 0 0 0
program/1320 0 0 0 1 0 0 0 0 0 0 0 0 0 1 0 0 1 0 0 1 1 1 0 0 0
program/1323 0 0 0 1 0 0 0 0 0 0 0 0 0 1 0 0 1 0 0 1 1 1 0 0 0
program/1322 0 0 0 1 0 0 0 0 0 0 0 0 0 1 0 0 1 0 0 1 1 1 0 0 0
program/1329 0 0 0 1 0 0 0 0 0 0 0 0 0 1 0 0 1 0 0 1 1 1 0 0 0
program/1328 0 0 0 1 0 0 0 0 0 0 0 0 0 1 0 0 1 0 0 1 1 1 0 0 0
program/239 0 0 1 1 1 1 1 1 1 1 1 1 1 0 1 1 0 0 1 0 0 0 0 0 0
program/238 0 0 1 1 1 1 1 1 1 1 1 1 1 0 1 1 0 0 1 0 0 0 0 0 0
program/235 0 0 1 1 1 1 1 1 1 1 1 1 1 0 1 1 0 0 1 0 0 0 0 0 0
program/234 0 0 1 1 1 1 1 1 1 1 1 1 1 0 1 1 0 0 1 0 0 0 0 0 0
program/237 0 0 1 1 1 1 1 1 1 1 1 1 1 0 1 1 0 0 1 0 0 0 0 0 0
program/236 0 0 1 1 1 1 1 1 1 1 1 1 1 0 1 1 0 0 1 0 0 0 0 0 0
program/231 0 0 1 1 1 1 1 1 1 1 1 1 1 0 1 1 0 0 1 0 0 0 0 0 0
program/230 0 0 1 1 1 1 1 1 1 1 1 1 1 0 1 1 0 0 1 0 0 0 0 0 0
program/233 0 0 1 1 1 1 1 1 1 1 1 1 1 0 1 1 0 0 1 0 0 0 0 0 0
program/232 0 0 1 1 1 1 1 1 1 1 1 1 1 0 1 1 0 0 1 0 0 0 0 0 0
program/1438 0 0 0 1 0 0 0 0 0 0 0 0 0 1 0 0 1 0 0 1 1 1 0 0 0
program/1431 0 0 0 1 0 0 0 0 0 0 0 0 0 1 0 0 1 0 0 1 1 1 0 0 0
program/1433 0 0 0 1 0 0 0 0 0 0 0 0 0 1 0 0 1 0 0 1 1 1 0 0 0
program/1432 0 0 0 1 0 0 0 0 0 0 0 0 0 1 0 0 1 0 0 1 1 1 0 0 0
program/1435 0 0 0 1 0 0 0 0 0 0 0 0 0 1 0 0 1 0 0 1 1 1 0 0 0
program/1437 0 0 0 1 0 0 0 0 0 0 0 0 0 1 0 0 1 0 0 1 1 1 0 0 0
program/358 0 1 1 1 1 1 1 1 1 1 1 1 1 1 1 1 1 1 1 1 1 1 0 0 0
program/359 0 1 1 1 1 1 1 1 1 1 1 1 1 1 1 1 1 1 1 1 1 1 0 0 0
program/352 0 1 1 1 1 1 1 1 1 1 1 1 1 1 1 1 1 1 1 1 1 1 0 0 0
program/353 0 1 1 1 1 1 1 1 1 1 1 1 1 1 1 1 1 1 1 1 1 1 0 0 0
program/350 0 1 1 1 1 1 1 1 1 1 1 1 1 1 1 1 1 1 1 1 1 1 0 0 0
program/351 0 1 1 1 1 1 1 1 1 1 1 1 1 1 1 1 1 1 1 1 1 1 0 0 0
program/356 0 0 1 1 1 1 1 1 0 1 1 1 1 1 1 1 1 1 1 1 1 1 0 0 0
program/357 0 0 1 1 1 1 1 1 0 1 1 1 1 1 1 1 1 1 1 1 1 1 0 0 0
program/354 0 1 1 1 1 1 1 1 1 1 1 1 1 1 1 1 1 1 1 1 1 1 0 0 0
program/355 0 1 1 1 1 1 1 1 1 1 1 1 1 1 1 1 1 1 1 1 1 1 0 0 0
program/828 1 1 0 1 0 0 1 1 1 0 0 0 1 1 1 1 1 1 1 1 1 1 0 0 0
program/829 1 1 0 1 0 0 1 1 1 0 0 0 1 1 1 1 1 1 1 1 1 1 0 0 0
program/820 1 1 0 1 0 0 1 1 1 0 0 0 1 1 1 1 1 1 1 1 1 1 0 0 0
program/821 1 1 0 1 0 0 1 1 1 0 0 0 1 1 1 1 1 1 1 1 1 1 0 0 0
program/822 1 1 0 1 0 0 1 1 1 0 0 0 1 1 1 1 1 1 1 1 1 1 0 0 0
program/823 1 1 0 1 0 0 1 1 1 0 0 0 1 1 1 1 1 1 1 1 1 1 0 0 0
program/824 1 1 0 1 0 0 1 1 1 0 0 0 1 1 1 1 1 1 1 1 1 1 0 0 0
program/825 1 1 0 1 0 0 1 1 1 0 0 0 1 1 1 1 1 1 1 1 1 1 0 0 0
program/826 1 1 0 1 0 0 1 1 1 0 0 0 1 1 1 1 1 1 1 1 1 1 0 0 0
program/827 1 1 0 1 0 0 1 1 1 0 0 0 1 1 1 1 1 1 1 1 1 1 0 0 0
program/756 1 1 0 1 0 0 1 1 1 0 0 0 1 1 1 1 1 1 1 1 1 1 0 0 0
program/757 1 1 0 1 0 0 1 1 1 0 0 0 1 1 1 1 1 1 1 1 1 1 0 0 0
program/754 1 1 0 1 0 0 1 1 1 0 0 0 1 1 1 1 1 1 1 1 1 1 0 0 0
program/755 1 1 0 1 0 0 1 1 1 0 0 0 1 1 1 1 1 1 1 1 1 1 0 0 0
program/752 1 1 0 1 0 0 1 1 1 0 0 0 1 1 1 1 1 1 1 1 1 1 0 0 0
program/753 1 1 0 1 0 0 1 1 1 0 0 0 1 1 1 1 1 1 1 1 1 1 0 0 0
program/750 1 1 0 1 0 0 1 1 1 0 0 0 1 1 1 1 1 1 1 1 1 1 0 0 0
program/751 1 1 0 1 0 0 1 1 1 0 0 0 1 1 1 1 1 1 1 1 1 1 0 0 0
program/758 1 1 0 1 0 0 1 1 1 0 0 0 1 1 1 1 1 1 1 1 1 1 0 0 0
program/759 1 1 0 1 0 0 1 1 1 0 0 0 1 1 1 1 1 1 1 1 1 1 0 0 0
program/684 1 1 0 1 0 0 1 1 1 0 0 0 1 1 1 1 1 1 1 1 1 1 0 0 0
program/685 1 1 0 1 0 0 1 1 1 0 0 0 1 1 1 1 1 1 1 1 1 1 0 0 0
program/686 1 1 0 1 0 0 1 1 1 0 0 0 1 1 1 1 1 1 1 1 1 1 0 0 0
program/687 1 1 0 1 0 0 1 1 1 0 0 0 1 1 1 1 1 1 1 1 1 1 0 0 0
program/680 1 1 0 1 0 0 1 1 1 0 0 0 1 1 1 1 1 1 1 1 1 1 0 0 0
program/681 1 1 0 1 0 0 1 1 1 0 0 0 1 1 1 1 1 1 1 1 1 1 0 0 0
program/682 1 1 0 1 0 0 1 1 1 0 0 0 1 1 1 1 1 1 1 1 1 1 0 0 0
program/683 1 1 0 1 0 0 1 1 1 0 0 0 1 1 1 1 1 1 1 1 1 1 0 0 0
program/688 1 1 0 1 0 0 1 1 1 0 0 0 1 1 1 1 1 1 1 1 1 1 0 0 0
program/689 1 1 0 1 0 0 1 1 1 0 0 0 1 1 1 1 1 1 1 1 1 1 0 0 0
program/1134 0 0 0 1 0 0 0 0 0 0 0 0 0 1 0 0 1 0 0 1 1 1 0 0 0
program/1135 0 0 0 1 0 0 0 0 0 0 0 0 0 1 0 0 1 0 0 1 1 1 0 0 0
program/1136 0 0 0 1 0 0 0 0 0 0 0 0 0 1 0 0 1 0 0 1 1 1 0 0 0
program/1137 0 0 0 1 0 0 0 0 0 0 0 0 0 1 0 0 1 0 0 1 1 1 0 0 0
program/1130 0 0 0 1 0 0 0 0 0 0 0 0 0 1 0 0 1 0 0 1 1 1 0 0 0
program/1131 0 0 0 1 0 0 0 0 0 0 0 0 0 1 0 0 1 0 0 1 1 1 0 0 0
program/1132 0 0 0 1 0 0 0 0 0 0 0 0 0 1 0 0 1 0 0 1 1 1 0 0 0
program/1133 0 0 0 1 0 0 0 0 0 0 0 0 0 1 0 0 1 0 0 1 1 1 0 0 0
program/1682 0 0 0 1 0 0 0 0 0 0 0 0 0 1 0 0 1 0 0 1 1 1 0 0 0
program/1683 0 0 0 1 0 0 0 0 0 0 0 0 0 1 0 0 1 0 0 1 1 1 0 0 0
program/1680 0 0 0 1 0 0 0 0 0 0 0 0 0 1 0 0 1 0 0 1 1 1 0 0 0
program/1681 0 0 0 1 0 0 0 0 0 0 0 0 0 1 0 0 1 0 0 1 1 1 0 0 0
program/1138 0 0 0 1 0 0 0 0 0 0 0 0 0 1 0 0 1 0 0 1 1 1 0 0 0
program/1139 0 0 0 1 0 0 0 0 0 0 0 0 0 1 0 0 1 0 0 1 1 1 0 0 0
program/1684 0 0 0 1 0 0 0 0 0 0 0 0 0 1 0 0 1 0 0 1 1 1 0 0 0
program/1685 0 0 0 1 0 0 0 0 0 0 0 0 0 1 0 0 1 0 0 1 1 1 0 0 0
program/538 0 0 0 1 0 0 0 0 0 0 0 0 1 1 0 0 1 1 0 1 1 1 0 0 0
program/539 0 1 0 1 0 0 0 0 0 0 0 0 1 1 1 1 1 1 1 1 1 1 0 0 0
program/536 0 0 0 1 0 0 0 0 0 0 0 0 1 1 0 0 1 1 0 1 1 1 0 0 0
program/537 0 1 0 1 0 0 0 0 0 0 0 0 1 1 1 1 1 1 1 1 1 1 0 0 0
program/534 0 1 0 1 0 0 0 0 0 0 0 0 1 1 1 1 1 1 1 1 1 1 0 0 0
program/535 0 1 0 1 0 0 0 0 0 0 0 0 1 1 1 1 1 1 1 1 1 1 0 0 0
program/532 0 1 0 1 0 0 0 0 0 0 0 0 1 1 1 1 1 1 1 1 1 1 0 0 0
program/533 0 1 0 1 0 0 0 0 0 0 0 0 1 1 1 1 1 1 1 1 1 1 0 0 0
program/1228 0 0 0 1 0 0 0 0 0 0 0 0 0 1 0 0 1 0 0 1 1 1 0 0 0
program/1229 0 0 0 1 0 0 0 0 0 0 0 0 0 1 0 0 1 0 0 1 1 1 0 0 0
program/1220 0 0 0 1 0 0 0 0 0 0 0 0 0 1 0 0 1 0 0 1 1 1 0 0 0
program/1221 0 0 0 1 0 0 0 0 0 0 0 0 0 1 0 0 1 0 0 1 1 1 0 0 0
program/1222 0 0 0 1 0 0 0 0 0 0 0 0 0 1 0 0 1 0 0 1 1 1 0 0 0
program/1223 0 0 0 1 0 0 0 0 0 0 0 0 0 1 0 0 1 0 0 1 1 1 0 0 0
program/1224 0 0 0 1 0 0 0 0 0 0 0 0 0 1 0 0 1 0 0 1 1 1 0 0 0
program/1225 0 0 0 1 0 0 0 0 0 0 0 0 0 1 0 0 1 0 0 1 1 1 0 0 0
program/1226 0 0 0 1 0 0 0 0 0 0 0 0 0 1 0 0 1 0 0 1 1 1 0 0 0
program/1227 0 0 0 1 0 0 0 0 0 0 0 0 0 1 0 0 1 0 0 1 1 1 0 0 0
program/1350 0 0 0 1 0 0 0 0 0 0 0 0 0 1 0 0 1 0 0 1 1 1 0 0 0
program/1351 0 0 0 1 0 0 0 0 0 0 0 0 0 1 0 0 1 0 0 1 1 1 0 0 0
program/1352 0 0 0 1 0 0 0 0 0 0 0 0 0 1 0 0 1 0 0 1 1 1 0 0 0
program/1353 0 0 0 1 0 0 0 0 0 0 0 0 0 1 0 0 1 0 0 1 1 1 0 0 0
program/1354 0 0 0 1 0 0 0 0 0 0 0 0 0 1 0 0 1 0 0 1 1 1 0 0 0
program/1355 0 0 0 1 0 0 0 0 0 0 0 0 0 1 0 0 1 0 0 1 1 1 0 0 0
program/1356 0 0 0 1 0 0 0 0 0 0 0 0 0 1 0 0 1 0 0 1 1 1 0 0 0
program/1357 0 0 0 1 0 0 0 0 0 0 0 0 0 1 0 0 1 0 0 1 1 1 0 0 0
program/1358 0 0 0 1 0 0 0 0 0 0 0 0 0 1 0 0 1 0 0 1 1 1 0 0 0
program/1359 0 0 0 1 0 0 0 0 0 0 0 0 0 1 0 0 1 0 0 1 1 1 0 0 0
program/222 0 1 0 1 0 0 0 0 0 1 0 0 1 1 1 1 1 1 1 1 1 1 0 0 0
program/220 0 1 1 1 1 1 1 1 1 1 1 1 1 1 1 1 1 1 1 1 1 1 0 0 0
program/221 0 1 0 1 0 0 0 0 0 1 0 0 1 1 1 1 1 1 1 1 1 1 0 0 0
program/226 0 0 1 1 1 1 1 1 1 1 1 1 1 0 1 1 0 0 1 0 0 0 0 0 0
program/227 0 0 1 1 1 1 1 1 1 1 1 1 1 0 1 1 0 0 1 0 0 0 0 0 0
program/224 0 1 0 1 0 0 0 0 0 1 0 0 1 1 1 1 1 1 1 1 1 1 0 0 0
program/225 0 0 1 1 1 1 1 1 1 1 1 1 1 0 1 1 0 0 1 0 0 0 0 0 0
program/228 0 0 1 1 1 1 1 1 1 1 1 1 1 0 1 1 0 0 1 0 0 0 0 0 0
program/229 0 0 1 1 1 1 1 1 1 1 1 1 1 0 1 1 0 0 1 0 0 0 0 0 0
program/329 0 0 0 1 0 0 0 0 0 1 0 0 1 1 1 1 1 1 1 1 1 1 0 0 0
program/328 0 1 0 1 0 0 0 0 0 1 0 0 1 1 1 1 1 1 1 1 1 1 0 0 0
program/327 0 1 0 1 0 0 0 0 0 1 0 0 1 1 1 1 1 1 1 1 1 1 0 0 0
program/326 0 0 0 1 0 0 0 0 0 1 0 0 1 1 1 1 1 1 1 1 1 1 0 0 0
program/325 0 1 0 1 0 0 0 0 0 1 0 0 1 1 1 1 1 1 1 1 1 1 0 0 0
program/324 0 0 0 1 0 0 0 0 0 1 0 0 1 1 1 1 1 1 1 1 1 1 0 0 0
program/323 0 1 0 1 0 0 0 0 0 1 0 0 1 1 1 1 1 1 1 1 1 1 0 0 0
program/322 0 1 0 1 0 0 0 0 0 1 0 0 1 1 1 1 1 1 1 1 1 1 0 0 0
program/321 0 0 0 1 0 0 0 0 0 1 0 0 1 1 1 1 1 1 1 1 1 1 0 0 0
program/320 0 1 0 1 0 0 0 0 0 1 0 0 1 1 1 1 1 1 1 1 1 1 0 0 0
program/819 1 1 0 1 0 0 1 1 1 0 0 0 1 1 1 1 1 1 1 1 1 1 0 0 0
program/818 1 1 0 1 0 0 1 1 1 0 0 0 1 1 1 1 1 1 1 1 1 1 0 0 0
program/815 1 1 0 1 0 0 1 1 1 0 0 0 1 1 1 1 1 1 1 1 1 1 0 0 0
program/814 1 1 0 1 0 0 1 1 1 0 0 0 1 1 1 1 1 1 1 1 1 1 0 0 0
program/817 1 1 0 1 0 0 1 1 1 0 0 0 1 1 1 1 1 1 1 1 1 1 0 0 0
program/816 1 1 0 1 0 0 1 1 1 0 0 0 1 1 1 1 1 1 1 1 1 1 0 0 0
program/811 1 1 0 1 0 0 1 1 1 0 0 0 1 1 1 1 1 1 1 1 1 1 0 0 0
program/810 1 1 0 1 0 0 1 1 1 0 0 0 1 1 1 1 1 1 1 1 1 1 0 0 0
program/813 1 1 0 1 0 0 1 1 1 0 0 0 1 1 1 1 1 1 1 1 1 1 0 0 0
program/812 1 1 0 1 0 0 1 1 1 0 0 0 1 1 1 1 1 1 1 1 1 1 0 0 0
program/1127 0 0 0 1 0 0 0 0 0 0 0 0 0 1 0 0 1 0 0 1 1 1 0 0 0
program/1126 1 0 0 1 0 0 1 1 1 0 0 0 0 1 0 0 1 0 0 1 1 1 0 0 0
program/1125 1 0 0 1 0 0 1 1 1 0 0 0 0 1 0 0 1 0 0 1 1 1 0 0 0
program/1696 0 0 0 1 0 0 0 0 0 0 0 0 0 1 0 0 1 0 0 1 1 1 0 0 0
program/1122 1 0 0 1 0 0 1 1 1 0 0 0 0 1 0 0 1 0 0 1 1 1 0 0 0
program/1121 0 0 0 1 0 0 0 0 0 0 0 0 0 1 0 0 1 0 0 1 1 1 0 0 0
program/1120 1 0 0 1 0 0 1 1 1 0 0 0 0 1 0 0 1 0 0 1 1 1 0 0 0
program/1699 0 0 0 1 0 0 0 0 0 0 0 0 0 1 0 0 1 0 0 1 1 1 0 0 0
program/1698 0 0 0 1 0 0 0 0 0 0 0 0 0 1 0 0 1 0 0 1 1 1 0 0 0
program/1129 1 0 0 1 0 0 1 1 1 0 0 0 0 1 0 0 1 0 0 1 1 1 0 0 0
program/1128 1 0 0 1 0 0 1 1 1 0 0 0 0 1 0 0 1 0 0 1 1 1 0 0 0
program/789 1 1 0 1 0 0 1 1 1 0 0 0 1 1 1 1 1 1 1 1 1 1 0 0 0
program/788 1 1 0 1 0 0 1 1 1 0 0 0 1 1 1 1 1 1 1 1 1 1 0 0 0
program/785 1 1 0 1 0 0 1 1 1 0 0 0 1 1 1 1 1 1 1 1 1 1 0 0 0
program/784 1 1 0 1 0 0 1 1 1 0 0 0 1 1 1 1 1 1 1 1 1 1 0 0 0
program/787 1 1 0 1 0 0 1 1 1 0 0 0 1 1 1 1 1 1 1 1 1 1 0 0 0
program/786 1 1 0 1 0 0 1 1 1 0 0 0 1 1 1 1 1 1 1 1 1 1 0 0 0
program/781 1 1 0 1 0 0 1 1 1 0 0 0 1 1 1 1 1 1 1 1 1 1 0 0 0
program/780 1 1 0 1 0 0 1 1 1 0 0 0 1 1 1 1 1 1 1 1 1 1 0 0 0
program/783 1 1 0 1 0 0 1 1 1 0 0 0 1 1 1 1 1 1 1 1 1 1 0 0 0
program/782 1 1 0 1 0 0 1 1 1 0 0 0 1 1 1 1 1 1 1 1 1 1 0 0 0
program/1239 0 0 0 1 0 0 0 0 0 0 0 0 0 1 0 0 1 0 0 1 1 1 0 0 0
program/1238 0 0 0 1 0 0 0 0 0 0 0 0 0 1 0 0 1 0 0 1 1 1 0 0 0
program/1233 0 0 0 1 0 0 0 0 0 0 0 0 0 1 0 0 1 0 0 1 1 1 0 0 0
program/1232 0 0 0 1 0 0 0 0 0 0 0 0 0 1 0 0 1 0 0 1 1 1 0 0 0
program/1231 0 0 0 1 0 0 0 0 0 0 0 0 0 1 0 0 1 0 0 1 1 1 0 0 0
program/1230 0 0 0 1 0 0 0 0 0 0 0 0 0 1 0 0 1 0 0 1 1 1 0 0 0
program/1237 0 0 0 1 0 0 0 0 0 0 0 0 0 1 0 0 1 0 0 1 1 1 0 0 0
program/1236 0 0 0 1 0 0 0 0 0 0 0 0 0 1 0 0 1 0 0 1 1 1 0 0 0
program/1235 0 0 0 1 0 0 0 0 0 0 0 0 0 1 0 0 1 0 0 1 1 1 0 0 0
program/1234 0 0 0 1 0 0 0 0 0 0 0 0 0 1 0 0 1 0 0 1 1 1 0 0 0
program/1343 0 0 0 1 0 0 0 0 0 0 0 0 0 1 0 0 1 0 0 1 1 1 0 0 0
program/1342 0 0 0 1 0 0 0 0 0 0 0 0 0 1 0 0 1 0 0 1 1 1 0 0 0
program/1341 0 0 0 1 0 0 0 0 0 0 0 0 0 1 0 0 1 0 0 1 1 1 0 0 0
program/1340 0 0 0 1 0 0 0 0 0 0 0 0 0 1 0 0 1 0 0 1 1 1 0 0 0
program/1347 0 0 0 1 0 0 0 0 0 0 0 0 0 1 0 0 1 0 0 1 1 1 0 0 0
program/1346 0 0 0 1 0 0 0 0 0 0 0 0 0 1 0 0 1 0 0 1 1 1 0 0 0
program/1345 0 0 0 1 0 0 0 0 0 0 0 0 0 1 0 0 1 0 0 1 1 1 0 0 0
program/1344 0 0 0 1 0 0 0 0 0 0 0 0 0 1 0 0 1 0 0 1 1 1 0 0 0
program/1349 0 0 0 1 0 0 0 0 0 0 0 0 0 1 0 0 1 0 0 1 1 1 0 0 0
program/1348 0 0 0 1 0 0 0 0 0 0 0 0 0 1 0 0 1 0 0 1 1 1 0 0 0
program/257 0 0 1 1 1 1 1 1 1 1 1 1 1 0 1 1 0 0 1 0 0 0 0 0 0
program/256 0 0 1 1 1 1 1 1 1 1 1 1 1 0 1 1 0 0 1 0 0 0 0 0 0
program/255 0 0 1 1 1 1 1 1 1 1 1 1 1 0 1 1 0 0 1 0 0 0 0 0 0
program/254 0 0 1 1 1 1 1 1 1 1 1 1 1 0 1 1 0 0 1 0 0 0 0 0 0
program/253 0 0 1 1 1 1 1 1 1 1 1 1 1 0 1 1 0 0 1 0 0 0 0 0 0
program/252 0 0 1 1 1 1 1 1 1 1 1 1 1 0 1 1 0 0 1 0 0 0 0 0 0
program/259 0 0 1 1 1 1 1 1 1 1 1 1 1 0 1 1 0 0 1 0 0 0 0 0 0
program/258 0 0 1 1 1 1 1 1 1 1 1 1 1 0 1 1 0 0 1 0 0 0 0 0 0
program/338 0 1 1 1 1 1 1 1 1 1 1 1 1 1 1 1 1 1 1 1 1 1 0 0 0
program/334 0 1 0 1 0 0 0 0 0 1 0 0 1 1 1 1 1 1 1 1 1 1 0 0 0
program/335 0 1 0 1 0 0 0 0 0 1 0 0 1 1 1 1 1 1 1 1 1 1 0 0 0
program/336 0 1 1 1 1 1 1 1 1 1 1 1 1 1 1 1 1 1 1 1 1 1 0 0 0
program/337 0 1 1 1 1 1 1 1 1 1 1 1 1 1 1 1 1 1 1 1 1 1 0 0 0
program/330 0 1 0 1 0 0 0 0 0 1 0 0 1 1 1 1 1 1 1 1 1 1 0 0 0
program/331 0 0 0 1 0 0 0 0 0 1 0 0 1 1 1 1 1 1 1 1 1 1 0 0 0
program/332 0 1 0 1 0 0 0 0 0 1 0 0 1 1 1 1 1 1 1 1 1 1 0 0 0
program/333 0 0 0 1 0 0 0 0 0 1 0 0 1 1 1 1 1 1 1 1 1 1 0 0 0
program/802 1 1 0 1 0 0 1 1 1 0 0 0 1 1 1 1 1 1 1 1 1 1 0 0 0
program/803 1 1 0 1 0 0 1 1 1 0 0 0 1 1 1 1 1 1 1 1 1 1 0 0 0
program/800 1 1 0 1 0 0 1 1 1 0 0 0 1 1 1 1 1 1 1 1 1 1 0 0 0
program/801 1 1 0 1 0 0 1 1 1 0 0 0 1 1 1 1 1 1 1 1 1 1 0 0 0
program/806 1 1 0 1 0 0 1 1 1 0 0 0 1 1 1 1 1 1 1 1 1 1 0 0 0
program/807 1 1 0 1 0 0 1 1 1 0 0 0 1 1 1 1 1 1 1 1 1 1 0 0 0
program/804 1 1 0 1 0 0 1 1 1 0 0 0 1 1 1 1 1 1 1 1 1 1 0 0 0
program/805 1 1 0 1 0 0 1 1 1 0 0 0 1 1 1 1 1 1 1 1 1 1 0 0 0
program/808 1 1 0 1 0 0 1 1 1 0 0 0 1 1 1 1 1 1 1 1 1 1 0 0 0
program/809 1 1 0 1 0 0 1 1 1 0 0 0 1 1 1 1 1 1 1 1 1 1 0 0 0
program/1112 1 0 0 1 0 0 1 1 1 0 0 0 0 1 0 0 1 0 0 1 1 1 0 0 0
program/1113 0 0 0 1 0 0 0 0 0 0 0 0 0 1 0 0 1 0 0 1 1 1 0 0 0
program/1110 1 0 0 1 0 0 1 1 1 0 0 0 0 1 0 0 1 0 0 1 1 1 0 0 0
program/1111 1 0 0 1 0 0 1 1 1 0 0 0 0 1 0 0 1 0 0 1 1 1 0 0 0
program/1116 1 0 0 1 0 0 1 1 1 0 0 0 0 1 0 0 1 0 0 1 1 1 0 0 0
program/1117 1 0 0 1 0 0 1 1 1 0 0 0 0 1 0 0 1 0 0 1 1 1 0 0 0
program/1114 1 0 0 1 0 0 1 1 1 0 0 0 0 1 0 0 1 0 0 1 1 1 0 0 0
program/1115 0 0 0 1 0 0 0 0 0 0 0 0 0 1 0 0 1 0 0 1 1 1 0 0 0
program/1118 1 0 0 1 0 0 1 1 1 0 0 0 0 1 0 0 1 0 0 1 1 1 0 0 0
program/1119 0 0 0 1 0 0 0 0 0 0 0 0 0 1 0 0 1 0 0 1 1 1 0 0 0
program/792 1 1 0 1 0 0 1 1 1 0 0 0 1 1 1 1 1 1 1 1 1 1 0 0 0
program/793 1 1 0 1 0 0 1 1 1 0 0 0 1 1 1 1 1 1 1 1 1 1 0 0 0
program/790 1 1 0 1 0 0 1 1 1 0 0 0 1 1 1 1 1 1 1 1 1 1 0 0 0
program/791 1 1 0 1 0 0 1 1 1 0 0 0 1 1 1 1 1 1 1 1 1 1 0 0 0
program/796 1 1 0 1 0 0 1 1 1 0 0 0 1 1 1 1 1 1 1 1 1 1 0 0 0
program/797 1 1 0 1 0 0 1 1 1 0 0 0 1 1 1 1 1 1 1 1 1 1 0 0 0
program/794 1 1 0 1 0 0 1 1 1 0 0 0 1 1 1 1 1 1 1 1 1 1 0 0 0
program/795 1 1 0 1 0 0 1 1 1 0 0 0 1 1 1 1 1 1 1 1 1 1 0 0 0
program/798 1 1 0 1 0 0 1 1 1 0 0 0 1 1 1 1 1 1 1 1 1 1 0 0 0
program/799 1 1 0 1 0 0 1 1 1 0 0 0 1 1 1 1 1 1 1 1 1 1 0 0 0
program/1754 0 0 0 1 0 0 0 0 0 0 0 0 0 1 0 0 1 0 0 1 1 1 0 0 0
program/1207 0 0 0 1 0 0 0 0 0 0 0 0 0 1 0 0 1 0 0 1 1 1 0 0 0
program/1204 0 0 0 1 0 0 0 0 0 0 0 0 0 1 0 0 1 0 0 1 1 1 0 0 0
program/1757 0 0 0 1 0 0 0 0 0 0 0 0 0 1 0 0 1 0 0 1 1 1 0 0 0
program/1203 0 0 0 1 0 0 0 0 0 0 0 0 0 1 0 0 1 0 0 1 1 1 0 0 0
program/1200 0 0 0 1 0 0 0 0 0 0 0 0 0 1 0 0 1 0 0 1 1 1 0 0 0
program/1201 0 0 0 1 0 0 0 0 0 0 0 0 0 1 0 0 1 0 0 1 1 1 0 0 0
program/1758 0 0 0 1 0 0 0 0 0 0 0 0 0 1 0 0 1 0 0 1 1 1 0 0 0
program/1759 0 0 0 1 0 0 0 0 0 0 0 0 0 1 0 0 1 0 0 1 1 1 0 0 0
program/1209 0 0 0 1 0 0 0 0 0 0 0 0 0 1 0 0 1 0 0 1 1 1 0 0 0
program/244 0 0 1 1 1 1 1 1 1 1 1 1 1 0 1 1 0 0 1 0 0 0 0 0 0
program/245 0 0 1 1 1 1 1 1 1 1 1 1 1 0 1 1 0 0 1 0 0 0 0 0 0
program/246 0 0 1 1 1 1 1 1 1 1 1 1 1 0 1 1 0 0 1 0 0 0 0 0 0
program/247 0 0 1 1 1 1 1 1 1 1 1 1 1 0 1 1 0 0 1 0 0 0 0 0 0
program/240 0 0 1 1 1 1 1 1 1 1 1 1 1 0 1 1 0 0 1 0 0 0 0 0 0
program/241 0 0 1 1 1 1 1 1 1 1 1 1 1 0 1 1 0 0 1 0 0 0 0 0 0
program/242 0 0 1 1 1 1 1 1 1 1 1 1 1 0 1 1 0 0 1 0 0 0 0 0 0
program/243 0 0 1 1 1 1 1 1 1 1 1 1 1 0 1 1 0 0 1 0 0 0 0 0 0
program/248 0 0 1 1 1 1 1 1 1 1 1 1 1 0 1 1 0 0 1 0 0 0 0 0 0
program/249 0 0 1 1 1 1 1 1 1 1 1 1 1 0 1 1 0 0 1 0 0 0 0 0 0
program/301 0 0 0 1 0 0 0 0 0 1 0 0 1 1 1 1 1 1 1 1 1 1 0 0 0
program/300 0 1 0 1 0 0 0 0 0 1 0 0 1 1 1 1 1 1 1 1 1 1 0 0 0
program/303 0 0 0 1 0 0 0 0 0 1 0 0 1 1 1 1 1 1 1 1 1 1 0 0 0
program/302 0 1 0 1 0 0 0 0 0 1 0 0 1 1 1 1 1 1 1 1 1 1 0 0 0
program/305 0 1 0 1 0 0 0 0 0 1 0 0 1 1 1 1 1 1 1 1 1 1 0 0 0
program/304 0 0 0 1 0 0 0 0 0 1 0 0 1 1 1 1 1 1 1 1 1 1 0 0 0
program/307 0 1 0 1 0 0 0 0 0 1 0 0 1 1 1 1 1 1 1 1 1 1 0 0 0
program/306 0 0 0 1 0 0 0 0 0 1 0 0 1 1 1 1 1 1 1 1 1 1 0 0 0
program/309 0 0 0 1 0 0 0 0 0 1 0 0 1 1 1 1 1 1 1 1 1 1 0 0 0
program/308 0 1 0 1 0 0 0 0 0 1 0 0 1 1 1 1 1 1 1 1 1 1 0 0 0
program/1372 0 0 0 1 0 0 0 0 0 0 0 0 0 1 0 0 1 0 0 1 1 1 0 0 0
program/1370 0 0 0 1 0 0 0 0 0 0 0 0 0 1 0 0 1 0 0 1 1 1 0 0 0
program/1371 0 0 0 1 0 0 0 0 0 0 0 0 0 1 0 0 1 0 0 1 1 1 0 0 0
program/1808 1 0 0 1 0 0 1 1 1 0 0 0 0 1 0 0 1 0 0 1 1 1 0 0 0
program/1809 1 0 0 1 0 0 1 1 1 0 0 0 0 1 0 0 1 0 0 1 1 1 0 0 0
program/1804 1 0 0 1 0 0 1 1 1 0 0 0 0 1 0 0 1 0 0 1 1 1 0 0 0
program/1805 1 0 0 1 0 0 1 1 1 0 0 0 0 1 0 0 1 0 0 1 1 1 0 0 0
program/1806 1 0 0 1 0 0 1 1 1 0 0 0 0 1 0 0 1 0 0 1 1 1 0 0 0
program/1807 1 0 0 1 0 0 1 1 1 0 0 0 0 1 0 0 1 0 0 1 1 1 0 0 0
program/1800 1 0 0 1 0 0 1 1 1 0 0 0 0 1 0 0 1 0 0 1 1 1 0 0 0
program/1801 1 0 0 1 0 0 1 1 1 0 0 0 0 1 0 0 1 0 0 1 1 1 0 0 0
program/1802 1 0 0 1 0 0 1 1 1 0 0 0 0 1 0 0 1 0 0 1 1 1 0 0 0
program/1803 1 0 0 1 0 0 1 1 1 0 0 0 0 1 0 0 1 0 0 1 1 1 0 0 0
program/877 1 1 0 1 0 0 1 1 1 0 0 0 1 1 1 1 1 1 1 1 1 1 0 0 0
program/876 1 1 0 1 0 0 1 1 1 0 0 0 1 1 1 1 1 1 1 1 1 1 0 0 0
program/875 1 1 0 1 0 0 1 1 1 0 0 0 1 1 1 1 1 1 1 1 1 1 0 0 0
program/874 1 1 0 1 0 0 1 1 1 0 0 0 1 1 1 1 1 1 1 1 1 1 0 0 0
program/873 1 1 0 1 0 0 1 1 1 0 0 0 1 1 1 1 1 1 1 1 1 1 0 0 0
program/872 1 1 0 1 0 0 1 1 1 0 0 0 1 1 1 1 1 1 1 1 1 1 0 0 0
program/871 1 1 0 1 0 0 1 1 1 0 0 0 1 1 1 1 1 1 1 1 1 1 0 0 0
program/870 1 1 0 1 0 0 1 1 1 0 0 0 1 1 1 1 1 1 1 1 1 1 0 0 0
program/879 1 1 0 1 0 0 1 1 1 0 0 0 1 1 1 1 1 1 1 1 1 1 0 0 0
program/878 1 1 0 1 0 0 1 1 1 0 0 0 1 1 1 1 1 1 1 1 1 1 0 0 0
program/909 1 1 0 0 0 0 1 1 1 0 0 0 0 0 0 0 0 0 0 0 0 0 0 0 0
program/908 0 0 0 1 0 0 0 0 0 0 0 0 1 1 1 1 1 1 1 1 1 1 0 0 0
program/903 1 1 0 1 0 0 1 1 1 0 0 0 1 1 1 1 1 1 1 1 1 1 0 0 0
program/902 1 1 0 1 0 0 1 1 1 0 0 0 1 1 1 1 1 1 1 1 1 1 0 0 0
program/901 0 0 0 1 0 0 0 0 0 0 0 0 1 1 1 1 1 1 1 1 1 1 0 0 0
program/900 1 1 0 1 0 0 1 1 1 0 0 0 1 1 1 1 1 1 1 1 1 1 0 0 0
program/907 1 0 0 0 0 0 1 1 1 0 0 0 0 0 0 0 0 0 0 0 0 0 0 0 0
program/906 1 1 0 1 0 0 1 1 1 0 0 0 1 1 1 1 1 1 1 1 1 1 0 0 0
program/905 1 1 0 1 0 0 1 1 1 0 0 0 1 1 1 1 1 1 1 1 1 1 0 0 0
program/904 0 0 0 1 0 0 0 0 0 0 0 0 1 1 1 1 1 1 1 1 1 1 0 0 0
program/491 0 1 0 1 0 0 1 1 1 0 0 0 1 1 1 1 1 1 1 1 1 1 0 0 0
program/490 0 1 0 1 0 0 1 1 1 0 0 0 1 1 1 1 1 1 1 1 1 1 0 0 0
program/493 0 1 0 1 0 0 1 1 1 0 0 0 1 1 1 1 1 1 1 1 1 1 0 0 0
program/492 0 1 0 1 0 0 1 1 1 0 0 0 1 1 1 1 1 1 1 1 1 1 0 0 0
program/495 0 1 0 1 0 0 1 1 1 0 0 0 1 1 1 1 1 1 1 1 1 1 0 0 0
program/494 0 1 0 1 0 0 1 1 1 0 0 0 1 1 1 1 1 1 1 1 1 1 0 0 0
program/497 0 1 0 1 0 0 0 0 0 0 0 0 1 1 1 1 1 1 1 1 1 1 0 0 0
program/496 0 1 0 1 0 0 0 0 0 0 0 0 1 1 1 1 1 1 1 1 1 1 0 0 0
program/653 1 1 0 1 0 0 1 1 1 0 0 0 1 1 1 1 1 1 1 1 1 1 0 0 0
program/652 1 1 0 1 0 0 1 1 1 0 0 0 1 1 1 1 1 1 1 1 1 1 0 0 0
program/651 1 1 0 1 0 0 1 1 1 0 0 0 1 1 1 1 1 1 1 1 1 1 0 0 0
program/650 0 0 0 1 0 0 0 0 0 0 0 0 0 0 1 1 0 0 1 0 1 0 0 0 0
program/657 1 1 0 1 0 0 1 1 1 0 0 0 1 1 1 1 1 1 1 1 1 1 0 0 0
program/656 1 1 0 1 0 0 1 1 1 0 0 0 1 1 1 1 1 1 1 1 1 1 0 0 0
program/655 1 1 0 1 0 0 1 1 1 0 0 0 1 1 1 1 1 1 1 1 1 1 0 0 0
program/654 1 1 0 1 0 0 1 1 1 0 0 0 1 1 1 1 1 1 1 1 1 1 0 0 0
program/659 1 1 0 1 0 0 1 1 1 0 0 0 1 1 1 1 1 1 1 1 1 1 0 0 0
program/658 1 1 0 1 0 0 1 1 1 0 0 0 1 1 1 1 1 1 1 1 1 1 0 0 0
program/1206 0 0 0 1 0 0 0 0 0 0 0 0 0 1 0 0 1 0 0 1 1 1 0 0 0
program/1755 0 0 0 1 0 0 0 0 0 0 0 0 0 1 0 0 1 0 0 1 1 1 0 0 0
program/1756 0 0 0 1 0 0 0 0 0 0 0 0 0 1 0 0 1 0 0 1 1 1 0 0 0
program/1752 0 0 0 1 0 0 0 0 0 0 0 0 0 1 0 0 1 0 0 1 1 1 0 0 0
program/1753 0 0 0 1 0 0 0 0 0 0 0 0 0 1 0 0 1 0 0 1 1 1 0 0 0
program/1747 0 0 0 1 0 0 0 0 0 0 0 0 0 1 0 0 1 0 0 1 1 1 0 0 0
program/1746 0 0 0 1 0 0 0 0 0 0 0 0 0 1 0 0 1 0 0 1 1 1 0 0 0
program/1745 0 0 0 1 0 0 0 0 0 0 0 0 0 1 0 0 1 0 0 1 1 1 0 0 0
program/1744 0 0 0 1 0 0 0 0 0 0 0 0 0 1 0 0 1 0 0 1 1 1 0 0 0
program/1743 0 0 0 1 0 0 0 0 0 0 0 0 0 1 0 0 1 0 0 1 1 1 0 0 0
program/1742 0 0 0 1 0 0 0 0 0 0 0 0 0 1 0 0 1 0 0 1 1 1 0 0 0
program/1741 0 0 0 1 0 0 0 0 0 0 0 0 0 1 0 0 1 0 0 1 1 1 0 0 0
program/1740 0 0 0 1 0 0 0 0 0 0 0 0 0 1 0 0 1 0 0 1 1 1 0 0 0
program/1219 0 0 0 1 0 0 0 0 0 0 0 0 0 1 0 0 1 0 0 1 1 1 0 0 0
program/1218 0 0 0 1 0 0 0 0 0 0 0 0 0 1 0 0 1 0 0 1 1 1 0 0 0
program/1749 0 0 0 1 0 0 0 0 0 0 0 0 0 1 0 0 1 0 0 1 1 1 0 0 0
program/1748 0 0 0 1 0 0 0 0 0 0 0 0 0 1 0 0 1 0 0 1 1 1 0 0 0
program/279 0 0 1 1 1 1 1 1 1 1 1 1 1 0 1 1 0 0 1 0 0 0 0 0 0
program/278 0 0 1 1 1 1 1 1 1 1 1 1 1 0 1 1 0 0 1 0 0 0 0 0 0
program/271 0 0 1 1 1 1 1 1 1 1 1 1 1 0 1 1 0 0 1 0 0 0 0 0 0
program/270 0 0 1 1 1 1 1 1 1 1 1 1 1 0 1 1 0 0 1 0 0 0 0 0 0
program/273 0 0 1 1 1 1 1 1 1 1 1 1 1 0 1 1 0 0 1 0 0 0 0 0 0
program/272 0 0 1 1 1 1 1 1 1 1 1 1 1 0 1 1 0 0 1 0 0 0 0 0 0
program/275 0 0 1 1 1 1 1 1 1 1 1 1 1 0 1 1 0 0 1 0 0 0 0 0 0
program/274 0 0 1 1 1 1 1 1 1 1 1 1 1 0 1 1 0 0 1 0 0 0 0 0 0
program/277 0 0 1 1 1 1 1 1 1 1 1 1 1 0 1 1 0 0 1 0 0 0 0 0 0
program/276 0 0 1 1 1 1 1 1 1 1 1 1 1 0 1 1 0 0 1 0 0 0 0 0 0
program/479 0 1 0 1 0 0 1 1 1 0 0 0 1 1 1 1 1 1 1 1 1 1 0 0 0
program/478 0 1 0 1 0 0 1 1 1 0 0 0 1 1 1 1 1 1 1 1 1 1 0 0 0
program/473 0 1 0 1 0 0 1 1 1 0 0 0 1 1 1 1 1 1 1 1 1 1 0 0 0
program/472 0 1 0 1 0 0 1 1 1 0 0 0 1 1 1 1 1 1 1 1 1 1 0 0 0
program/471 0 0 0 1 0 0 0 0 0 0 0 0 0 0 1 1 0 0 1 0 0 0 0 0 0
program/470 0 0 0 1 0 0 1 1 1 0 0 0 0 0 1 1 0 0 1 0 0 0 0 0 0
program/477 0 1 0 1 0 0 1 1 1 0 0 0 1 1 1 1 1 1 1 1 1 1 0 0 0
program/476 0 1 0 1 0 0 1 1 1 0 0 0 1 1 1 1 1 1 1 1 1 1 0 0 0
program/475 0 1 0 1 0 0 0 0 0 0 0 0 1 1 1 1 1 1 1 1 1 1 0 0 0
program/474 0 1 0 1 0 0 1 1 1 0 0 0 1 1 1 1 1 1 1 1 1 1 0 0 0
program/1109 1 0 0 1 0 0 1 1 1 0 0 0 0 1 0 0 1 0 0 1 1 1 0 0 0
program/1108 0 0 0 1 0 0 0 0 0 0 0 0 0 1 0 0 1 0 0 1 1 1 0 0 0
program/1105 1 0 0 1 0 0 1 1 1 0 0 0 0 1 0 0 1 0 0 1 1 1 0 0 0
program/1104 0 0 0 1 0 0 0 0 0 0 0 0 0 1 0 0 1 0 0 1 1 1 0 0 0
program/1107 1 0 0 1 0 0 1 1 1 0 0 0 0 1 0 0 1 0 0 1 1 1 0 0 0
program/1106 1 0 0 1 0 0 1 1 1 0 0 0 0 1 0 0 1 0 0 1 1 1 0 0 0
program/1101 1 0 0 1 0 0 1 1 1 0 0 0 0 1 0 0 1 0 0 1 1 1 0 0 0
program/1100 1 0 0 1 0 0 1 1 1 0 0 0 0 1 0 0 1 0 0 1 1 1 0 0 0
program/1103 1 0 0 1 0 0 1 1 1 0 0 0 0 1 0 0 1 0 0 1 1 1 0 0 0
program/1102 1 0 0 1 0 0 1 1 1 0 0 0 0 1 0 0 1 0 0 1 1 1 0 0 0
program/1828 1 1 0 1 0 0 1 1 1 0 0 0 1 1 1 1 1 1 1 1 1 1 0 0 0
program/316 0 0 0 1 0 0 0 0 0 1 0 0 1 1 0 1 1 0 1 1 1 1 0 0 0
program/317 0 1 0 1 0 0 0 0 0 1 0 0 1 1 1 1 1 1 1 1 1 1 0 0 0
program/314 0 1 0 1 0 0 0 0 0 1 0 0 1 1 1 1 1 1 1 1 1 1 0 0 0
program/315 0 1 0 1 0 0 0 0 0 1 0 0 1 1 1 1 1 1 1 1 1 1 0 0 0
program/312 0 1 0 1 0 0 0 0 0 1 0 0 1 1 1 1 1 1 1 1 1 1 0 0 0
program/313 0 1 0 1 0 0 0 0 0 1 0 0 1 1 1 1 1 1 1 1 1 1 0 0 0
program/310 0 1 0 1 0 0 0 0 0 1 0 0 1 1 1 1 1 1 1 1 1 1 0 0 0
program/311 0 0 0 1 0 0 0 0 0 1 0 0 1 1 1 1 1 1 1 1 1 1 0 0 0
program/318 0 0 0 1 0 0 0 0 0 1 0 0 1 1 1 1 1 1 1 1 1 1 0 0 0
program/319 0 1 0 1 0 0 0 0 0 1 0 0 1 1 1 1 1 1 1 1 1 1 0 0 0
program/1369 0 0 0 1 0 0 0 0 0 0 0 0 0 1 0 0 1 0 0 1 1 1 0 0 0
program/1368 0 0 0 1 0 0 0 0 0 0 0 0 0 1 0 0 1 0 0 1 1 1 0 0 0
program/1361 0 0 0 1 0 0 0 0 0 0 0 0 0 1 0 0 1 0 0 1 1 1 0 0 0
program/1360 0 0 0 1 0 0 0 0 0 0 0 0 0 1 0 0 1 0 0 1 1 1 0 0 0
program/1363 0 0 0 1 0 0 0 0 0 0 0 0 0 1 0 0 1 0 0 1 1 1 0 0 0
program/1362 0 0 0 1 0 0 0 0 0 0 0 0 0 1 0 0 1 0 0 1 1 1 0 0 0
program/1365 0 0 0 1 0 0 0 0 0 0 0 0 0 1 0 0 1 0 0 1 1 1 0 0 0
program/1364 0 0 0 1 0 0 0 0 0 0 0 0 0 1 0 0 1 0 0 1 1 1 0 0 0
program/1367 0 0 0 1 0 0 0 0 0 0 0 0 0 1 0 0 1 0 0 1 1 1 0 0 0
program/1366 0 0 0 1 0 0 0 0 0 0 0 0 0 1 0 0 1 0 0 1 1 1 0 0 0
program/1821 1 0 0 1 0 0 1 1 1 0 0 0 0 1 0 0 1 0 0 1 1 1 0 0 0
program/1819 1 0 0 1 0 0 1 1 1 0 0 0 0 1 0 0 1 0 0 1 1 1 0 0 0
program/1818 1 0 0 1 0 0 1 1 1 0 0 0 0 1 0 0 1 0 0 1 1 1 0 0 0
program/1817 0 0 0 1 0 0 0 0 0 0 0 0 0 1 0 0 1 0 0 1 1 1 0 0 0
program/1810 1 0 0 1 0 0 1 1 1 0 0 0 0 1 0 0 1 0 0 1 1 1 0 0 0
program/864 1 1 0 1 0 0 1 1 1 0 0 0 1 1 1 1 1 1 1 1 1 1 0 0 0
program/865 1 1 0 1 0 0 1 1 1 0 0 0 1 1 1 1 1 1 1 1 1 1 0 0 0
program/866 1 1 0 1 0 0 1 1 1 0 0 0 1 1 1 1 1 1 1 1 1 1 0 0 0
program/867 1 1 0 1 0 0 1 1 1 0 0 0 1 1 1 1 1 1 1 1 1 1 0 0 0
program/860 1 1 0 1 0 0 1 1 1 0 0 0 1 1 1 1 1 1 1 1 1 1 0 0 0
program/861 1 1 0 1 0 0 1 1 1 0 0 0 1 1 1 1 1 1 1 1 1 1 0 0 0
program/862 1 1 0 1 0 0 1 1 1 0 0 0 1 1 1 1 1 1 1 1 1 1 0 0 0
program/863 1 1 0 1 0 0 1 1 1 0 0 0 1 1 1 1 1 1 1 1 1 1 0 0 0
program/868 1 1 0 1 0 0 1 1 1 0 0 0 1 1 1 1 1 1 1 1 1 1 0 0 0
program/869 1 1 0 1 0 0 1 1 1 0 0 0 1 1 1 1 1 1 1 1 1 1 0 0 0
program/918 1 0 0 1 0 0 1 1 1 0 0 0 1 1 1 1 1 1 1 1 1 1 0 0 0
program/919 0 0 0 1 0 0 0 0 0 0 0 0 1 1 1 1 1 1 1 1 1 1 0 0 0
program/910 0 1 0 1 0 0 0 0 0 0 0 0 1 1 1 1 1 1 1 1 1 1 0 0 0
program/911 1 0 0 1 0 0 1 1 1 0 0 0 1 1 1 1 1 1 1 1 1 1 0 0 0
program/912 0 1 0 1 0 0 0 0 0 0 0 0 1 1 1 1 1 1 1 1 1 1 0 0 0
program/913 1 1 0 0 0 0 1 1 1 0 0 0 0 0 0 0 0 0 0 0 0 0 0 0 0
program/914 0 0 0 0 0 0 0 0 0 0 0 0 1 0 0 1 0 0 1 0 0 0 0 0 0
program/915 0 0 0 1 0 0 0 0 0 0 0 0 1 1 1 1 1 1 1 1 1 1 0 0 0
program/916 1 0 0 1 0 0 1 1 1 0 0 0 1 1 1 1 1 1 1 1 1 1 0 0 0
program/917 0 0 0 1 0 0 0 0 0 0 0 0 1 1 1 1 1 1 1 1 1 1 0 0 0
program/486 0 0 0 1 0 0 1 1 1 0 0 0 0 0 1 1 0 0 1 0 0 0 0 0 0
program/487 0 0 0 1 0 0 0 0 0 0 0 0 0 0 1 1 0 0 1 0 0 0 0 0 0
program/484 0 1 0 1 0 0 1 1 1 0 0 0 1 1 1 1 1 1 1 1 1 1 0 0 0
program/485 0 1 0 1 0 0 0 0 0 0 0 0 1 1 1 1 1 1 1 1 1 1 0 0 0
program/482 0 1 0 1 0 0 0 0 0 0 0 0 1 1 1 1 1 1 1 1 1 1 0 0 0
program/483 0 1 0 1 0 0 1 1 1 0 0 0 1 1 1 1 1 1 1 1 1 1 0 0 0
program/480 0 0 0 1 0 0 0 0 0 0 0 0 0 0 1 1 0 0 1 0 0 0 0 0 0
program/481 0 0 0 1 0 0 1 1 1 0 0 0 0 0 1 1 0 0 1 0 0 0 0 0 0
program/488 0 1 0 1 0 0 1 1 1 0 0 0 1 1 1 1 1 1 1 1 1 1 0 0 0
program/489 0 1 0 1 0 0 0 0 0 0 0 0 1 1 1 1 1 1 1 1 1 1 0 0 0
program/640 1 1 0 1 0 0 1 1 1 0 0 0 1 1 1 1 1 1 1 1 1 1 0 0 0
program/641 1 1 0 1 0 0 1 1 1 0 0 0 1 1 1 1 1 1 1 1 1 1 0 0 0
program/642 1 1 0 0 0 0 1 1 1 0 0 0 1 1 0 1 1 1 1 1 1 1 0 0 0
program/643 1 1 0 0 0 0 1 1 1 0 0 0 1 1 0 1 1 1 1 1 1 1 0 0 0
program/644 1 1 0 1 0 0 1 1 1 0 0 0 1 1 1 1 1 1 1 1 1 1 0 0 0
program/645 0 0 0 1 0 0 0 0 0 0 0 0 0 0 1 1 0 0 1 0 0 0 0 0 0
program/646 0 0 0 0 0 0 0 0 0 0 0 0 0 0 0 1 0 0 1 0 0 0 0 0 0
program/647 0 0 0 0 0 0 0 0 0 0 0 0 0 0 0 1 0 0 1 0 0 0 0 0 0
program/648 0 0 0 1 0 0 0 0 0 0 0 0 0 0 1 1 0 0 1 0 0 0 0 0 0
program/649 0 0 0 1 0 0 0 0 0 0 0 0 0 0 0 1 0 0 1 0 1 0 0 0 0
program/1772 0 0 0 1 0 0 0 0 0 0 0 0 0 1 0 0 1 0 0 1 1 1 0 0 0
program/1773 0 0 0 1 0 0 0 0 0 0 0 0 0 1 0 0 1 0 0 1 1 1 0 0 0
program/1770 0 0 0 1 0 0 0 0 0 0 0 0 0 1 0 0 1 0 0 1 1 1 0 0 0
program/1771 0 0 0 1 0 0 0 0 0 0 0 0 0 1 0 0 1 0 0 1 1 1 0 0 0
program/1776 0 0 0 1 0 0 0 0 0 0 0 0 0 1 0 0 1 0 0 1 1 1 0 0 0
program/1777 0 0 0 1 0 0 0 0 0 0 0 0 0 1 0 0 1 0 0 1 1 1 0 0 0
program/1774 0 0 0 1 0 0 0 0 0 0 0 0 0 1 0 0 1 0 0 1 1 1 0 0 0
program/1775 0 0 0 1 0 0 0 0 0 0 0 0 0 1 0 0 1 0 0 1 1 1 0 0 0
program/1778 0 0 0 1 0 0 0 0 0 0 0 0 0 1 0 0 1 0 0 1 1 1 0 0 0
program/1779 0 0 0 1 0 0 0 0 0 0 0 0 0 1 0 0 1 0 0 1 1 1 0 0 0
program/1004 1 0 0 0 0 0 1 1 1 0 0 0 0 0 0 0 0 0 0 0 0 0 0 0 0
program/1005 0 0 0 1 0 0 0 0 0 0 0 0 0 1 0 0 1 0 0 1 1 1 0 0 0
program/1006 1 0 0 0 0 0 1 1 1 0 0 0 1 0 0 1 0 0 1 0 0 0 0 0 0
program/1007 0 0 0 1 0 0 0 0 0 0 0 0 1 1 0 1 1 0 1 1 1 1 0 0 0
program/1000 0 0 0 1 0 0 0 0 0 0 0 0 0 1 0 0 1 0 0 1 1 1 0 0 0
program/1001 1 0 0 1 0 0 1 1 1 0 0 0 1 1 0 1 1 0 1 1 1 1 0 0 0
program/1002 1 0 0 1 0 0 1 1 1 0 0 0 1 1 0 1 1 0 1 1 1 1 0 0 0
program/1003 1 0 0 1 0 0 1 1 1 0 0 0 1 1 0 1 1 0 1 1 1 1 0 0 0
program/1008 0 0 0 1 0 0 0 0 0 0 0 0 0 1 0 0 1 0 0 1 1 1 0 0 0
program/1009 1 0 0 1 0 0 1 1 1 0 0 0 0 1 0 0 1 0 0 1 1 1 0 0 0
program/268 0 0 1 1 1 1 1 1 1 1 1 1 1 0 1 1 0 0 1 0 0 0 0 0 0
program/269 0 0 1 1 1 1 1 1 1 1 1 1 1 0 1 1 0 0 1 0 0 0 0 0 0
program/266 0 0 1 1 1 1 1 1 1 1 1 1 1 0 1 1 0 0 1 0 0 0 0 0 0
program/267 0 0 1 1 1 1 1 1 1 1 1 1 1 0 1 1 0 0 1 0 0 0 0 0 0
program/264 0 0 1 1 1 1 1 1 1 1 1 1 1 0 1 1 0 0 1 0 0 0 0 0 0
program/265 0 0 1 1 1 1 1 1 1 1 1 1 1 0 1 1 0 0 1 0 0 0 0 0 0
program/262 0 0 1 1 1 1 1 1 1 1 1 1 1 0 1 1 0 0 1 0 0 0 0 0 0
program/263 0 0 1 1 1 1 1 1 1 1 1 1 1 0 1 1 0 0 1 0 0 0 0 0 0
program/260 0 0 1 1 1 1 1 1 1 1 1 1 1 0 1 1 0 0 1 0 0 0 0 0 0
program/261 0 0 1 1 1 1 1 1 1 1 1 1 1 0 1 1 0 0 1 0 0 0 0 0 0
program/468 0 1 0 1 0 0 1 1 1 0 0 0 1 1 1 1 1 1 1 1 1 1 0 0 0
program/469 0 1 0 1 0 0 0 0 0 0 0 0 1 1 1 1 1 1 1 1 1 1 0 0 0
program/460 0 1 0 1 0 0 1 1 1 0 0 0 1 1 1 1 1 1 1 1 1 1 0 0 0
program/461 0 1 0 1 0 0 1 1 1 0 0 0 1 1 1 1 1 1 1 1 1 1 0 0 0
program/462 0 1 0 1 0 0 1 1 1 0 0 0 1 1 1 1 1 1 1 1 1 1 0 0 0
program/463 0 1 0 1 0 0 0 0 0 0 0 0 1 1 1 1 1 1 1 1 1 1 0 0 0
program/464 0 1 0 1 0 0 0 0 0 0 0 0 1 1 1 1 1 1 1 1 1 1 0 0 0
program/465 0 1 0 1 0 0 1 1 1 0 0 0 1 1 1 1 1 1 1 1 1 1 0 0 0
program/466 0 1 0 1 0 0 1 1 1 0 0 0 1 1 1 1 1 1 1 1 1 1 0 0 0
program/467 0 1 0 1 0 0 1 1 1 0 0 0 1 1 1 1 1 1 1 1 1 1 0 0 0
program/1179 0 0 0 1 0 0 0 0 0 0 0 0 0 1 0 0 1 0 0 1 1 1 0 0 0
program/1170 0 0 0 1 0 0 0 0 0 0 0 0 0 1 0 0 1 0 0 1 1 1 0 0 0
program/1171 0 0 0 1 0 0 0 0 0 0 0 0 0 1 0 0 1 0 0 1 1 1 0 0 0
program/1172 0 0 0 1 0 0 0 0 0 0 0 0 0 1 0 0 1 0 0 1 1 1 0 0 0
program/1173 0 0 0 1 0 0 0 0 0 0 0 0 0 1 0 0 1 0 0 1 1 1 0 0 0
program/1174 0 0 0 1 0 0 0 0 0 0 0 0 0 1 0 0 1 0 0 1 1 1 0 0 0
program/1175 0 0 0 1 0 0 0 0 0 0 0 0 0 1 0 0 1 0 0 1 1 1 0 0 0
program/1176 0 0 0 1 0 0 0 0 0 0 0 0 0 1 0 0 1 0 0 1 1 1 0 0 0
program/1177 0 0 0 1 0 0 0 0 0 0 0 0 0 1 0 0 1 0 0 1 1 1 0 0 0
program/1394 0 0 0 1 0 0 0 0 0 0 0 0 0 1 0 0 1 0 0 1 1 1 0 0 0
program/1395 0 0 0 1 0 0 0 0 0 0 0 0 0 1 0 0 1 0 0 1 1 1 0 0 0
program/1396 0 0 0 1 0 0 0 0 0 0 0 0 0 1 0 0 1 0 0 1 1 1 0 0 0
program/1397 0 0 0 1 0 0 0 0 0 0 0 0 0 1 0 0 1 0 0 1 1 1 0 0 0
program/1391 0 0 0 1 0 0 0 0 0 0 0 0 0 1 0 0 1 0 0 1 1 1 0 0 0
program/1392 0 0 0 1 0 0 0 0 0 0 0 0 0 1 0 0 1 0 0 1 1 1 0 0 0
program/1393 0 0 0 1 0 0 0 0 0 0 0 0 0 1 0 0 1 0 0 1 1 1 0 0 0
program/1398 0 0 0 1 0 0 0 0 0 0 0 0 0 1 0 0 1 0 0 1 1 1 0 0 0
program/1399 0 0 0 1 0 0 0 0 0 0 0 0 0 1 0 0 1 0 0 1 1 1 0 0 0
program/102 1 1 1 1 1 1 1 1 1 1 1 1 1 1 1 1 1 1 1 1 1 1 0 0 0
program/101 1 1 1 1 1 1 1 1 1 1 1 1 1 1 1 1 1 1 1 1 1 1 0 0 0
program/1829 1 1 0 1 0 0 1 1 1 0 0 0 1 1 1 1 1 1 1 1 1 1 0 0 0
program/107 1 1 1 1 1 1 1 1 1 1 1 1 1 1 1 1 1 1 1 1 1 1 0 0 0
program/106 1 1 1 1 1 1 1 1 1 1 1 1 1 1 1 1 1 1 1 1 1 1 0 0 0
program/105 1 1 1 1 1 1 1 1 1 1 1 1 1 1 1 1 1 1 1 1 1 1 0 0 0
program/104 1 1 1 1 1 1 1 1 1 1 1 1 1 1 1 1 1 1 1 1 1 1 0 0 0
program/1822 1 0 0 1 0 0 1 1 1 0 0 0 0 1 0 0 1 0 0 1 1 1 0 0 0
program/1823 1 0 0 1 0 0 1 1 1 0 0 0 0 1 0 0 1 0 0 1 1 1 0 0 0
program/1820 0 0 0 1 0 0 0 0 0 0 0 0 0 0 0 0 0 0 0 0 0 0 0 0 0
program/108 1 1 1 1 1 1 1 1 1 1 1 1 1 1 1 1 1 1 1 1 1 1 0 0 0
program/1824 1 1 0 1 0 0 1 1 1 0 0 0 1 1 1 1 1 1 1 1 1 1 0 0 0
program/1825 1 1 0 1 0 0 1 1 1 0 0 0 1 1 1 1 1 1 1 1 1 1 0 0 0
program/929 0 1 0 1 0 0 0 0 0 0 0 0 1 1 1 1 1 1 1 1 1 1 0 0 0
program/928 1 1 0 0 0 0 1 1 1 0 0 0 0 0 0 0 0 0 0 0 0 0 0 0 0
program/925 1 1 0 1 0 0 1 1 1 0 0 0 1 1 1 1 1 1 1 1 1 1 0 0 0
program/924 1 1 0 1 0 0 1 1 1 0 0 0 1 1 1 1 1 1 1 1 1 1 0 0 0
program/927 0 0 0 1 0 0 0 0 0 0 0 0 1 1 1 1 1 1 1 1 1 1 0 0 0
program/926 1 0 0 0 0 0 1 1 1 0 0 0 0 0 0 0 0 0 0 0 0 0 0 0 0
program/921 1 0 0 1 0 0 1 1 1 0 0 0 1 1 1 1 1 1 1 1 1 1 0 0 0
program/920 1 0 0 0 0 0 1 1 1 0 0 0 0 0 0 0 0 0 0 0 0 0 0 0 0
program/923 1 1 0 0 0 0 1 1 1 0 0 0 0 0 0 0 0 0 0 0 0 0 0 0 0
program/922 0 1 0 1 0 0 0 0 0 0 0 0 1 1 1 1 1 1 1 1 1 1 0 0 0
program/859 1 1 0 1 0 0 1 1 1 0 0 0 1 1 1 1 1 1 1 1 1 1 0 0 0
program/858 1 1 0 1 0 0 1 1 1 0 0 0 1 1 1 1 1 1 1 1 1 1 0 0 0
program/851 1 1 0 1 0 0 1 1 1 0 0 0 1 1 1 1 1 1 1 1 1 1 0 0 0
program/850 1 1 0 1 0 0 1 1 1 0 0 0 1 1 1 1 1 1 1 1 1 1 0 0 0
program/853 1 1 0 1 0 0 1 1 1 0 0 0 1 1 1 1 1 1 1 1 1 1 0 0 0
program/852 1 1 0 1 0 0 1 1 1 0 0 0 1 1 1 1 1 1 1 1 1 1 0 0 0
program/855 1 1 0 1 0 0 1 1 1 0 0 0 1 1 1 1 1 1 1 1 1 1 0 0 0
program/854 1 1 0 1 0 0 1 1 1 0 0 0 1 1 1 1 1 1 1 1 1 1 0 0 0
program/857 1 1 0 1 0 0 1 1 1 0 0 0 1 1 1 1 1 1 1 1 1 1 0 0 0
program/856 1 1 0 1 0 0 1 1 1 0 0 0 1 1 1 1 1 1 1 1 1 1 0 0 0
program/674 1 1 0 1 0 0 1 1 1 0 0 0 1 1 1 1 1 1 1 1 1 1 0 0 0
program/671 1 1 0 1 0 0 1 1 1 0 0 0 1 1 1 1 1 1 1 1 1 1 0 0 0
program/670 1 1 0 1 0 0 1 1 1 0 0 0 1 1 1 1 1 1 1 1 1 1 0 0 0
program/673 1 1 0 1 0 0 1 1 1 0 0 0 1 1 1 1 1 1 1 1 1 1 0 0 0
program/672 1 1 0 1 0 0 1 1 1 0 0 0 1 1 1 1 1 1 1 1 1 1 0 0 0
program/679 1 1 0 1 0 0 1 1 1 0 0 0 1 1 1 1 1 1 1 1 1 1 0 0 0
program/678 1 1 0 1 0 0 1 1 1 0 0 0 1 1 1 1 1 1 1 1 1 1 0 0 0
program/589 0 1 0 1 0 0 1 1 1 0 0 0 1 1 1 1 1 1 1 1 1 1 0 0 0
program/588 0 1 0 1 0 0 1 1 1 0 0 0 1 1 1 1 1 1 1 1 1 1 0 0 0
program/587 0 1 0 1 0 0 1 1 1 0 0 0 1 1 1 1 1 1 1 1 1 1 0 0 0
program/586 0 1 0 1 0 0 1 1 1 0 0 0 1 1 1 1 1 1 1 1 1 1 0 0 0
program/585 0 1 0 1 0 0 1 1 1 0 0 0 1 1 1 1 1 1 1 1 1 1 0 0 0
program/584 0 1 0 1 0 0 1 1 1 0 0 0 1 1 1 1 1 1 1 1 1 1 0 0 0
program/583 0 1 0 1 0 0 1 1 1 0 0 0 1 1 1 1 1 1 1 1 1 1 0 0 0
program/582 0 1 0 1 0 0 1 1 1 0 0 0 1 1 1 1 1 1 1 1 1 1 0 0 0
program/581 0 1 0 1 0 0 1 1 1 0 0 0 1 1 1 1 1 1 1 1 1 1 0 0 0
program/580 0 1 0 1 0 0 1 1 1 0 0 0 1 1 1 1 1 1 1 1 1 1 0 0 0
program/1769 0 0 0 1 0 0 0 0 0 0 0 0 0 1 0 0 1 0 0 1 1 1 0 0 0
program/1768 0 0 0 1 0 0 0 0 0 0 0 0 0 1 0 0 1 0 0 1 1 1 0 0 0
program/1765 0 0 0 1 0 0 0 0 0 0 0 0 0 1 0 0 1 0 0 1 1 1 0 0 0
program/1764 0 0 0 1 0 0 0 0 0 0 0 0 0 1 0 0 1 0 0 1 1 1 0 0 0
program/1767 0 0 0 1 0 0 0 0 0 0 0 0 0 1 0 0 1 0 0 1 1 1 0 0 0
program/1766 0 0 0 1 0 0 0 0 0 0 0 0 0 1 0 0 1 0 0 1 1 1 0 0 0
program/1761 0 0 0 1 0 0 0 0 0 0 0 0 0 1 0 0 1 0 0 1 1 1 0 0 0
program/1760 0 0 0 1 0 0 0 0 0 0 0 0 0 1 0 0 1 0 0 1 1 1 0 0 0
program/1763 0 0 0 1 0 0 0 0 0 0 0 0 0 1 0 0 1 0 0 1 1 1 0 0 0
program/1762 0 0 0 1 0 0 0 0 0 0 0 0 0 1 0 0 1 0 0 1 1 1 0 0 0
program/1017 0 0 0 1 0 0 0 0 0 0 0 0 0 1 0 0 1 0 0 1 1 1 0 0 0
program/1016 1 0 0 1 0 0 1 1 1 0 0 0 0 1 0 0 1 0 0 1 1 1 0 0 0
program/1015 0 0 0 1 0 0 0 0 0 0 0 0 0 1 0 0 1 0 0 1 1 1 0 0 0
program/1014 1 0 0 1 0 0 1 1 1 0 0 0 0 1 0 0 1 0 0 1 1 1 0 0 0
program/1013 0 0 0 1 0 0 0 0 0 0 0 0 0 1 0 0 1 0 0 1 1 1 0 0 0
program/1012 0 0 0 0 0 0 0 0 0 0 0 0 0 0 0 0 1 0 0 0 0 1 0 0 0
program/1011 1 0 0 0 0 0 1 1 1 0 0 0 1 0 0 1 0 0 1 0 0 0 0 0 0
program/1010 0 0 0 1 0 0 0 0 0 0 0 0 1 1 0 1 1 0 1 1 1 1 0 0 0
program/1019 1 0 0 1 0 0 1 1 1 0 0 0 0 1 0 0 1 0 0 1 1 1 0 0 0
program/1018 1 0 0 0 0 0 1 1 1 0 0 0 0 0 0 0 0 0 0 0 0 0 0 0 0
program/293 0 1 0 1 0 0 0 0 0 1 0 0 1 1 1 1 1 1 1 1 1 1 0 0 0
program/292 0 1 0 1 0 0 0 0 0 1 0 0 1 1 1 1 1 1 1 1 1 1 0 0 0
program/291 0 1 0 1 0 0 0 0 0 1 0 0 1 1 1 1 1 1 1 1 1 1 0 0 0
program/290 0 0 1 1 1 1 1 1 1 1 1 1 1 0 1 1 0 0 1 0 0 0 0 0 0
program/297 0 1 0 1 0 0 0 0 0 1 0 0 1 1 1 1 1 1 1 1 1 1 0 0 0
program/296 0 1 0 1 0 0 0 0 0 1 0 0 1 1 1 1 1 1 1 1 1 1 0 0 0
program/299 0 0 0 1 0 0 0 0 0 1 0 0 1 1 1 1 1 1 1 1 1 1 0 0 0
program/298 0 1 0 1 0 0 0 0 0 1 0 0 1 1 1 1 1 1 1 1 1 1 0 0 0
program/459 0 1 0 1 0 0 1 1 1 0 0 0 1 1 1 1 1 1 1 1 1 1 0 0 0
program/458 0 1 0 1 0 0 1 1 1 0 0 0 1 1 1 1 1 1 1 1 1 1 0 0 0
program/455 0 0 0 1 0 0 0 0 0 0 0 0 0 0 1 1 0 0 1 0 0 0 0 0 0
program/454 0 1 0 1 0 0 1 1 1 0 0 0 1 1 1 1 1 1 1 1 1 1 0 0 0
program/457 0 1 0 1 0 0 0 0 0 0 0 0 1 1 1 1 1 1 1 1 1 1 0 0 0
program/456 0 0 0 1 0 0 1 1 1 0 0 0 0 0 1 1 0 0 1 0 0 0 0 0 0
program/451 0 1 0 1 0 0 0 0 0 0 0 0 1 1 1 1 1 1 1 1 1 1 0 0 0
program/450 0 1 0 1 0 0 1 1 1 0 0 0 1 1 1 1 1 1 1 1 1 1 0 0 0
program/453 0 1 0 1 0 0 1 1 1 0 0 0 1 1 1 1 1 1 1 1 1 1 0 0 0
program/452 0 1 0 1 0 0 1 1 1 0 0 0 1 1 1 1 1 1 1 1 1 1 0 0 0
program/1169 0 0 0 1 0 0 0 0 0 0 0 0 0 1 0 0 1 0 0 1 1 1 0 0 0
program/1168 0 0 0 1 0 0 0 0 0 0 0 0 0 1 0 0 1 0 0 1 1 1 0 0 0
program/1163 0 0 0 1 0 0 0 0 0 0 0 0 0 1 0 0 1 0 0 1 1 1 0 0 0
program/1162 0 0 0 1 0 0 0 0 0 0 0 0 0 1 0 0 1 0 0 1 1 1 0 0 0
program/1161 0 0 0 1 0 0 0 0 0 0 0 0 0 1 0 0 1 0 0 1 1 1 0 0 0
program/1160 0 0 0 1 0 0 0 0 0 0 0 0 0 1 0 0 1 0 0 1 1 1 0 0 0
program/1167 0 0 0 1 0 0 0 0 0 0 0 0 0 1 0 0 1 0 0 1 1 1 0 0 0
program/1166 0 0 0 1 0 0 0 0 0 0 0 0 0 1 0 0 1 0 0 1 1 1 0 0 0
program/1165 0 0 0 1 0 0 0 0 0 0 0 0 0 1 0 0 1 0 0 1 1 1 0 0 0
program/1164 0 0 0 1 0 0 0 0 0 0 0 0 0 1 0 0 1 0 0 1 1 1 0 0 0
program/110 1 1 1 1 1 1 1 1 1 1 1 1 1 1 1 1 1 1 1 1 1 1 0 0 0
program/112 0 1 1 1 1 1 1 1 1 1 1 1 1 1 1 1 1 1 1 1 1 1 0 0 0
program/114 1 1 1 1 1 1 1 1 1 1 1 1 1 1 1 1 1 1 1 1 1 1 0 0 0
program/115 1 1 0 1 0 0 1 1 1 0 0 0 1 1 1 1 1 1 1 1 1 1 0 0 0
program/116 1 1 0 1 0 0 1 1 1 0 0 0 1 1 1 1 1 1 1 1 1 1 0 0 0
program/117 1 1 1 1 1 1 1 1 1 1 1 1 1 1 1 1 1 1 1 1 1 1 0 0 0
program/118 0 1 1 1 1 1 1 1 1 1 1 1 1 1 1 1 1 1 1 1 1 1 0 0 0
program/932 0 0 0 1 0 0 0 0 0 0 0 0 1 1 1 1 1 1 1 1 1 1 0 0 0
program/933 1 0 0 0 0 0 1 1 1 0 0 0 0 0 0 0 0 0 0 0 0 0 0 0 0
program/930 0 1 0 1 0 0 0 0 0 0 0 0 1 1 1 1 1 1 1 1 1 1 0 0 0
program/931 1 1 0 0 0 0 1 1 1 0 0 0 0 0 0 0 0 0 0 0 0 0 0 0 0
program/936 1 1 0 1 0 0 1 1 1 0 0 0 1 1 1 1 1 1 1 1 1 1 0 0 0
program/937 1 1 0 1 0 0 1 1 1 0 0 0 1 1 1 1 1 1 1 1 1 1 0 0 0
program/934 0 1 0 1 0 0 0 0 0 0 0 0 1 1 1 1 1 1 1 1 1 1 0 0 0
program/935 1 1 0 0 0 0 1 1 1 0 0 0 0 0 0 0 0 0 0 0 0 0 0 0 0
program/938 1 1 0 1 0 0 1 1 1 0 0 0 1 1 1 1 1 1 1 1 1 1 0 0 0
program/939 1 1 0 1 0 0 1 1 1 0 0 0 1 1 1 1 1 1 1 1 1 1 0 0 0
program/848 1 1 0 1 0 0 1 1 1 0 0 0 1 1 1 1 1 1 1 1 1 1 0 0 0
program/849 1 1 0 1 0 0 1 1 1 0 0 0 1 1 1 1 1 1 1 1 1 1 0 0 0
program/846 1 1 0 1 0 0 1 1 1 0 0 0 1 1 1 1 1 1 1 1 1 1 0 0 0
program/847 1 1 0 1 0 0 1 1 1 0 0 0 1 1 1 1 1 1 1 1 1 1 0 0 0
program/844 1 1 0 1 0 0 1 1 1 0 0 0 1 1 1 1 1 1 1 1 1 1 0 0 0
program/845 1 1 0 1 0 0 1 1 1 0 0 0 1 1 1 1 1 1 1 1 1 1 0 0 0
program/842 1 1 0 1 0 0 1 1 1 0 0 0 1 1 1 1 1 1 1 1 1 1 0 0 0
program/843 1 1 0 1 0 0 1 1 1 0 0 0 1 1 1 1 1 1 1 1 1 1 0 0 0
program/840 1 1 0 1 0 0 1 1 1 0 0 0 1 1 1 1 1 1 1 1 1 1 0 0 0
program/841 1 1 0 1 0 0 1 1 1 0 0 0 1 1 1 1 1 1 1 1 1 1 0 0 0
program/668 1 1 0 1 0 0 1 1 1 0 0 0 1 1 1 1 1 1 1 1 1 1 0 0 0
program/669 1 1 0 1 0 0 1 1 1 0 0 0 1 1 1 1 1 1 1 1 1 1 0 0 0
program/662 1 1 0 1 0 0 1 1 1 0 0 0 1 1 1 1 1 1 1 1 1 1 0 0 0
program/663 1 1 0 1 0 0 1 1 1 0 0 0 1 1 1 1 1 1 1 1 1 1 0 0 0
program/660 1 1 0 1 0 0 1 1 1 0 0 0 1 1 1 1 1 1 1 1 1 1 0 0 0
program/661 1 1 0 1 0 0 1 1 1 0 0 0 1 1 1 1 1 1 1 1 1 1 0 0 0
program/666 1 1 0 1 0 0 1 1 1 0 0 0 1 1 1 1 1 1 1 1 1 1 0 0 0
program/667 1 1 0 1 0 0 1 1 1 0 0 0 1 1 1 1 1 1 1 1 1 1 0 0 0
program/664 1 1 0 1 0 0 1 1 1 0 0 0 1 1 1 1 1 1 1 1 1 1 0 0 0
program/665 1 1 0 1 0 0 1 1 1 0 0 0 1 1 1 1 1 1 1 1 1 1 0 0 0
program/598 0 1 0 1 0 0 1 1 1 0 0 0 1 1 1 1 1 1 1 1 1 1 0 0 0
program/599 0 1 0 1 0 0 1 1 1 0 0 0 1 1 1 1 1 1 1 1 1 1 0 0 0
program/594 0 1 0 1 0 0 1 1 1 0 0 0 1 1 1 1 1 1 1 1 1 1 0 0 0
program/595 0 1 0 1 0 0 1 1 1 0 0 0 1 1 1 1 1 1 1 1 1 1 0 0 0
program/596 0 1 0 1 0 0 1 1 1 0 0 0 1 1 1 1 1 1 1 1 1 1 0 0 0
program/597 0 1 0 1 0 0 1 1 1 0 0 0 1 1 1 1 1 1 1 1 1 1 0 0 0
program/590 0 1 0 1 0 0 1 1 1 0 0 0 1 1 1 1 1 1 1 1 1 1 0 0 0
program/591 0 0 0 1 0 0 1 1 0 0 0 0 1 1 1 1 1 1 1 1 1 1 0 0 0
program/592 0 0 0 1 0 0 1 1 0 0 0 0 1 1 1 1 1 1 1 1 1 1 0 0 0
program/593 0 1 0 1 0 0 1 1 1 0 0 0 1 1 1 1 1 1 1 1 1 1 0 0 0
program/1718 0 0 0 1 0 0 0 0 0 0 0 0 0 1 0 0 1 0 0 1 1 1 0 0 0
program/1719 0 0 0 1 0 0 0 0 0 0 0 0 0 1 0 0 1 0 0 1 1 1 0 0 0
program/1710 0 0 0 1 0 0 0 0 0 0 0 0 0 1 0 0 1 0 0 1 1 1 0 0 0
program/1713 0 0 0 1 0 0 0 0 0 0 0 0 0 1 0 0 1 0 0 1 1 1 0 0 0
program/1714 0 0 0 1 0 0 0 0 0 0 0 0 0 1 0 0 1 0 0 1 1 1 0 0 0
program/1715 0 0 0 1 0 0 0 0 0 0 0 0 0 1 0 0 1 0 0 1 1 1 0 0 0
program/1716 0 0 0 1 0 0 0 0 0 0 0 0 0 1 0 0 1 0 0 1 1 1 0 0 0
program/1717 0 0 0 1 0 0 0 0 0 0 0 0 0 1 0 0 1 0 0 1 1 1 0 0 0
program/1022 1 0 0 1 0 0 1 1 1 0 0 0 1 1 0 1 1 0 1 1 1 1 0 0 0
program/1023 1 0 0 1 0 0 1 1 1 0 0 0 1 1 0 1 1 0 1 1 1 1 0 0 0
program/1020 0 0 0 1 0 0 0 0 0 0 0 0 1 1 0 1 0 0 1 1 1 0 0 0 0
program/1021 1 0 0 0 0 0 1 1 1 0 0 0 1 0 0 1 0 0 1 0 0 0 0 0 0
program/1026 1 0 0 0 0 0 1 1 1 0 0 0 0 0 0 0 0 0 0 0 0 0 0 0 0
program/1027 0 0 0 1 0 0 0 0 0 0 0 0 0 1 0 0 1 0 0 1 1 1 0 0 0
program/1024 1 0 0 1 0 0 1 1 1 0 0 0 1 1 0 1 1 0 1 1 1 1 0 0 0
program/1025 1 0 0 1 0 0 1 1 1 0 0 0 1 1 0 1 1 0 1 1 1 1 0 0 0
program/1028 1 0 0 0 0 0 1 1 1 0 0 0 1 0 0 1 0 0 1 0 0 0 0 0 0
program/1029 0 0 0 1 0 0 0 0 0 0 0 0 1 1 0 1 1 0 1 1 1 1 0 0 0
program/280 0 0 1 1 1 1 1 1 1 1 1 1 1 0 1 1 0 0 1 0 0 0 0 0 0
program/281 0 0 1 1 1 1 1 1 1 1 1 1 1 0 1 1 0 0 1 0 0 0 0 0 0
program/282 0 0 1 0 0 0 0 0 0 0 0 0 0 0 0 0 0 0 0 0 0 0 0 0 0
program/283 0 0 1 0 0 0 0 0 0 0 0 0 0 0 0 0 0 0 0 0 0 0 0 0 0
program/284 0 0 1 1 1 1 1 1 1 1 1 1 1 0 1 1 0 0 1 0 0 0 0 0 0
program/285 0 0 1 1 1 1 1 1 1 1 1 1 1 0 1 1 0 0 1 0 0 0 0 0 0
program/286 0 0 1 1 1 1 0 0 1 0 0 0 1 0 1 1 0 0 1 0 0 0 0 0 0
program/287 0 0 1 1 1 1 1 1 1 1 1 1 1 0 1 1 0 0 1 0 0 0 0 0 0
program/288 0 0 1 1 1 1 1 1 1 1 1 1 1 0 1 1 0 0 1 0 0 0 0 0 0
program/289 0 0 1 1 1 1 1 1 1 1 1 1 1 0 1 1 0 0 1 0 0 0 0 0 0
program/442 0 1 0 1 0 0 1 1 1 0 0 0 1 1 1 1 1 1 1 1 1 1 0 0 0
program/443 0 1 0 1 0 0 1 1 1 0 0 0 1 1 1 1 1 1 1 1 1 1 0 0 0
program/440 0 1 0 1 0 0 1 1 1 0 0 0 1 1 1 1 1 1 1 1 1 1 0 0 0
program/441 0 1 0 1 0 0 1 1 1 0 0 0 1 1 1 1 1 1 1 1 1 1 0 0 0
program/446 0 1 0 1 0 0 1 1 1 0 0 0 1 1 1 1 1 1 1 1 1 1 0 0 0
program/447 0 1 0 1 0 0 1 1 1 0 0 0 1 1 1 1 1 1 1 1 1 1 0 0 0
program/444 0 1 0 1 0 0 1 1 1 0 0 0 1 1 1 1 1 1 1 1 1 1 0 0 0
program/445 0 1 0 1 0 0 1 1 1 0 0 0 1 1 1 1 1 1 1 1 1 1 0 0 0
program/448 0 1 0 1 0 0 1 1 1 0 0 0 1 1 1 1 1 1 1 1 1 1 0 0 0
program/449 0 1 0 1 0 0 1 1 1 0 0 0 1 1 1 1 1 1 1 1 1 1 0 0 0
program/1156 0 0 0 1 0 0 0 0 0 0 0 0 0 1 0 0 1 0 0 1 1 1 0 0 0
program/1157 0 0 0 1 0 0 0 0 0 0 0 0 0 1 0 0 1 0 0 1 1 1 0 0 0
program/1154 0 0 0 1 0 0 0 0 0 0 0 0 0 1 0 0 1 0 0 1 1 1 0 0 0
program/1155 0 0 0 1 0 0 0 0 0 0 0 0 0 1 0 0 1 0 0 1 1 1 0 0 0
program/1152 0 0 0 1 0 0 0 0 0 0 0 0 0 1 0 0 1 0 0 1 1 1 0 0 0
program/1153 0 0 0 1 0 0 0 0 0 0 0 0 0 1 0 0 1 0 0 1 1 1 0 0 0
program/1158 0 0 0 1 0 0 0 0 0 0 0 0 0 1 0 0 1 0 0 1 1 1 0 0 0
program/1159 0 0 0 1 0 0 0 0 0 0 0 0 0 1 0 0 1 0 0 1 1 1 0 0 0
program/1790 0 0 0 1 0 0 0 0 0 0 0 0 0 1 0 0 1 0 0 1 1 1 0 0 0
program/1448 0 0 0 1 0 0 0 0 0 0 0 0 0 1 0 0 1 0 0 1 1 1 0 0 0
program/1449 0 0 0 1 0 0 0 0 0 0 0 0 0 1 0 0 1 0 0 1 1 1 0 0 0
program/1791 1 0 0 1 0 0 1 1 1 0 0 0 0 1 0 0 1 0 0 1 1 1 0 0 0
program/1444 0 0 0 1 0 0 0 0 0 0 0 0 0 1 0 0 1 0 0 1 1 1 0 0 0
program/1445 0 0 0 1 0 0 0 0 0 0 0 0 0 1 0 0 1 0 0 1 1 1 0 0 0
program/1446 0 0 0 1 0 0 0 0 0 0 0 0 0 1 0 0 1 0 0 1 1 1 0 0 0
program/1447 0 0 0 1 0 0 0 0 0 0 0 0 0 1 0 0 1 0 0 1 1 1 0 0 0
program/1440 0 0 0 1 0 0 0 0 0 0 0 0 0 1 0 0 1 0 0 1 1 1 0 0 0
program/1792 1 0 0 1 0 0 1 1 1 0 0 0 0 1 0 0 1 0 0 1 1 1 0 0 0
program/1442 0 0 0 1 0 0 0 0 0 0 0 0 0 1 0 0 1 0 0 1 1 1 0 0 0
program/1793 1 0 0 1 0 0 1 1 1 0 0 0 0 1 0 0 1 0 0 1 1 1 0 0 0
program/1794 1 0 0 1 0 0 1 1 1 0 0 0 0 1 0 0 1 0 0 1 1 1 0 0 0
program/1795 1 0 0 1 0 0 1 1 1 0 0 0 0 1 0 0 1 0 0 1 1 1 0 0 0
program/1796 1 0 0 1 0 0 1 1 1 0 0 0 0 1 0 0 1 0 0 1 1 1 0 0 0
program/1797 1 0 0 1 0 0 1 1 1 0 0 0 0 1 0 0 1 0 0 1 1 1 0 0 0
program/125 1 1 0 1 0 0 1 1 1 0 0 0 1 1 1 1 1 1 1 1 1 1 0 0 0
program/124 1 1 0 1 0 0 1 1 1 0 0 0 1 1 1 1 1 1 1 1 1 1 0 0 0
program/127 1 1 1 1 1 1 1 1 1 1 1 1 1 1 1 1 1 1 1 1 1 1 0 0 0
program/126 1 1 1 1 1 1 1 1 1 1 1 1 1 1 1 1 1 1 1 1 1 1 0 0 0
program/121 0 1 1 1 1 1 1 1 1 1 1 1 1 1 1 1 1 1 1 1 1 1 0 0 0
program/123 1 1 1 1 1 1 1 1 1 1 1 1 1 1 1 1 1 1 1 1 1 1 0 0 0
program/947 1 0 0 1 0 0 1 1 1 0 0 0 1 1 1 1 1 1 1 1 1 1 0 0 0
program/946 0 0 0 1 0 0 0 0 0 0 0 0 1 1 0 1 1 0 1 1 1 1 0 0 0
program/945 1 0 0 1 0 0 1 1 1 0 0 0 1 1 1 1 1 1 1 1 1 1 0 0 0
program/944 1 0 0 1 0 0 1 1 1 0 0 0 1 1 1 1 1 1 1 1 1 1 0 0 0
program/943 1 0 0 0 0 0 1 1 1 0 0 0 0 0 1 0 0 1 0 0 0 0 0 0 0
program/940 1 0 0 1 0 0 1 1 1 0 0 0 1 1 1 1 1 1 1 1 1 1 0 0 0
program/949 0 0 0 1 0 0 0 0 0 0 0 0 1 1 0 1 1 0 1 1 1 1 0 0 0
program/948 1 0 0 1 0 0 1 1 1 0 0 0 1 1 1 1 1 1 1 1 1 1 0 0 0
program/619 0 0 0 1 0 0 0 0 0 0 0 0 0 0 1 1 0 0 1 0 0 0 0 0 0
program/618 1 1 0 1 0 0 1 1 1 0 0 0 1 1 1 1 1 1 1 1 1 1 0 0 0
program/617 1 1 0 0 0 0 1 1 1 0 0 0 1 1 0 1 1 1 1 1 1 1 0 0 0
program/616 1 1 0 0 0 0 1 1 1 0 0 0 1 1 0 1 1 1 1 1 1 1 0 0 0
program/615 1 1 0 1 0 0 1 1 1 0 0 0 1 1 1 1 1 1 1 1 1 1 0 0 0
program/614 0 0 0 0 0 0 0 0 0 0 0 0 0 0 0 1 0 0 1 0 0 0 0 0 0
program/613 1 1 0 1 0 0 1 1 1 0 0 0 1 1 1 1 1 1 1 1 1 1 0 0 0
program/612 1 1 0 1 0 0 1 1 1 0 0 0 1 1 1 1 1 1 1 1 1 1 0 0 0
program/611 0 1 0 1 0 0 0 0 0 0 0 0 1 1 1 1 1 1 1 1 1 1 0 0 0
program/610 0 0 0 1 0 0 0 0 0 0 0 0 0 0 1 0 0 0 0 0 0 0 0 0 0
program/723 1 1 0 1 0 0 1 1 1 0 0 0 1 1 1 1 1 1 1 1 1 1 0 0 0
program/722 1 1 0 1 0 0 1 1 1 0 0 0 1 1 1 1 1 1 1 1 1 1 0 0 0
program/721 1 1 0 1 0 0 1 1 1 0 0 0 1 1 1 1 1 1 1 1 1 1 0 0 0
program/720 1 1 0 1 0 0 1 1 1 0 0 0 1 1 1 1 1 1 1 1 1 1 0 0 0
program/727 1 1 0 1 0 0 1 1 1 0 0 0 1 1 1 1 1 1 1 1 1 1 0 0 0
program/726 1 1 0 1 0 0 1 1 1 0 0 0 1 1 1 1 1 1 1 1 1 1 0 0 0
program/725 1 1 0 1 0 0 1 1 1 0 0 0 1 1 1 1 1 1 1 1 1 1 0 0 0
program/724 1 1 0 1 0 0 1 1 1 0 0 0 1 1 1 1 1 1 1 1 1 1 0 0 0
program/729 1 1 0 1 0 0 1 1 1 0 0 0 1 1 1 1 1 1 1 1 1 1 0 0 0
program/728 1 1 0 1 0 0 1 1 1 0 0 0 1 1 1 1 1 1 1 1 1 1 0 0 0
program/1709 0 0 0 1 0 0 0 0 0 0 0 0 0 1 0 0 1 0 0 1 1 1 0 0 0
program/1708 0 0 0 1 0 0 0 0 0 0 0 0 0 1 0 0 1 0 0 1 1 1 0 0 0
program/1703 0 0 0 1 0 0 0 0 0 0 0 0 0 1 0 0 1 0 0 1 1 1 0 0 0
program/1702 0 0 0 1 0 0 0 0 0 0 0 0 0 1 0 0 1 0 0 1 1 1 0 0 0
program/1701 0 0 0 1 0 0 0 0 0 0 0 0 0 1 0 0 1 0 0 1 1 1 0 0 0
program/1700 0 0 0 1 0 0 0 0 0 0 0 0 0 1 0 0 1 0 0 1 1 1 0 0 0
program/1707 0 0 0 1 0 0 0 0 0 0 0 0 0 1 0 0 1 0 0 1 1 1 0 0 0
program/1706 0 0 0 1 0 0 0 0 0 0 0 0 0 1 0 0 1 0 0 1 1 1 0 0 0
program/1705 0 0 0 1 0 0 0 0 0 0 0 0 0 1 0 0 1 0 0 1 1 1 0 0 0
program/1704 0 0 0 1 0 0 0 0 0 0 0 0 0 1 0 0 1 0 0 1 1 1 0 0 0
program/431 0 1 0 1 0 0 1 1 1 0 0 0 1 1 1 1 1 1 1 1 1 1 0 0 0
program/430 0 1 0 1 0 0 1 1 1 0 0 0 1 1 1 1 1 1 1 1 1 1 0 0 0
program/439 0 1 0 1 0 0 1 1 1 0 0 0 1 1 1 1 1 1 1 1 1 1 0 0 0
program/1141 0 0 0 1 0 0 0 0 0 0 0 0 0 1 0 0 1 0 0 1 1 1 0 0 0
program/1140 0 0 0 1 0 0 0 0 0 0 0 0 0 1 0 0 1 0 0 1 1 1 0 0 0
program/1143 0 0 0 1 0 0 0 0 0 0 0 0 0 1 0 0 1 0 0 1 1 1 0 0 0
program/1142 0 0 0 1 0 0 0 0 0 0 0 0 0 1 0 0 1 0 0 1 1 1 0 0 0
program/1145 0 0 0 1 0 0 0 0 0 0 0 0 0 1 0 0 1 0 0 1 1 1 0 0 0
program/1144 0 0 0 1 0 0 0 0 0 0 0 0 0 1 0 0 1 0 0 1 1 1 0 0 0
program/1147 0 0 0 1 0 0 0 0 0 0 0 0 0 1 0 0 1 0 0 1 1 1 0 0 0
program/1146 0 0 0 1 0 0 0 0 0 0 0 0 0 1 0 0 1 0 0 1 1 1 0 0 0
program/1148 0 0 0 1 0 0 0 0 0 0 0 0 0 1 0 0 1 0 0 1 1 1 0 0 0
program/1639 0 0 0 1 0 0 0 0 0 0 0 0 0 1 0 0 1 0 0 1 1 1 0 0 0
program/1459 0 0 0 1 0 0 0 0 0 0 0 0 0 1 0 0 1 0 0 1 1 1 0 0 0
program/1458 0 0 0 1 0 0 0 0 0 0 0 0 0 1 0 0 1 0 0 1 1 1 0 0 0
program/1457 0 0 0 1 0 0 0 0 0 0 0 0 0 1 0 0 1 0 0 1 1 1 0 0 0
program/1456 0 0 0 1 0 0 0 0 0 0 0 0 0 1 0 0 1 0 0 1 1 1 0 0 0
program/1455 0 0 0 1 0 0 0 0 0 0 0 0 0 1 0 0 1 0 0 1 1 1 0 0 0
program/1454 0 0 0 1 0 0 0 0 0 0 0 0 0 1 0 0 1 0 0 1 1 1 0 0 0
program/1453 0 0 0 1 0 0 0 0 0 0 0 0 0 1 0 0 1 0 0 1 1 1 0 0 0
program/1452 0 0 0 1 0 0 0 0 0 0 0 0 0 1 0 0 1 0 0 1 1 1 0 0 0
program/1451 0 0 0 1 0 0 0 0 0 0 0 0 0 1 0 0 1 0 0 1 1 1 0 0 0
program/1450 0 0 0 1 0 0 0 0 0 0 0 0 0 1 0 0 1 0 0 1 1 1 0 0 0
program/549 0 1 0 1 0 0 0 0 0 0 0 0 1 1 1 1 1 1 1 1 1 1 0 0 0
program/548 0 1 0 1 0 0 0 0 0 0 0 0 1 1 1 1 1 1 1 1 1 1 0 0 0
program/543 0 0 0 1 0 0 0 0 0 0 0 0 1 1 0 0 1 1 0 1 1 1 0 0 0
program/542 0 1 0 1 0 0 0 0 0 0 0 0 1 1 1 1 1 1 1 1 1 1 0 0 0
program/541 0 0 0 1 0 0 0 0 0 0 0 0 1 1 0 0 1 1 0 1 1 1 0 0 0
program/540 0 0 0 1 0 0 0 0 0 0 0 0 1 1 0 0 1 1 0 1 1 1 0 0 0
program/547 0 0 0 1 0 0 0 0 0 0 0 0 1 1 0 0 1 1 0 1 1 1 0 0 0
program/546 0 1 0 1 0 0 0 0 0 0 0 0 1 1 1 1 1 1 1 1 1 1 0 0 0
program/545 0 0 0 1 0 0 0 0 0 0 0 0 1 1 0 0 1 1 0 1 1 1 0 0 0
program/544 0 1 0 1 0 0 0 0 0 0 0 0 1 1 1 1 1 1 1 1 1 1 0 0 0
program/1039 0 1 0 0 0 0 0 0 0 0 0 0 1 0 1 1 0 1 1 0 0 0 0 0 0
program/1038 1 0 0 1 0 0 1 1 1 0 0 0 1 1 0 1 1 0 1 1 1 1 0 0 0
program/1035 1 0 0 0 0 0 1 1 1 0 0 0 1 0 0 1 0 0 1 0 0 0 0 0 0
program/1034 0 0 0 1 0 0 0 0 0 0 0 0 1 1 0 1 0 0 1 1 1 0 0 0 0
program/1037 1 0 0 1 0 0 1 1 1 0 0 0 1 1 0 1 1 0 1 1 1 1 0 0 0
program/1036 1 0 0 1 0 0 1 1 1 0 0 0 1 1 0 1 1 0 1 1 1 1 0 0 0
program/1031 1 0 0 0 0 0 1 1 1 0 0 0 1 0 0 1 0 0 1 0 0 0 0 0 0
program/1030 0 0 0 1 0 0 0 0 0 0 0 0 1 1 0 1 1 0 1 1 1 1 0 0 0
program/1033 1 0 0 0 0 0 1 1 1 0 0 0 0 0 0 0 0 0 0 0 0 0 0 0 0
program/1032 0 0 0 1 0 0 0 0 0 0 0 0 0 1 0 0 1 0 0 1 1 1 0 0 0
program/1497 0 0 0 1 0 0 0 0 0 0 0 0 0 1 0 0 1 0 0 1 1 1 0 0 0
program/138 1 1 1 1 1 1 1 1 1 1 1 1 1 1 1 1 1 1 1 1 1 1 0 0 0
program/139 1 1 1 1 1 1 1 1 1 1 1 1 1 1 1 1 1 1 1 1 1 1 0 0 0
program/132 1 1 1 1 1 1 1 1 1 1 1 1 1 1 1 1 1 1 1 1 1 1 0 0 0
program/133 1 1 1 1 1 1 1 1 1 1 1 1 1 1 1 1 1 1 1 1 1 1 0 0 0
program/130 1 1 1 1 1 1 1 1 1 1 1 1 1 1 1 1 1 1 1 1 1 1 0 0 0
program/131 1 1 1 1 1 1 1 1 1 1 1 1 1 1 1 1 1 1 1 1 1 1 0 0 0
program/136 1 1 1 1 1 1 1 1 1 1 1 1 1 1 1 1 1 1 1 1 1 1 0 0 0
program/137 1 1 1 1 1 1 1 1 1 1 1 1 1 1 1 1 1 1 1 1 1 1 0 0 0
program/134 1 1 1 1 1 1 1 1 1 1 1 1 1 1 1 1 1 1 1 1 1 1 0 0 0
program/135 1 1 1 1 1 1 1 1 1 1 1 1 1 1 1 1 1 1 1 1 1 1 0 0 0
program/954 0 0 0 1 0 0 0 0 0 0 0 0 1 1 0 1 1 0 1 1 1 1 0 0 0
program/955 1 0 0 0 0 0 1 1 1 0 0 0 0 0 1 0 0 1 0 0 0 0 0 0 0
program/956 0 0 0 1 0 0 0 0 0 0 0 0 1 1 1 1 1 1 1 1 1 1 0 0 0
program/957 0 0 0 1 0 0 0 0 0 0 0 0 1 1 0 1 1 0 1 1 1 1 0 0 0
program/950 1 0 0 1 0 0 1 1 1 0 0 0 1 1 1 1 1 1 1 1 1 1 0 0 0
program/951 1 0 0 1 0 0 1 1 1 0 0 0 1 1 1 1 1 1 1 1 1 1 0 0 0
program/952 1 0 0 1 0 0 1 1 1 0 0 0 1 1 1 1 1 1 1 1 1 1 0 0 0
program/953 1 0 0 0 0 0 1 1 1 0 0 0 0 0 0 0 0 0 0 0 0 0 0 0 0
program/958 1 0 0 1 0 0 1 1 1 0 0 0 1 1 0 1 1 0 1 1 1 1 0 0 0
program/959 0 0 0 1 0 0 0 0 0 0 0 0 1 1 1 1 1 1 1 1 1 1 0 0 0
program/608 1 1 0 1 0 0 1 1 1 0 0 0 1 1 1 1 1 1 1 1 1 1 0 0 0
program/609 1 1 0 1 0 0 1 1 1 0 0 0 1 1 1 1 1 1 1 1 1 1 0 0 0
program/604 0 1 0 1 0 0 1 1 1 0 0 0 1 1 1 1 1 1 1 1 1 1 0 0 0
program/605 0 1 0 1 0 0 1 1 1 0 0 0 1 1 1 1 1 1 1 1 1 1 0 0 0
program/606 0 1 0 1 0 0 1 1 1 0 0 0 1 1 1 1 1 1 1 1 1 1 0 0 0
program/607 1 1 0 1 0 0 1 1 1 0 0 0 1 1 1 1 1 1 1 1 1 1 0 0 0
program/600 0 1 0 1 0 0 1 1 1 0 0 0 1 1 1 1 1 1 1 1 1 1 0 0 0
program/601 0 1 0 1 0 0 1 1 1 0 0 0 1 1 1 1 1 1 1 1 1 1 0 0 0
program/602 0 1 0 1 0 0 1 1 1 0 0 0 1 1 1 1 1 1 1 1 1 1 0 0 0
program/603 0 1 0 1 0 0 1 1 1 0 0 0 1 1 1 1 1 1 1 1 1 1 0 0 0
program/730 1 1 0 1 0 0 1 1 1 0 0 0 1 1 1 1 1 1 1 1 1 1 0 0 0
program/731 1 1 0 1 0 0 1 1 1 0 0 0 1 1 1 1 1 1 1 1 1 1 0 0 0
program/732 1 1 0 1 0 0 1 1 1 0 0 0 1 1 1 1 1 1 1 1 1 1 0 0 0
program/733 1 1 0 1 0 0 1 1 1 0 0 0 1 1 1 1 1 1 1 1 1 1 0 0 0
program/734 1 1 0 1 0 0 1 1 1 0 0 0 1 1 1 1 1 1 1 1 1 1 0 0 0
program/735 1 1 0 1 0 0 1 1 1 0 0 0 1 1 1 1 1 1 1 1 1 1 0 0 0
program/736 1 1 0 1 0 0 1 1 1 0 0 0 1 1 1 1 1 1 1 1 1 1 0 0 0
program/737 1 1 0 1 0 0 1 1 1 0 0 0 1 1 1 1 1 1 1 1 1 1 0 0 0
program/738 1 1 0 1 0 0 1 1 1 0 0 0 1 1 1 1 1 1 1 1 1 1 0 0 0
program/739 1 1 0 1 0 0 1 1 1 0 0 0 1 1 1 1 1 1 1 1 1 1 0 0 0
program/1736 0 0 0 1 0 0 0 0 0 0 0 0 0 1 0 0 1 0 0 1 1 1 0 0 0
program/1737 0 0 0 1 0 0 0 0 0 0 0 0 0 1 0 0 1 0 0 1 1 1 0 0 0
program/1734 0 0 0 1 0 0 0 0 0 0 0 0 0 1 0 0 1 0 0 1 1 1 0 0 0
program/1735 0 0 0 1 0 0 0 0 0 0 0 0 0 1 0 0 1 0 0 1 1 1 0 0 0
program/1732 0 0 0 1 0 0 0 0 0 0 0 0 0 1 0 0 1 0 0 1 1 1 0 0 0
program/1733 0 0 0 1 0 0 0 0 0 0 0 0 0 1 0 0 1 0 0 1 1 1 0 0 0
program/1730 0 0 0 1 0 0 0 0 0 0 0 0 0 1 0 0 1 0 0 1 1 1 0 0 0
program/1731 0 0 0 1 0 0 0 0 0 0 0 0 0 1 0 0 1 0 0 1 1 1 0 0 0
program/1738 0 0 0 1 0 0 0 0 0 0 0 0 0 1 0 0 1 0 0 1 1 1 0 0 0
program/1739 0 0 0 1 0 0 0 0 0 0 0 0 0 1 0 0 1 0 0 1 1 1 0 0 0
program/1288 0 0 0 1 0 0 0 0 0 0 0 0 0 1 0 0 1 0 0 1 1 1 0 0 0
program/1289 0 0 0 1 0 0 0 0 0 0 0 0 0 1 0 0 1 0 0 1 1 1 0 0 0
program/1286 0 0 0 1 0 0 0 0 0 0 0 0 0 1 0 0 1 0 0 1 1 1 0 0 0
program/1287 0 0 0 1 0 0 0 0 0 0 0 0 0 1 0 0 1 0 0 1 1 1 0 0 0
program/1284 0 0 0 1 0 0 0 0 0 0 0 0 0 1 0 0 1 0 0 1 1 1 0 0 0
program/1285 0 0 0 1 0 0 0 0 0 0 0 0 0 1 0 0 1 0 0 1 1 1 0 0 0
program/1282 0 0 0 1 0 0 0 0 0 0 0 0 0 1 0 0 1 0 0 1 1 1 0 0 0
program/1283 0 0 0 1 0 0 0 0 0 0 0 0 0 1 0 0 1 0 0 1 1 1 0 0 0
program/1280 0 0 0 1 0 0 0 0 0 0 0 0 0 1 0 0 1 0 0 1 1 1 0 0 0
program/1281 0 0 0 1 0 0 0 0 0 0 0 0 0 1 0 0 1 0 0 1 1 1 0 0 0
program/424 1 1 0 1 0 0 1 1 1 0 0 0 1 1 1 1 1 1 1 1 1 1 0 0 0
program/425 1 1 0 1 0 0 1 1 1 0 0 0 1 1 1 1 1 1 1 1 1 1 0 0 0
program/426 0 1 0 1 0 0 1 1 1 0 0 0 1 1 1 1 1 1 1 1 1 1 0 0 0
program/427 1 1 0 1 0 0 1 1 1 0 0 0 1 1 1 1 1 1 1 1 1 1 0 0 0
program/420 0 1 0 1 0 0 1 1 1 0 0 0 1 1 1 1 1 1 1 1 1 1 0 0 0
program/421 1 1 0 1 0 0 1 1 1 0 0 0 1 1 1 1 1 1 1 1 1 1 0 0 0
program/423 1 1 0 1 0 0 1 1 1 0 0 0 1 1 1 1 1 1 1 1 1 1 0 0 0
program/428 1 1 0 1 0 0 1 1 1 0 0 0 1 1 1 1 1 1 1 1 1 1 0 0 0
program/429 0 1 0 1 0 0 1 1 1 0 0 0 1 1 1 1 1 1 1 1 1 1 0 0 0
program/1602 0 0 0 1 0 0 0 0 0 0 0 0 0 1 0 0 1 0 0 1 1 1 0 0 0
program/1603 0 0 0 1 0 0 0 0 0 0 0 0 0 1 0 0 1 0 0 1 1 1 0 0 0
program/1601 0 0 0 1 0 0 0 0 0 0 0 0 0 1 0 0 1 0 0 1 1 1 0 0 0
program/1468 0 0 0 1 0 0 0 0 0 0 0 0 0 1 0 0 1 0 0 1 1 1 0 0 0
program/1469 0 0 0 1 0 0 0 0 0 0 0 0 0 1 0 0 1 0 0 1 1 1 0 0 0
program/1462 0 0 0 1 0 0 0 0 0 0 0 0 0 1 0 0 1 0 0 1 1 1 0 0 0
program/1463 0 0 0 1 0 0 0 0 0 0 0 0 0 1 0 0 1 0 0 1 1 1 0 0 0
program/1460 0 0 0 1 0 0 0 0 0 0 0 0 0 1 0 0 1 0 0 1 1 1 0 0 0
program/1461 0 0 0 1 0 0 0 0 0 0 0 0 0 1 0 0 1 0 0 1 1 1 0 0 0
program/1466 0 0 0 1 0 0 0 0 0 0 0 0 0 1 0 0 1 0 0 1 1 1 0 0 0
program/1467 0 0 0 1 0 0 0 0 0 0 0 0 0 1 0 0 1 0 0 1 1 1 0 0 0
program/1464 0 0 0 1 0 0 0 0 0 0 0 0 0 1 0 0 1 0 0 1 1 1 0 0 0
program/1465 0 0 0 1 0 0 0 0 0 0 0 0 0 1 0 0 1 0 0 1 1 1 0 0 0
program/1198 0 0 0 1 0 0 0 0 0 0 0 0 0 1 0 0 1 0 0 1 1 1 0 0 0
program/1199 0 0 0 1 0 0 0 0 0 0 0 0 0 1 0 0 1 0 0 1 1 1 0 0 0
program/1192 0 0 0 1 0 0 0 0 0 0 0 0 0 1 0 0 1 0 0 1 1 1 0 0 0
program/1193 0 0 0 1 0 0 0 0 0 0 0 0 0 1 0 0 1 0 0 1 1 1 0 0 0
program/1190 0 0 0 1 0 0 0 0 0 0 0 0 0 1 0 0 1 0 0 1 1 1 0 0 0
program/1191 0 0 0 1 0 0 0 0 0 0 0 0 0 1 0 0 1 0 0 1 1 1 0 0 0
program/1196 0 0 0 1 0 0 0 0 0 0 0 0 0 1 0 0 1 0 0 1 1 1 0 0 0
program/1197 0 0 0 1 0 0 0 0 0 0 0 0 0 1 0 0 1 0 0 1 1 1 0 0 0
program/1195 0 0 0 1 0 0 0 0 0 0 0 0 0 1 0 0 1 0 0 1 1 1 0 0 0
program/558 0 1 0 1 0 0 0 0 0 0 0 0 1 1 1 1 1 1 1 1 1 1 0 0 0
program/559 0 1 0 1 0 0 0 0 0 0 0 0 1 1 1 1 1 1 1 1 1 1 0 0 0
program/550 0 1 0 1 0 0 0 0 0 0 0 0 1 1 1 1 1 1 1 1 1 1 0 0 0
program/551 0 1 0 1 0 0 0 0 0 0 0 0 1 1 1 1 1 1 1 1 1 1 0 0 0
program/552 0 0 0 1 0 0 0 0 0 0 0 0 1 1 0 0 1 0 0 1 1 1 0 0 0
program/553 0 1 0 1 0 0 0 0 0 0 0 0 1 1 1 1 1 1 1 1 1 1 0 0 0
program/554 0 0 0 1 0 0 0 0 0 0 0 0 1 1 0 0 1 1 0 1 1 1 0 0 0
program/555 0 1 0 1 0 0 0 0 0 0 0 0 1 1 1 1 1 1 1 1 1 1 0 0 0
program/556 0 1 0 1 0 0 0 0 0 0 0 0 1 1 1 1 1 1 1 1 1 1 0 0 0
program/557 0 0 0 1 0 0 0 0 0 0 0 0 1 1 0 0 1 1 0 1 1 1 0 0 0
program/1048 0 1 0 0 0 0 0 0 0 0 0 0 1 0 1 1 0 1 1 0 0 0 0 0 0
program/1049 0 1 0 0 0 0 0 0 0 0 0 0 1 0 1 1 0 1 1 0 0 0 0 0 0
program/1040 0 1 0 0 0 0 0 0 0 0 0 0 1 0 1 1 0 1 1 0 0 0 0 0 0
program/1041 0 1 0 0 0 0 0 0 0 0 0 0 1 0 1 1 0 1 1 0 0 0 0 0 0
program/1042 0 1 0 0 0 0 0 0 0 0 0 0 1 0 1 1 0 1 1 0 0 0 0 0 0
program/1043 0 1 0 0 0 0 0 0 0 0 0 0 1 0 1 1 0 1 1 0 0 0 0 0 0
program/1044 0 1 0 0 0 0 0 0 0 0 0 0 1 0 1 1 0 1 1 0 0 0 0 0 0
program/1045 0 1 0 0 0 0 0 0 0 0 0 0 1 0 1 1 0 1 1 0 0 0 0 0 0
program/1046 0 1 0 0 0 0 0 0 0 0 0 0 1 0 1 1 0 1 1 0 0 0 0 0 0
program/1047 0 1 0 0 0 0 0 0 0 0 0 0 1 0 1 1 0 1 1 0 0 0 0 0 0
program/149 1 1 0 1 0 0 1 1 1 0 0 0 1 1 1 1 1 1 1 1 1 1 0 0 0
program/148 1 1 0 1 0 0 1 1 1 0 0 0 1 1 1 1 1 1 1 1 1 1 0 0 0
program/147 1 1 1 1 1 1 1 1 1 1 1 1 1 1 1 1 1 1 1 1 1 1 0 0 0
program/146 1 1 1 1 1 1 1 1 1 1 1 1 1 1 1 1 1 1 1 1 1 1 0 0 0
program/144 1 1 0 1 0 0 1 1 1 0 0 0 1 1 1 1 1 1 1 1 1 1 0 0 0
program/142 1 1 1 1 1 1 1 1 1 1 1 1 1 1 1 1 1 1 1 1 1 1 0 0 0
program/141 1 1 1 1 1 1 1 1 1 1 1 1 1 1 1 1 1 1 1 1 1 1 0 0 0
program/140 1 1 1 1 1 1 1 1 1 1 1 1 1 1 1 1 1 1 1 1 1 1 0 0 0
program/389 1 1 0 1 0 0 1 1 1 0 0 0 1 1 1 1 1 1 1 1 1 1 0 0 0
program/388 1 1 0 1 0 0 1 1 1 0 0 0 1 1 1 1 1 1 1 1 1 1 0 0 0
program/381 1 1 0 1 0 0 1 1 1 0 0 0 1 1 1 1 1 1 1 1 1 1 0 0 0
program/380 1 1 0 1 0 0 1 1 1 0 0 0 1 1 1 1 1 1 1 1 1 1 0 0 0
program/383 1 1 0 1 0 0 1 1 1 0 0 0 1 1 1 1 1 1 1 1 1 1 0 0 0
program/382 1 1 0 1 0 0 1 1 1 0 0 0 1 1 1 1 1 1 1 1 1 1 0 0 0
program/385 1 1 0 1 0 0 1 1 1 0 0 0 1 1 1 1 1 1 1 1 1 1 0 0 0
program/384 1 1 0 1 0 0 1 1 1 0 0 0 1 1 1 1 1 1 1 1 1 1 0 0 0
program/387 1 1 0 1 0 0 1 1 1 0 0 0 1 1 1 1 1 1 1 1 1 1 0 0 0
program/386 1 1 0 1 0 0 1 1 1 0 0 0 1 1 1 1 1 1 1 1 1 1 0 0 0
program/894 1 1 0 1 0 0 1 1 1 0 0 0 1 1 1 1 1 1 1 1 1 1 0 0 0
program/897 0 1 0 0 0 0 0 0 0 0 0 0 0 0 1 0 0 1 0 0 0 0 0 0 0
program/891 1 1 0 1 0 0 1 1 1 0 0 0 1 1 1 1 1 1 1 1 1 1 0 0 0
program/890 1 1 0 1 0 0 1 1 1 0 0 0 1 1 1 1 1 1 1 1 1 1 0 0 0
program/893 1 1 0 1 0 0 1 1 1 0 0 0 1 1 1 1 1 1 1 1 1 1 0 0 0
program/892 1 1 0 1 0 0 1 1 1 0 0 0 1 1 1 1 1 1 1 1 1 1 0 0 0
program/899 1 1 0 1 0 0 1 1 1 0 0 0 1 1 1 1 1 1 1 1 1 1 0 0 0
program/898 1 1 0 0 0 0 1 1 1 0 0 0 0 0 0 0 0 0 0 0 0 0 0 0 0
program/969 0 0 0 1 0 0 0 0 0 0 0 0 0 1 1 0 1 1 0 1 1 1 0 0 0
program/968 1 0 0 1 0 0 1 1 1 0 0 0 1 1 0 1 1 0 1 1 1 1 0 0 0
program/961 0 0 0 0 0 0 0 0 0 0 0 0 1 0 0 1 1 0 1 0 0 1 0 0 0
program/960 1 0 0 0 0 0 1 1 1 0 0 0 0 0 1 0 0 1 0 0 0 0 0 0 0
program/963 1 0 0 1 0 0 1 1 1 0 0 0 1 1 0 1 1 0 1 1 1 1 0 0 0
program/962 0 0 0 1 0 0 0 0 0 0 0 0 1 1 0 1 1 0 1 1 1 1 0 0 0
program/965 1 0 0 1 0 0 1 1 1 0 0 0 1 1 0 1 1 0 1 1 1 1 0 0 0
program/964 0 0 0 1 0 0 0 0 0 0 0 0 1 1 0 1 1 0 1 1 1 1 0 0 0
program/967 1 0 0 0 0 0 1 1 1 0 0 0 0 0 0 0 0 0 0 0 0 0 0 0 0
program/966 0 0 0 1 0 0 0 0 0 0 0 0 1 1 0 1 1 0 1 1 1 1 0 0 0
program/631 0 1 0 1 0 0 0 0 0 0 0 0 1 1 1 1 1 1 1 1 1 1 0 0 0
program/630 0 1 0 1 0 0 0 0 0 0 0 0 1 1 1 1 1 1 1 1 1 1 0 0 0
program/633 1 1 0 1 0 0 1 1 1 0 0 0 1 1 1 1 1 1 1 1 1 1 0 0 0
program/632 0 1 0 1 0 0 0 0 0 0 0 0 1 1 1 1 1 1 1 1 1 1 0 0 0
program/635 0 0 0 1 0 0 0 0 0 0 0 0 0 0 0 1 0 0 1 0 1 0 0 0 0
program/634 1 1 0 1 0 0 1 1 1 0 0 0 1 1 1 1 1 1 1 1 1 1 0 0 0
program/637 1 1 0 1 0 0 1 1 1 0 0 0 1 1 1 1 1 1 1 1 1 1 0 0 0
program/636 0 0 0 1 0 0 0 0 0 0 0 0 0 0 1 1 0 0 1 0 1 0 0 0 0
program/639 1 1 0 1 0 0 1 1 1 0 0 0 1 1 1 1 1 1 1 1 1 1 0 0 0
program/638 1 1 0 1 0 0 1 1 1 0 0 0 1 1 1 1 1 1 1 1 1 1 0 0 0
program/1211 0 0 0 1 0 0 0 0 0 0 0 0 0 1 0 0 1 0 0 1 1 1 0 0 0
program/1210 0 0 0 1 0 0 0 0 0 0 0 0 0 1 0 0 1 0 0 1 1 1 0 0 0
program/1213 0 0 0 1 0 0 0 0 0 0 0 0 0 1 0 0 1 0 0 1 1 1 0 0 0
program/1212 0 0 0 1 0 0 0 0 0 0 0 0 0 1 0 0 1 0 0 1 1 1 0 0 0
program/1215 0 0 0 1 0 0 0 0 0 0 0 0 0 1 0 0 1 0 0 1 1 1 0 0 0
program/1214 0 0 0 1 0 0 0 0 0 0 0 0 0 1 0 0 1 0 0 1 1 1 0 0 0
program/1217 0 0 0 1 0 0 0 0 0 0 0 0 0 1 0 0 1 0 0 1 1 1 0 0 0
program/1216 0 0 0 1 0 0 0 0 0 0 0 0 0 1 0 0 1 0 0 1 1 1 0 0 0
program/705 1 1 0 1 0 0 1 1 1 0 0 0 1 1 1 1 1 1 1 1 1 1 0 0 0
program/704 1 1 0 1 0 0 1 1 1 0 0 0 1 1 1 1 1 1 1 1 1 1 0 0 0
program/707 1 1 0 1 0 0 1 1 1 0 0 0 1 1 1 1 1 1 1 1 1 1 0 0 0
program/706 1 1 0 1 0 0 1 1 1 0 0 0 1 1 1 1 1 1 1 1 1 1 0 0 0
program/701 1 1 0 1 0 0 1 1 1 0 0 0 1 1 1 1 1 1 1 1 1 1 0 0 0
program/700 1 1 0 1 0 0 1 1 1 0 0 0 1 1 1 1 1 1 1 1 1 1 0 0 0
program/703 1 1 0 1 0 0 1 1 1 0 0 0 1 1 1 1 1 1 1 1 1 1 0 0 0
program/702 1 1 0 1 0 0 1 1 1 0 0 0 1 1 1 1 1 1 1 1 1 1 0 0 0
program/709 1 1 0 1 0 0 1 1 1 0 0 0 1 1 1 1 1 1 1 1 1 1 0 0 0
program/708 1 1 0 1 0 0 1 1 1 0 0 0 1 1 1 1 1 1 1 1 1 1 0 0 0
program/1721 0 0 0 1 0 0 0 0 0 0 0 0 0 1 0 0 1 0 0 1 1 1 0 0 0
program/1720 0 0 0 1 0 0 0 0 0 0 0 0 0 1 0 0 1 0 0 1 1 1 0 0 0
program/1723 0 0 0 1 0 0 0 0 0 0 0 0 0 1 0 0 1 0 0 1 1 1 0 0 0
program/1722 0 0 0 1 0 0 0 0 0 0 0 0 0 1 0 0 1 0 0 1 1 1 0 0 0
program/1725 0 0 0 1 0 0 0 0 0 0 0 0 0 1 0 0 1 0 0 1 1 1 0 0 0
program/1724 0 0 0 1 0 0 0 0 0 0 0 0 0 1 0 0 1 0 0 1 1 1 0 0 0
program/1727 0 0 0 1 0 0 0 0 0 0 0 0 0 1 0 0 1 0 0 1 1 1 0 0 0
program/1726 0 0 0 1 0 0 0 0 0 0 0 0 0 1 0 0 1 0 0 1 1 1 0 0 0
program/1729 0 0 0 1 0 0 0 0 0 0 0 0 0 1 0 0 1 0 0 1 1 1 0 0 0
program/1728 0 0 0 1 0 0 0 0 0 0 0 0 0 1 0 0 1 0 0 1 1 1 0 0 0
program/1299 0 0 0 1 0 0 0 0 0 0 0 0 0 1 0 0 1 0 0 1 1 1 0 0 0
program/1298 0 0 0 1 0 0 0 0 0 0 0 0 0 1 0 0 1 0 0 1 1 1 0 0 0
program/1291 0 0 0 1 0 0 0 0 0 0 0 0 0 1 0 0 1 0 0 1 1 1 0 0 0
program/1290 0 0 0 1 0 0 0 0 0 0 0 0 0 1 0 0 1 0 0 1 1 1 0 0 0
program/1293 0 0 0 1 0 0 0 0 0 0 0 0 0 1 0 0 1 0 0 1 1 1 0 0 0
program/1292 0 0 0 1 0 0 0 0 0 0 0 0 0 1 0 0 1 0 0 1 1 1 0 0 0
program/1295 0 0 0 1 0 0 0 0 0 0 0 0 0 1 0 0 1 0 0 1 1 1 0 0 0
program/1297 0 0 0 1 0 0 0 0 0 0 0 0 0 1 0 0 1 0 0 1 1 1 0 0 0
program/1296 0 0 0 1 0 0 0 0 0 0 0 0 0 1 0 0 1 0 0 1 1 1 0 0 0
program/419 1 1 0 1 0 0 1 1 1 0 0 0 1 1 1 1 1 1 1 1 1 1 0 0 0
program/418 0 0 0 1 0 0 1 1 0 0 0 0 1 1 1 1 1 1 1 1 1 1 0 0 0
program/411 1 1 0 1 0 0 1 1 1 0 0 0 1 1 1 1 1 1 1 1 1 1 0 0 0
program/410 1 1 0 1 0 0 1 1 1 0 0 0 1 1 1 1 1 1 1 1 1 1 0 0 0
program/413 1 1 0 1 0 0 1 1 1 0 0 0 1 1 1 1 1 1 1 1 1 1 0 0 0
program/412 0 0 0 1 0 0 0 1 0 0 0 0 1 1 1 0 1 1 1 1 1 1 0 0 0
program/415 1 1 0 1 0 0 1 1 1 0 0 0 1 1 1 1 1 1 1 1 1 1 0 0 0
program/414 0 1 0 1 0 0 1 1 1 0 0 0 1 1 1 1 1 1 1 1 1 1 0 0 0
program/417 1 1 0 1 0 0 1 1 1 0 0 0 1 1 1 1 1 1 1 1 1 1 0 0 0
program/416 1 1 0 1 0 0 1 1 1 0 0 0 1 1 1 1 1 1 1 1 1 1 0 0 0
program/1475 0 0 0 1 0 0 0 0 0 0 0 0 0 1 0 0 1 0 0 1 1 1 0 0 0
program/1474 0 0 0 1 0 0 0 0 0 0 0 0 0 1 0 0 1 0 0 1 1 1 0 0 0
program/1477 0 0 0 1 0 0 0 0 0 0 0 0 0 1 0 0 1 0 0 1 1 1 0 0 0
program/1476 0 0 0 1 0 0 0 0 0 0 0 0 0 1 0 0 1 0 0 1 1 1 0 0 0
program/1471 0 0 0 1 0 0 0 0 0 0 0 0 0 1 0 0 1 0 0 1 1 1 0 0 0
program/1470 0 0 0 1 0 0 0 0 0 0 0 0 0 1 0 0 1 0 0 1 1 1 0 0 0
program/1473 0 0 0 1 0 0 0 0 0 0 0 0 0 1 0 0 1 0 0 1 1 1 0 0 0
program/1472 0 0 0 1 0 0 0 0 0 0 0 0 0 1 0 0 1 0 0 1 1 1 0 0 0
program/1478 0 0 0 1 0 0 0 0 0 0 0 0 0 1 0 0 1 0 0 1 1 1 0 0 0
program/1185 0 0 0 1 0 0 0 0 0 0 0 0 0 1 0 0 1 0 0 1 1 1 0 0 0
program/1184 0 0 0 1 0 0 0 0 0 0 0 0 0 1 0 0 1 0 0 1 1 1 0 0 0
program/1181 0 0 0 1 0 0 0 0 0 0 0 0 0 1 0 0 1 0 0 1 1 1 0 0 0
program/1180 0 0 0 1 0 0 0 0 0 0 0 0 0 1 0 0 1 0 0 1 1 1 0 0 0
program/1183 0 0 0 1 0 0 0 0 0 0 0 0 0 1 0 0 1 0 0 1 1 1 0 0 0
program/1182 0 0 0 1 0 0 0 0 0 0 0 0 0 1 0 0 1 0 0 1 1 1 0 0 0
program/1189 0 0 0 1 0 0 0 0 0 0 0 0 0 1 0 0 1 0 0 1 1 1 0 0 0
program/1188 0 0 0 1 0 0 0 0 0 0 0 0 0 1 0 0 1 0 0 1 1 1 0 0 0
program/1830 1 1 0 1 0 0 1 1 1 0 0 0 1 1 1 1 1 1 1 1 1 1 0 0 0
program/569 0 0 0 1 0 0 0 0 0 0 0 0 1 1 0 0 1 1 0 1 1 1 0 0 0
program/568 0 1 0 1 0 0 0 0 0 0 0 0 1 1 1 1 1 1 1 1 1 1 0 0 0
program/565 0 0 0 1 0 0 0 0 0 0 0 0 1 1 0 0 1 1 0 1 1 1 0 0 0
program/564 0 1 0 1 0 0 0 0 0 0 0 0 1 1 1 1 1 1 1 1 1 1 0 0 0
program/567 0 0 0 1 0 0 0 0 0 0 0 0 1 1 0 0 1 1 0 1 1 1 0 0 0
program/566 0 1 0 1 0 0 0 0 0 0 0 0 1 1 1 1 1 1 1 1 1 1 0 0 0
program/561 0 1 0 1 0 0 0 0 0 0 0 0 1 1 1 1 1 1 1 1 1 1 0 0 0
program/560 0 0 0 1 0 0 0 0 0 0 0 0 1 1 0 0 1 1 0 1 1 1 0 0 0
program/563 0 1 0 1 0 0 0 0 0 0 0 0 1 1 1 1 1 1 1 1 1 1 0 0 0
program/562 0 0 0 1 0 0 0 0 0 0 0 0 1 1 0 0 1 1 0 1 1 1 0 0 0
program/1058 0 1 0 0 0 0 0 0 0 0 0 0 1 0 1 1 0 1 1 0 0 0 0 0 0
program/1053 0 1 0 0 0 0 0 0 0 0 0 0 1 0 1 1 0 1 1 0 0 0 0 0 0
program/1052 0 1 0 0 0 0 0 0 0 0 0 0 1 0 1 1 0 1 1 0 0 0 0 0 0
program/1051 0 1 0 0 0 0 0 0 0 0 0 0 1 0 1 1 0 1 1 0 0 0 0 0 0
program/1050 0 1 0 0 0 0 0 0 0 0 0 0 1 0 1 1 0 1 1 0 0 0 0 0 0
program/1057 0 1 0 0 0 0 0 0 0 0 0 0 1 0 1 1 0 1 1 0 0 0 0 0 0
program/1056 0 1 0 0 0 0 0 0 0 0 0 0 1 0 1 1 0 1 1 0 0 0 0 0 0
program/1055 0 1 0 0 0 0 0 0 0 0 0 0 1 0 1 1 0 1 1 0 0 0 0 0 0
program/1054 0 1 0 0 0 0 0 0 0 0 0 0 1 0 1 1 0 1 1 0 0 0 0 0 0
program/158 1 1 1 1 1 1 1 1 1 1 1 1 1 1 1 1 1 1 1 1 1 1 0 0 0
program/159 1 1 1 1 1 1 1 1 1 1 1 1 1 1 1 1 1 1 1 1 1 1 0 0 0
program/154 1 1 1 1 1 1 1 1 1 1 1 1 1 1 1 1 1 1 1 1 1 1 0 0 0
program/155 1 1 1 1 1 1 1 1 1 1 1 1 1 1 1 1 1 1 1 1 1 1 0 0 0
program/156 1 1 1 1 1 1 1 1 1 1 1 1 1 1 1 1 1 1 1 1 1 1 0 0 0
program/157 1 1 1 1 1 1 1 1 1 1 1 1 1 1 1 1 1 1 1 1 1 1 0 0 0
program/150 1 1 1 1 1 1 1 1 1 1 1 1 1 1 1 1 1 1 1 1 1 1 0 0 0
program/151 0 1 1 1 1 1 1 1 1 1 1 1 1 1 1 1 1 1 1 1 1 1 0 0 0
program/152 1 1 1 1 1 1 1 1 1 1 1 1 1 1 1 1 1 1 1 1 1 1 0 0 0
program/153 0 1 1 1 1 1 1 1 1 1 1 1 1 1 1 1 1 1 1 1 1 1 0 0 0
program/398 1 1 0 1 0 0 1 1 1 0 0 0 1 1 1 1 1 1 1 1 1 1 0 0 0
program/399 1 1 0 1 0 0 1 1 1 0 0 0 1 1 1 1 1 1 1 1 1 1 0 0 0
program/396 1 1 0 1 0 0 1 1 1 0 0 0 1 1 1 1 1 1 1 1 1 1 0 0 0
program/397 1 1 0 1 0 0 1 1 1 0 0 0 1 1 1 1 1 1 1 1 1 1 0 0 0
program/392 1 1 0 1 0 0 1 1 1 0 0 0 1 1 1 1 1 1 1 1 1 1 0 0 0
program/390 1 1 0 1 0 0 1 1 1 0 0 0 1 1 1 1 1 1 1 1 1 1 0 0 0
program/391 1 1 0 1 0 0 1 1 1 0 0 0 1 1 1 1 1 1 1 1 1 1 0 0 0
program/888 1 1 0 1 0 0 1 1 1 0 0 0 1 1 1 1 1 1 1 1 1 1 0 0 0
program/889 1 1 0 1 0 0 1 1 1 0 0 0 1 1 1 1 1 1 1 1 1 1 0 0 0
program/882 1 1 0 1 0 0 1 1 1 0 0 0 1 1 1 1 1 1 1 1 1 1 0 0 0
program/883 1 1 0 1 0 0 1 1 1 0 0 0 1 1 1 1 1 1 1 1 1 1 0 0 0
program/880 1 1 0 1 0 0 1 1 1 0 0 0 1 1 1 1 1 1 1 1 1 1 0 0 0
program/881 1 1 0 1 0 0 1 1 1 0 0 0 1 1 1 1 1 1 1 1 1 1 0 0 0
program/886 1 1 0 1 0 0 1 1 1 0 0 0 1 1 1 1 1 1 1 1 1 1 0 0 0
program/887 1 1 0 1 0 0 1 1 1 0 0 0 1 1 1 1 1 1 1 1 1 1 0 0 0
program/884 1 1 0 1 0 0 1 1 1 0 0 0 1 1 1 1 1 1 1 1 1 1 0 0 0
program/885 1 1 0 1 0 0 1 1 1 0 0 0 1 1 1 1 1 1 1 1 1 1 0 0 0
program/978 0 0 0 1 0 0 0 0 0 0 0 0 1 1 1 1 1 1 1 1 1 1 0 0 0
program/979 0 0 0 1 0 0 0 0 0 0 0 0 1 1 1 1 1 1 1 1 1 1 0 0 0
program/976 0 0 0 1 0 0 0 0 0 0 0 0 1 1 0 1 1 0 1 1 1 1 0 0 0
program/977 1 0 0 0 0 0 1 1 1 0 0 0 0 0 1 0 0 1 0 0 0 0 0 0 0
program/974 1 0 0 1 0 0 1 1 1 0 0 0 1 1 1 1 1 1 1 1 1 1 0 0 0
program/975 1 0 0 0 0 0 1 1 1 0 0 0 0 0 0 0 0 0 0 0 0 0 0 0 0
program/972 1 0 0 1 0 0 1 1 1 0 0 0 1 1 1 1 1 1 1 1 1 1 0 0 0
program/973 1 0 0 1 0 0 1 1 1 0 0 0 1 1 1 1 1 1 1 1 1 1 0 0 0
program/970 1 0 0 0 0 0 1 1 1 0 0 0 0 0 1 0 0 1 0 0 0 0 0 0 0
program/971 1 0 0 1 0 0 1 1 1 0 0 0 1 1 1 1 1 1 1 1 1 1 0 0 0
program/626 1 1 0 1 0 0 1 1 1 0 0 0 1 1 1 1 1 1 1 1 1 1 0 0 0
program/627 1 1 0 1 0 0 1 1 1 0 0 0 1 1 1 1 1 1 1 1 1 1 0 0 0
program/624 0 0 0 1 0 0 0 0 0 0 0 0 0 0 1 1 0 0 1 0 0 0 0 0 0
program/625 0 1 0 1 0 0 0 0 0 0 0 0 1 1 1 1 1 1 1 1 1 1 0 0 0
program/622 0 1 0 1 0 0 0 0 0 0 0 0 1 1 1 1 1 1 1 1 1 1 0 0 0
program/623 0 0 0 0 0 0 0 0 0 0 0 0 0 0 0 1 0 0 1 0 0 0 0 0 0
program/620 0 0 0 0 0 0 0 0 0 0 0 0 0 0 0 1 0 0 1 0 0 0 0 0 0
program/621 1 1 0 1 0 0 1 1 1 0 0 0 1 1 1 1 1 1 1 1 1 1 0 0 0
program/628 1 1 0 1 0 0 1 1 1 0 0 0 1 1 1 1 1 1 1 1 1 1 0 0 0
program/629 1 1 0 1 0 0 1 1 1 0 0 0 1 1 1 1 1 1 1 1 1 1 0 0 0
program/718 1 1 0 1 0 0 1 1 1 0 0 0 1 1 1 1 1 1 1 1 1 1 0 0 0
program/719 1 1 0 1 0 0 1 1 1 0 0 0 1 1 1 1 1 1 1 1 1 1 0 0 0
program/712 1 1 0 1 0 0 1 1 1 0 0 0 1 1 1 1 1 1 1 1 1 1 0 0 0
program/713 1 1 0 1 0 0 1 1 1 0 0 0 1 1 1 1 1 1 1 1 1 1 0 0 0
program/710 1 1 0 1 0 0 1 1 1 0 0 0 1 1 1 1 1 1 1 1 1 1 0 0 0
program/711 1 1 0 1 0 0 1 1 1 0 0 0 1 1 1 1 1 1 1 1 1 1 0 0 0
program/716 1 1 0 1 0 0 1 1 1 0 0 0 1 1 1 1 1 1 1 1 1 1 0 0 0
program/717 1 1 0 1 0 0 1 1 1 0 0 0 1 1 1 1 1 1 1 1 1 1 0 0 0
program/714 1 1 0 1 0 0 1 1 1 0 0 0 1 1 1 1 1 1 1 1 1 1 0 0 0
program/715 1 1 0 1 0 0 1 1 1 0 0 0 1 1 1 1 1 1 1 1 1 1 0 0 0
program/1264 0 0 0 1 0 0 0 0 0 0 0 0 0 1 0 0 1 0 0 1 1 1 0 0 0
program/1265 0 0 0 1 0 0 0 0 0 0 0 0 0 1 0 0 1 0 0 1 1 1 0 0 0
program/1266 0 0 0 1 0 0 0 0 0 0 0 0 0 1 0 0 1 0 0 1 1 1 0 0 0
program/1267 0 0 0 1 0 0 0 0 0 0 0 0 0 1 0 0 1 0 0 1 1 1 0 0 0
program/1260 0 0 0 1 0 0 0 0 0 0 0 0 0 1 0 0 1 0 0 1 1 1 0 0 0
program/1261 0 0 0 1 0 0 0 0 0 0 0 0 0 1 0 0 1 0 0 1 1 1 0 0 0
program/1262 0 0 0 1 0 0 0 0 0 0 0 0 0 1 0 0 1 0 0 1 1 1 0 0 0
program/1263 0 0 0 1 0 0 0 0 0 0 0 0 0 1 0 0 1 0 0 1 1 1 0 0 0
program/1268 0 0 0 1 0 0 0 0 0 0 0 0 0 1 0 0 1 0 0 1 1 1 0 0 0
program/1269 0 0 0 1 0 0 0 0 0 0 0 0 0 1 0 0 1 0 0 1 1 1 0 0 0
program/408 1 1 0 1 0 0 1 1 1 0 0 0 1 1 1 1 1 1 1 1 1 1 0 0 0
program/409 1 1 0 1 0 0 1 1 1 0 0 0 1 1 1 1 1 1 1 1 1 1 0 0 0
program/406 1 1 0 1 0 0 1 1 1 0 0 0 1 1 1 1 1 1 1 1 1 1 0 0 0
program/407 0 1 0 1 0 0 1 1 1 0 0 0 1 1 1 1 1 1 1 1 1 1 0 0 0
program/404 1 1 0 1 0 0 1 1 1 0 0 0 1 1 1 1 1 1 1 1 1 1 0 0 0
program/405 1 1 0 1 0 0 1 1 1 0 0 0 1 1 1 1 1 1 1 1 1 1 0 0 0
program/402 1 1 0 1 0 0 1 1 1 0 0 0 1 1 1 1 1 1 1 1 1 1 0 0 0
program/403 0 1 0 1 0 0 1 1 1 0 0 0 1 1 1 1 1 1 1 1 1 1 0 0 0
program/400 1 1 0 1 0 0 1 1 1 0 0 0 1 1 1 1 1 1 1 1 1 1 0 0 0
program/401 1 1 0 1 0 0 1 1 1 0 0 0 1 1 1 1 1 1 1 1 1 1 0 0 0
program/1668 0 0 0 1 0 0 0 0 0 0 0 0 0 1 0 0 1 0 0 1 1 1 0 0 0
program/1669 0 0 0 1 0 0 0 0 0 0 0 0 0 1 0 0 1 0 0 1 1 1 0 0 0
program/1664 0 0 0 1 0 0 0 0 0 0 0 0 0 1 0 0 1 0 0 1 1 1 0 0 0
program/1665 0 0 0 1 0 0 0 0 0 0 0 0 0 1 0 0 1 0 0 1 1 1 0 0 0
program/1666 0 0 0 1 0 0 0 0 0 0 0 0 0 1 0 0 1 0 0 1 1 1 0 0 0
program/1667 0 0 0 1 0 0 0 0 0 0 0 0 0 1 0 0 1 0 0 1 1 1 0 0 0
program/1400 0 0 0 1 0 0 0 0 0 0 0 0 0 1 0 0 1 0 0 1 1 1 0 0 0
program/1402 0 0 0 1 0 0 0 0 0 0 0 0 0 1 0 0 1 0 0 1 1 1 0 0 0
program/1403 0 0 0 1 0 0 0 0 0 0 0 0 0 1 0 0 1 0 0 1 1 1 0 0 0
program/1404 0 0 0 1 0 0 0 0 0 0 0 0 0 1 0 0 1 0 0 1 1 1 0 0 0
program/1405 0 0 0 1 0 0 0 0 0 0 0 0 0 1 0 0 1 0 0 1 1 1 0 0 0
program/1407 0 0 0 1 0 0 0 0 0 0 0 0 0 1 0 0 1 0 0 1 1 1 0 0 0
program/1408 0 0 0 1 0 0 0 0 0 0 0 0 0 1 0 0 1 0 0 1 1 1 0 0 0
program/572 0 1 0 1 0 0 1 1 1 0 0 0 1 1 1 1 1 1 1 1 1 1 0 0 0
program/573 0 1 0 1 0 0 1 1 1 0 0 0 1 1 1 1 1 1 1 1 1 1 0 0 0
program/570 0 1 0 1 0 0 0 0 0 0 0 0 1 1 1 1 1 1 1 1 1 1 0 0 0
program/571 0 1 0 1 0 0 1 1 1 0 0 0 1 1 1 1 1 1 1 1 1 1 0 0 0
program/576 0 1 0 1 0 0 1 1 1 0 0 0 1 1 1 1 1 1 1 1 1 1 0 0 0
program/577 0 1 0 1 0 0 1 1 1 0 0 0 1 1 1 1 1 1 1 1 1 1 0 0 0
program/578 0 1 0 1 0 0 1 1 1 0 0 0 1 1 1 1 1 1 1 1 1 1 0 0 0
program/579 0 1 0 1 0 0 1 1 1 0 0 0 1 1 1 1 1 1 1 1 1 1 0 0 0
program/1066 0 1 0 0 0 0 0 0 0 0 0 0 1 0 1 1 0 1 1 0 0 0 0 0 0
program/1067 0 1 0 0 0 0 0 0 0 0 0 0 1 0 1 1 0 1 1 0 0 0 0 0 0
program/1065 0 1 0 0 0 0 0 0 0 0 0 0 1 0 1 1 0 1 1 0 0 0 0 0 0
program/1068 0 0 0 0 0 0 0 0 0 0 0 0 0 0 1 1 0 0 1 0 0 0 0 0 0
program/1069 0 1 0 0 0 0 0 0 0 0 0 0 1 0 1 1 0 1 1 0 0 0 0 0 0
program/1318 0 0 0 1 0 0 0 0 0 0 0 0 0 1 0 0 1 0 0 1 1 1 0 0 0
program/1319 0 0 0 1 0 0 0 0 0 0 0 0 0 1 0 0 1 0 0 1 1 1 0 0 0
program/1314 0 0 0 1 0 0 0 0 0 0 0 0 0 1 0 0 1 0 0 1 1 1 0 0 0
program/1315 0 0 0 1 0 0 0 0 0 0 0 0 0 1 0 0 1 0 0 1 1 1 0 0 0
program/1316 0 0 0 1 0 0 0 0 0 0 0 0 0 1 0 0 1 0 0 1 1 1 0 0 0
program/1317 0 0 0 1 0 0 0 0 0 0 0 0 0 1 0 0 1 0 0 1 1 1 0 0 0
program/1310 0 0 0 1 0 0 0 0 0 0 0 0 0 1 0 0 1 0 0 1 1 1 0 0 0
program/1311 0 0 0 1 0 0 0 0 0 0 0 0 0 1 0 0 1 0 0 1 1 1 0 0 0
program/1312 0 0 0 1 0 0 0 0 0 0 0 0 0 1 0 0 1 0 0 1 1 1 0 0 0
program/1313 0 0 0 1 0 0 0 0 0 0 0 0 0 1 0 0 1 0 0 1 1 1 0 0 0
program/1088 1 0 0 1 0 0 1 1 1 0 0 0 0 1 0 0 1 0 0 1 1 1 0 0 0
program/1089 1 0 0 1 0 0 1 1 1 0 0 0 0 1 0 0 1 0 0 1 1 1 0 0 0
program/1084 1 0 0 1 0 0 1 1 1 0 0 0 0 1 0 0 1 0 0 1 1 1 0 0 0
program/1085 1 0 0 1 0 0 1 1 1 0 0 0 0 1 0 0 1 0 0 1 1 1 0 0 0
program/1086 1 0 0 1 0 0 1 1 1 0 0 0 0 1 0 0 1 0 0 1 1 1 0 0 0
program/1087 1 0 0 1 0 0 1 1 1 0 0 0 0 1 0 0 1 0 0 1 1 1 0 0 0
program/1080 1 0 0 1 0 0 1 1 1 0 0 0 0 1 0 0 1 0 0 1 1 1 0 0 0
program/1081 1 0 0 1 0 0 1 1 1 0 0 0 0 1 0 0 1 0 0 1 1 1 0 0 0
program/1082 1 0 0 1 0 0 1 1 1 0 0 0 0 1 0 0 1 0 0 1 1 1 0 0 0
program/1083 1 0 0 1 0 0 1 1 1 0 0 0 0 1 0 0 1 0 0 1 1 1 0 0 0
