ktestSM MFI_KLEE_TOPDIR_TEST_TEMPLATE.sh-out/klee-out-0/test000001.ktest MFI_KLEE_TOPDIR_TEST_TEMPLATE.sh-out/klee-out-0/test000014.ktest MFI_KLEE_TOPDIR_TEST_TEMPLATE.sh-out/klee-out-0/test000006.ktest MFI_KLEE_TOPDIR_TEST_TEMPLATE.sh-out/klee-out-0/test000015.ktest MFI_KLEE_TOPDIR_TEST_TEMPLATE.sh-out/klee-out-0/test000002.ktest MFI_KLEE_TOPDIR_TEST_TEMPLATE.sh-out/klee-out-0/test000007.ktest MFI_KLEE_TOPDIR_TEST_TEMPLATE.sh-out/klee-out-0/test000009.ktest MFI_KLEE_TOPDIR_TEST_TEMPLATE.sh-out/klee-out-0/test000011.ktest MFI_KLEE_TOPDIR_TEST_TEMPLATE.sh-out/klee-out-0/test000013.ktest MFI_KLEE_TOPDIR_TEST_TEMPLATE.sh-out/klee-out-0/test000016.ktest MFI_KLEE_TOPDIR_TEST_TEMPLATE.sh-out/klee-out-0/test000003.ktest MFI_KLEE_TOPDIR_TEST_TEMPLATE.sh-out/klee-out-0/test000005.ktest MFI_KLEE_TOPDIR_TEST_TEMPLATE.sh-out/klee-out-0/test000004.ktest MFI_KLEE_TOPDIR_TEST_TEMPLATE.sh-out/klee-out-0/test000012.ktest MFI_KLEE_TOPDIR_TEST_TEMPLATE.sh-out/klee-out-0/test000008.ktest MFI_KLEE_TOPDIR_TEST_TEMPLATE.sh-out/klee-out-0/test000010.ktest heldout-input-pos1-out/Dev-out-0/devtest.ktest heldout-input-pos4-out/Dev-out-0/devtest.ktest input-neg1-out/Dev-out-0/devtest.ktest input-pos1-out/Dev-out-0/devtest.ktest
program/36 1 1 1 1 1 1 1 1 1 1 1 1 1 1 1 1 1 1 1 0
program/37 1 1 1 1 1 1 1 1 1 0 1 1 1 1 1 0 1 1 1 0
program/31 1 1 1 1 1 1 1 1 1 1 1 1 1 1 1 1 1 1 1 0
program/32 1 1 1 1 1 1 1 1 1 0 1 1 1 1 1 0 1 1 1 0
program/33 0 1 0 1 0 1 1 1 1 1 0 0 0 1 0 1 1 1 1 0
program/38 1 1 1 1 1 1 1 1 1 1 1 1 1 1 1 1 1 1 1 0
program/39 1 1 1 1 1 1 1 1 1 0 1 1 1 1 1 0 1 1 1 0
program/161 0 1 0 1 0 1 1 1 1 0 0 0 0 1 0 0 1 1 1 0
program/160 0 1 0 1 0 1 1 1 1 0 0 0 0 1 0 0 1 1 1 0
program/163 0 0 0 0 0 0 0 0 0 0 0 0 0 0 0 0 1 1 1 0
program/162 0 1 0 1 0 1 1 1 1 1 0 0 0 1 0 0 1 1 1 0
program/165 0 1 0 1 0 1 1 1 1 0 0 0 0 1 0 0 1 1 1 0
program/164 0 0 0 0 0 0 0 0 0 0 0 0 0 0 0 0 1 1 1 0
program/167 0 1 0 1 0 1 1 1 1 0 0 0 0 1 0 0 1 1 1 0
program/166 0 0 0 0 0 0 0 0 0 0 0 0 0 0 0 0 1 1 1 0
program/169 0 1 0 1 0 1 1 1 1 1 0 0 0 1 0 0 1 1 1 0
program/168 0 1 0 1 0 1 1 1 1 0 0 0 0 1 0 0 1 1 1 0
program/264 1 1 1 1 1 1 1 1 1 0 1 1 1 1 1 0 1 1 1 0
program/219 0 1 0 0 0 1 1 1 1 0 0 0 0 1 0 0 1 1 1 0
program/218 0 1 0 1 0 1 1 1 1 0 0 0 0 1 0 0 1 1 1 0
program/213 0 1 0 1 0 1 1 1 1 1 0 0 0 1 0 0 1 1 1 0
program/210 0 1 0 1 0 1 1 1 1 0 0 0 0 1 0 0 1 1 1 0
program/217 0 1 0 1 0 1 1 1 1 1 0 0 0 1 0 0 1 1 1 0
program/189 0 1 0 1 0 1 1 1 1 0 0 0 0 1 0 0 1 1 1 0
program/214 0 0 0 1 0 0 0 0 0 0 0 0 0 0 0 0 0 0 0 0
program/239 0 0 0 1 0 0 0 0 0 0 0 0 0 0 0 0 1 1 1 0
program/152 0 0 0 0 0 0 0 0 0 0 0 0 0 0 0 0 1 1 1 0
program/236 0 1 0 0 0 1 1 1 1 0 0 0 0 1 0 0 1 1 1 0
program/241 0 1 0 1 0 0 0 0 0 0 0 0 0 0 0 0 1 1 1 0
program/176 0 1 0 1 0 1 1 1 1 0 0 0 0 1 0 0 1 1 1 0
program/177 0 0 0 0 0 0 0 0 0 0 0 0 0 0 0 0 1 1 1 0
program/174 0 0 0 0 0 0 0 0 0 0 0 0 0 0 0 0 1 1 1 0
program/175 0 0 0 0 0 1 0 1 1 0 0 0 0 1 0 0 1 1 1 0
program/172 0 0 0 0 0 0 0 0 0 0 0 0 0 0 0 0 1 1 1 0
program/173 0 0 0 0 0 1 0 1 1 0 0 0 0 1 0 0 1 1 1 0
program/170 0 0 0 0 0 0 0 0 0 0 0 0 0 0 0 0 1 1 1 0
program/171 0 1 0 1 0 1 1 1 1 0 0 0 0 1 0 0 1 1 1 0
program/262 1 1 1 1 1 1 1 1 1 0 1 1 1 1 1 0 1 1 1 0
program/178 0 1 0 1 0 1 1 1 1 0 0 0 0 1 0 0 1 1 1 0
program/179 0 0 0 0 0 0 0 0 0 0 0 0 0 0 0 0 1 1 1 0
program/208 0 1 0 1 0 1 1 1 1 0 0 0 0 1 0 0 1 1 1 0
program/209 0 1 0 1 0 1 1 1 1 0 0 0 0 1 0 0 1 1 1 0
program/180 0 0 0 0 0 0 0 0 0 0 0 0 0 0 0 0 1 1 1 0
program/242 0 1 0 1 0 1 1 1 1 0 0 0 0 1 0 0 1 1 1 0
program/200 0 1 0 1 0 1 1 1 1 0 0 0 0 1 0 0 1 1 1 0
program/201 0 1 0 1 0 1 1 1 1 0 0 0 0 1 0 0 1 1 1 0
program/202 0 1 0 1 0 1 1 1 1 0 0 0 0 1 0 0 1 1 1 0
program/203 0 1 0 1 0 1 1 1 1 0 0 0 0 1 0 0 1 1 1 0
program/204 0 1 0 1 0 1 1 1 1 0 0 0 0 1 0 0 1 1 1 0
program/205 0 1 0 1 0 1 1 1 1 0 0 0 0 1 0 0 1 1 1 0
program/206 0 1 0 1 0 1 1 1 1 0 0 0 0 1 0 0 1 1 1 0
program/186 0 0 0 0 0 0 0 0 0 0 0 0 0 0 0 0 1 1 1 0
program/185 0 1 0 1 0 1 1 1 1 0 0 0 0 1 0 0 1 1 1 0
program/254 0 1 0 1 0 0 0 0 0 0 0 0 0 0 0 0 1 1 1 0
program/263 1 1 1 1 1 1 1 1 1 0 1 1 1 1 1 0 1 1 1 0
program/184 0 0 0 0 0 0 0 0 0 0 0 0 0 0 0 0 1 1 1 0
program/183 0 1 0 1 0 1 1 1 1 0 0 0 0 1 0 0 1 1 1 0
program/260 0 1 0 1 0 1 1 1 1 1 0 0 0 1 0 0 1 1 1 0
program/207 0 1 0 1 0 1 1 1 1 0 0 0 0 1 0 0 1 1 1 0
program/157 0 0 0 0 0 0 0 0 0 0 0 0 0 0 0 0 1 1 1 0
program/103 0 1 0 1 0 1 1 1 1 1 0 0 0 1 0 0 1 1 1 0
program/102 0 1 0 1 0 1 1 1 1 1 0 0 0 1 0 0 1 1 1 0
program/101 0 1 0 1 0 1 1 1 1 1 0 0 0 1 0 0 1 1 1 0
program/100 0 1 0 1 0 1 1 1 1 1 0 0 0 1 0 0 1 1 1 0
program/107 0 1 0 1 0 1 1 1 1 1 0 0 0 1 0 0 1 1 1 0
program/106 0 1 0 1 0 1 1 1 1 1 0 0 0 1 0 0 1 1 1 0
program/105 0 1 0 1 0 1 1 1 1 1 0 0 0 1 0 0 1 1 1 0
program/104 0 1 0 1 0 1 1 1 1 1 0 0 0 1 0 0 1 1 1 0
program/235 0 1 0 0 0 0 0 0 0 0 0 0 0 0 0 0 0 1 0 0
program/234 0 1 0 1 0 1 1 1 1 0 0 0 0 1 0 0 1 1 1 0
program/109 0 1 0 1 0 1 1 1 1 1 0 0 0 1 0 0 1 1 1 0
program/108 0 1 0 1 0 1 1 1 1 1 0 0 0 1 0 0 1 1 1 0
program/231 0 1 0 1 0 1 1 1 1 0 0 0 0 1 0 0 1 1 1 0
program/230 0 1 0 1 0 1 1 1 1 0 0 0 0 1 0 0 1 1 1 0
program/233 0 1 0 1 0 0 0 0 0 0 0 0 0 0 0 0 1 1 1 0
program/232 0 1 0 0 0 1 1 1 1 0 0 0 0 1 0 0 1 1 1 0
program/29 0 1 0 1 0 1 1 1 1 1 0 0 0 1 0 1 1 1 1 0
program/188 0 1 0 1 0 1 1 1 1 0 0 0 0 1 0 0 1 1 1 0
program/261 0 1 0 1 0 1 1 1 1 1 0 0 0 1 0 0 1 1 1 0
program/23 0 1 0 1 1 1 1 1 1 0 1 0 1 1 0 0 1 1 1 0
program/22 0 1 0 1 1 1 1 1 1 0 1 0 1 1 0 0 1 1 1 0
program/181 0 1 0 1 0 1 1 1 1 0 0 0 0 1 0 0 1 1 1 0
program/20 0 1 0 1 1 1 1 1 1 0 1 0 1 1 0 0 0 0 0 0
program/187 0 0 0 0 0 1 0 1 1 0 0 0 0 1 0 0 1 1 1 0
program/26 0 1 0 1 1 1 1 1 1 1 1 0 1 1 0 1 1 1 1 0
program/25 1 1 1 1 1 1 1 1 1 0 1 1 1 1 1 0 1 1 1 0
program/24 0 1 0 1 0 1 1 1 1 0 0 0 0 1 0 0 1 1 1 0
program/256 0 1 0 0 0 1 1 1 1 1 0 0 0 1 0 0 1 1 1 0
program/255 0 1 0 0 0 1 1 1 1 0 0 0 0 1 0 0 1 1 1 0
program/251 0 1 0 1 0 0 0 0 0 0 0 0 0 0 0 0 1 1 1 0
program/253 0 1 0 1 0 0 0 0 0 0 0 0 0 0 0 0 1 1 1 0
program/110 0 1 0 1 0 1 1 1 1 1 0 0 0 1 0 0 1 1 1 0
program/111 0 1 0 1 0 1 1 1 1 1 0 0 0 1 0 0 1 1 1 0
program/112 0 1 0 1 0 1 1 1 1 1 0 0 0 1 0 0 1 1 1 0
program/113 0 1 0 1 0 1 1 1 1 1 0 0 0 1 0 0 1 1 1 0
program/114 0 1 0 1 0 1 1 1 1 0 0 0 0 1 0 0 1 1 1 0
program/115 0 0 0 1 0 1 1 1 1 0 0 0 0 1 0 0 1 1 1 0
program/116 0 1 0 1 0 1 1 1 1 1 0 0 0 1 0 0 1 1 1 0
program/117 0 1 0 1 0 1 1 1 1 1 0 0 0 1 0 0 1 1 1 0
program/118 0 1 0 1 0 1 1 1 1 1 0 0 0 1 0 0 1 1 1 0
program/119 0 1 0 1 0 1 1 1 1 1 0 0 0 1 0 0 1 1 1 0
program/228 0 1 0 0 0 0 0 0 0 0 0 0 0 0 0 0 0 1 0 0
program/229 0 1 0 1 0 1 1 1 1 0 0 0 0 1 0 0 1 1 1 0
program/145 0 1 0 1 0 1 1 1 1 0 0 0 0 1 0 0 1 1 1 0
program/198 0 1 0 1 0 1 1 1 1 0 0 0 0 1 0 0 1 1 1 0
program/199 0 1 0 1 0 1 1 1 1 0 0 0 0 1 0 0 1 1 1 0
program/58 0 1 0 1 1 1 1 1 1 1 1 0 1 1 0 0 1 1 1 0
program/59 0 1 0 1 1 1 1 1 1 0 1 0 1 1 0 0 1 1 1 0
program/56 0 1 0 1 1 1 1 1 1 1 1 0 1 1 0 0 1 1 1 0
program/57 0 1 0 1 1 1 1 1 1 0 1 0 1 1 0 0 1 1 1 0
program/54 0 1 0 1 1 1 1 1 1 0 1 0 1 1 0 0 1 1 1 0
program/55 0 1 0 1 1 1 1 1 1 0 1 0 1 1 0 0 1 1 1 0
program/52 0 1 0 1 1 1 1 1 1 0 1 0 1 1 0 0 1 1 1 0
program/53 0 1 0 1 1 1 1 1 1 1 1 0 1 1 0 0 1 1 1 0
program/50 0 1 0 1 1 1 1 1 1 0 1 0 1 1 0 0 1 1 1 0
program/51 0 1 0 1 1 1 1 1 1 1 1 0 1 1 0 0 1 1 1 0
program/226 0 0 0 1 0 1 1 1 1 0 0 0 0 1 0 0 0 0 0 0
program/190 0 1 0 1 0 1 1 1 1 0 0 0 0 1 0 0 1 1 1 0
program/154 0 0 0 0 0 0 0 0 0 0 0 0 0 0 0 0 1 1 1 0
program/153 0 1 0 1 0 1 1 1 1 0 0 0 0 1 0 0 1 1 1 0
program/155 0 1 0 1 0 1 1 1 1 1 0 0 0 1 0 0 1 1 1 0
program/156 0 1 0 1 0 1 1 1 1 0 0 0 0 1 0 0 1 1 1 0
program/125 0 1 0 1 0 1 1 1 1 1 0 0 0 1 0 0 1 1 1 0
program/124 0 1 0 1 0 1 1 1 1 1 0 0 0 1 0 0 1 1 1 0
program/127 0 1 0 1 0 1 1 1 1 1 0 0 0 1 0 0 1 1 1 0
program/126 0 1 0 1 0 1 1 1 1 1 0 0 0 1 0 0 1 1 1 0
program/121 0 1 0 1 0 1 1 1 1 1 0 0 0 1 0 0 1 1 1 0
program/120 0 1 0 1 0 1 1 1 1 1 0 0 0 1 0 0 1 1 1 0
program/123 0 1 0 1 0 1 1 1 1 1 0 0 0 1 0 0 1 1 1 0
program/122 0 1 0 1 0 1 1 1 1 1 0 0 0 1 0 0 1 1 1 0
program/250 0 1 0 1 0 0 0 0 0 0 0 0 0 0 0 0 1 1 1 0
program/150 0 1 0 1 0 1 1 1 1 0 0 0 0 1 0 0 1 1 1 0
program/238 0 1 0 1 0 1 1 1 1 0 0 0 0 1 0 0 1 1 1 0
program/129 0 1 0 1 0 1 1 1 1 1 0 0 0 1 0 0 1 1 1 0
program/128 0 1 0 1 0 1 1 1 1 1 0 0 0 1 0 0 1 1 1 0
program/259 0 1 0 0 0 1 1 1 1 1 0 0 0 1 0 0 1 1 1 0
program/151 0 1 0 1 0 1 1 1 1 0 0 0 0 1 0 0 1 1 1 0
program/49 1 0 1 0 0 0 0 0 0 0 0 1 0 1 1 0 1 1 1 0
program/48 0 1 0 1 1 1 1 1 1 1 1 0 1 1 0 0 1 1 1 0
program/45 0 1 0 1 1 1 1 1 1 0 1 0 1 1 0 0 1 1 1 0
program/44 0 1 0 1 1 1 1 1 1 1 1 0 1 1 0 0 1 1 1 0
program/47 0 1 0 1 1 1 1 1 1 1 1 0 1 1 0 0 1 1 1 0
program/46 0 1 0 1 0 1 1 1 1 1 0 0 0 1 0 0 1 1 1 0
program/41 0 1 0 1 1 1 1 1 1 1 1 0 1 1 0 0 1 1 1 0
program/40 1 1 1 1 1 1 1 1 1 0 1 1 1 1 1 0 1 1 1 0
program/43 0 1 0 1 0 1 1 1 1 1 0 0 0 1 0 0 1 1 1 0
program/42 0 1 0 1 1 1 1 1 1 0 1 0 1 1 0 0 1 1 1 0
program/222 0 1 0 1 0 1 1 1 1 0 0 0 0 1 0 0 1 1 1 0
program/193 0 1 0 1 0 1 1 1 1 0 0 0 0 1 0 0 1 1 1 0
program/223 0 1 0 0 0 1 1 1 1 0 0 0 0 1 0 0 1 1 1 0
program/220 0 1 0 0 0 1 1 1 1 0 0 0 0 1 0 0 1 1 1 0
program/138 0 0 0 1 0 0 0 0 0 0 0 0 0 0 0 0 0 0 0 0
program/139 0 0 0 0 0 0 0 1 0 0 0 0 0 0 0 0 0 0 0 0
program/132 0 1 0 1 0 1 1 1 1 1 0 0 0 1 0 0 1 1 1 0
program/133 0 1 0 1 0 1 1 1 1 1 0 0 0 1 0 0 1 1 1 0
program/130 0 1 0 1 0 1 1 1 1 1 0 0 0 1 0 0 1 1 1 0
program/131 0 1 0 1 0 1 1 1 1 1 0 0 0 1 0 0 1 1 1 0
program/136 0 1 0 1 0 1 1 1 1 1 0 0 0 1 0 0 1 1 1 0
program/137 0 1 0 1 0 1 1 1 1 1 0 0 0 1 0 0 1 1 1 0
program/134 0 1 0 1 0 1 1 1 1 1 0 0 0 1 0 0 1 1 1 0
program/135 0 1 0 1 0 1 1 1 1 1 0 0 0 1 0 0 1 1 1 0
program/244 0 1 0 1 0 1 1 1 1 0 0 0 0 1 0 0 1 1 1 0
program/245 0 1 0 1 0 1 1 1 1 0 0 0 0 1 0 0 1 1 1 0
program/246 0 1 0 0 0 1 1 1 1 0 0 0 0 1 0 0 1 1 1 0
program/247 0 1 0 1 0 0 0 0 0 0 0 0 0 0 0 0 1 1 1 0
program/240 0 1 0 0 0 1 1 1 1 0 0 0 0 1 0 0 1 1 1 0
program/224 0 1 0 1 0 0 0 0 0 0 0 0 0 0 0 0 1 1 1 0
program/141 0 1 0 1 0 1 1 1 1 0 0 0 0 1 0 0 1 1 1 0
program/192 0 1 0 1 0 1 1 1 1 0 0 0 0 1 0 0 1 1 1 0
program/225 0 0 0 0 0 0 0 0 0 0 0 0 0 0 0 0 1 1 1 0
program/248 0 0 0 0 0 0 0 0 0 0 0 0 0 0 0 0 1 1 1 0
program/249 0 0 0 1 0 1 1 1 1 0 0 0 0 1 0 0 1 1 1 0
program/70 0 1 0 1 1 1 1 1 1 0 1 0 1 1 0 0 1 1 1 0
program/71 0 1 0 1 1 1 1 1 1 1 1 0 1 1 0 0 1 1 1 0
program/72 0 1 0 1 0 1 1 1 1 0 0 0 0 1 0 0 1 1 1 0
program/73 0 1 0 1 1 1 1 1 1 0 1 0 1 1 0 0 1 1 1 0
program/74 1 0 1 0 0 0 0 0 0 0 0 1 0 0 1 0 1 1 1 0
program/75 0 1 0 1 0 1 1 1 1 1 0 0 0 1 0 1 1 1 1 0
program/76 0 1 0 1 0 1 1 1 1 1 0 0 0 1 0 1 1 1 1 0
program/78 0 1 0 1 0 1 1 1 1 1 0 0 0 1 0 1 1 1 1 0
program/79 0 1 0 1 0 1 1 1 1 0 0 0 0 1 0 0 1 1 1 0
program/12 0 1 0 1 1 1 1 1 1 0 1 0 1 1 0 0 1 1 1 0
program/13 0 1 0 1 1 1 1 1 1 0 1 0 1 1 0 0 1 1 1 0
program/10 0 1 0 1 1 1 1 1 1 0 1 0 1 1 0 0 1 1 1 0
program/11 0 1 0 1 1 1 1 1 1 0 1 0 1 1 0 0 1 1 1 0
program/16 0 1 0 1 1 1 1 1 1 0 1 0 1 1 0 0 1 1 1 0
program/17 0 1 0 1 1 1 1 1 1 0 1 0 1 1 0 0 1 1 1 0
program/14 0 1 0 1 1 1 1 1 1 0 1 0 1 1 0 0 1 1 1 0
program/15 0 1 0 1 1 1 1 1 1 0 1 0 1 1 0 0 1 1 1 0
program/18 0 1 0 1 1 1 1 1 1 0 1 0 1 1 0 0 1 1 1 0
program/148 0 0 0 0 0 0 0 0 0 0 0 0 0 0 0 0 1 1 1 0
program/147 0 1 0 1 0 1 1 1 1 0 0 0 0 1 0 0 1 1 1 0
program/98 0 1 0 1 0 1 1 1 1 1 0 0 0 1 0 0 1 1 1 0
program/99 0 1 0 1 0 1 1 1 1 1 0 0 0 1 0 0 1 1 1 0
program/149 0 0 0 0 0 1 0 1 1 0 0 0 0 1 0 0 1 1 1 0
program/146 0 1 0 1 0 1 1 1 1 1 0 0 0 1 0 0 1 1 1 0
program/92 0 1 0 1 0 1 1 1 1 1 0 0 0 1 0 0 1 1 1 0
program/93 0 1 0 1 0 1 1 1 1 1 0 0 0 1 0 0 1 1 1 0
program/90 0 1 0 1 0 1 1 1 1 1 0 0 0 1 0 0 1 1 1 0
program/91 0 1 0 1 0 1 1 1 1 1 0 0 0 1 0 0 1 1 1 0
program/96 0 1 0 1 0 1 1 1 1 1 0 0 0 1 0 0 1 1 1 0
program/97 0 1 0 1 0 1 1 1 1 1 0 0 0 1 0 0 1 1 1 0
program/94 0 1 0 1 0 1 1 1 1 1 0 0 0 1 0 0 1 1 1 0
program/95 0 1 0 1 0 1 1 1 1 1 0 0 0 1 0 0 1 1 1 0
program/227 0 1 0 0 0 1 1 1 1 0 0 0 0 1 0 0 1 1 1 0
program/144 0 1 0 1 0 1 1 1 1 0 0 0 0 1 0 0 1 1 1 0
program/194 0 1 0 1 0 1 1 1 1 0 0 0 0 1 0 0 1 1 1 0
program/143 0 1 0 1 0 1 1 1 1 0 0 0 0 1 0 0 1 1 1 0
program/142 0 1 0 1 0 1 1 1 1 1 0 0 0 1 0 0 1 1 1 0
program/67 1 1 1 1 0 1 1 1 1 0 0 1 0 1 1 0 1 1 1 0
program/66 0 1 0 1 1 1 1 1 1 1 1 0 1 1 0 0 1 1 1 0
program/65 1 1 1 1 0 1 1 1 1 1 0 1 0 0 1 0 1 1 1 0
program/64 0 1 0 1 1 1 1 1 1 1 1 0 1 1 0 0 1 1 1 0
program/63 0 1 0 1 1 1 1 1 1 1 1 0 1 1 0 0 1 1 1 0
program/62 0 1 0 1 1 1 1 1 1 1 1 0 1 1 0 0 1 1 1 0
program/61 0 1 0 1 1 1 1 1 1 0 1 0 1 1 0 0 1 1 1 0
program/60 0 1 0 1 0 1 1 1 1 1 0 0 0 1 0 0 1 1 1 0
program/182 0 0 0 0 0 0 0 0 0 0 0 0 0 0 0 0 1 1 1 0
program/69 0 1 0 1 1 1 1 1 1 0 1 0 1 1 0 0 1 1 1 0
program/68 0 1 0 1 1 1 1 1 1 1 1 0 1 1 0 0 1 1 1 0
program/221 0 1 0 1 0 1 1 1 1 0 0 0 0 1 0 0 1 1 1 0
program/89 0 1 0 1 0 1 1 1 1 1 0 0 0 1 0 0 1 1 1 0
program/88 0 1 0 1 0 1 1 1 1 1 0 0 0 1 0 0 1 1 1 0
program/158 0 0 0 0 0 0 0 0 0 0 0 0 0 0 0 0 1 1 1 0
program/159 0 1 0 1 0 1 1 1 1 0 0 0 0 1 0 0 1 1 1 0
program/191 0 1 0 1 0 1 1 1 1 0 0 0 0 1 0 0 1 1 1 0
program/81 0 1 0 1 0 1 1 1 1 1 0 0 0 1 0 0 1 1 1 0
program/80 0 0 0 1 0 1 1 1 1 0 0 0 0 1 0 0 1 1 1 0
program/83 0 1 0 1 0 1 1 1 1 1 0 0 0 1 0 0 1 1 1 0
program/82 0 1 0 1 0 1 1 1 1 1 0 0 0 1 0 0 1 1 1 0
program/85 0 1 0 1 0 1 1 1 1 1 0 0 0 1 0 0 1 1 1 0
program/84 0 1 0 1 0 1 1 1 1 1 0 0 0 1 0 0 1 1 1 0
program/87 0 1 0 1 0 1 1 1 1 1 0 0 0 1 0 0 1 1 1 0
program/86 0 1 0 1 0 1 1 1 1 1 0 0 0 1 0 0 1 1 1 0
program/2 0 1 0 1 1 1 1 1 1 0 1 0 1 1 0 0 0 0 0 0
program/3 0 1 0 1 1 1 1 1 1 1 1 0 1 1 0 1 1 1 1 0
program/5 1 1 1 1 1 1 1 1 1 1 1 1 1 1 1 1 1 1 1 0
program/6 0 1 0 1 1 1 1 1 1 0 1 0 1 1 0 0 1 1 1 0
program/7 0 1 0 1 1 1 1 1 1 0 1 0 1 1 0 0 1 1 1 0
program/8 0 1 0 1 1 1 1 1 1 0 1 0 1 1 0 0 1 1 1 0
program/9 0 1 0 1 1 1 1 1 1 0 1 0 1 1 0 0 1 1 1 0
program/195 0 1 0 1 0 1 1 1 1 0 0 0 0 1 0 0 1 1 1 0
program/196 0 1 0 1 0 1 1 1 1 0 0 0 0 1 0 0 1 1 1 0
program/197 0 1 0 1 0 1 1 1 1 0 0 0 0 1 0 0 1 1 1 0
program/237 0 1 0 1 0 1 1 1 1 0 0 0 0 1 0 0 1 1 1 0
