ktestSM MFI_KLEE_TOPDIR_TEST_TEMPLATE.sh-out/klee-out-0/test000001.ktest MFI_KLEE_TOPDIR_TEST_TEMPLATE.sh-out/klee-out-0/test000006.ktest MFI_KLEE_TOPDIR_TEST_TEMPLATE.sh-out/klee-out-0/test000002.ktest MFI_KLEE_TOPDIR_TEST_TEMPLATE.sh-out/klee-out-0/test000007.ktest MFI_KLEE_TOPDIR_TEST_TEMPLATE.sh-out/klee-out-0/test000009.ktest MFI_KLEE_TOPDIR_TEST_TEMPLATE.sh-out/klee-out-0/test000011.ktest MFI_KLEE_TOPDIR_TEST_TEMPLATE.sh-out/klee-out-0/test000003.ktest MFI_KLEE_TOPDIR_TEST_TEMPLATE.sh-out/klee-out-0/test000005.ktest MFI_KLEE_TOPDIR_TEST_TEMPLATE.sh-out/klee-out-0/test000004.ktest MFI_KLEE_TOPDIR_TEST_TEMPLATE.sh-out/klee-out-0/test000012.ktest MFI_KLEE_TOPDIR_TEST_TEMPLATE.sh-out/klee-out-0/test000008.ktest MFI_KLEE_TOPDIR_TEST_TEMPLATE.sh-out/klee-out-0/test000010.ktest heldout-input-pos10-out/Dev-out-0/devtest.ktest heldout-input-pos11-out/Dev-out-0/devtest.ktest heldout-input-pos12-out/Dev-out-0/devtest.ktest heldout-input-pos2-out/Dev-out-0/devtest.ktest heldout-input-pos3-out/Dev-out-0/devtest.ktest heldout-input-pos4-out/Dev-out-0/devtest.ktest heldout-input-pos5-out/Dev-out-0/devtest.ktest heldout-input-pos6-out/Dev-out-0/devtest.ktest heldout-input-pos7-out/Dev-out-0/devtest.ktest heldout-input-pos8-out/Dev-out-0/devtest.ktest heldout-input-pos9-out/Dev-out-0/devtest.ktest input-neg1-out/Dev-out-0/devtest.ktest input-pos1-out/Dev-out-0/devtest.ktest input-pos2-out/Dev-out-0/devtest.ktest input-pos3-out/Dev-out-0/devtest.ktest input-pos4-out/Dev-out-0/devtest.ktest input-pos5-out/Dev-out-0/devtest.ktest input-pos6-out/Dev-out-0/devtest.ktest input-pos7-out/Dev-out-0/devtest.ktest
program/756 0 1 0 0 0 1 0 0 0 0 0 0 1 1 1 1 0 1 0 1 1 1 1 1 0 0 0 0 0 0 0
program/757 0 1 0 0 0 1 0 0 0 0 0 0 1 1 1 1 0 1 0 1 1 1 1 1 0 0 0 0 0 0 0
program/754 0 1 0 0 0 1 0 0 0 0 0 0 1 1 1 1 0 1 0 1 1 1 1 1 0 0 0 0 0 0 0
program/755 0 1 0 0 0 1 0 0 0 0 0 0 1 1 1 1 0 1 0 1 1 1 1 1 0 0 0 0 0 0 0
program/752 0 1 0 0 0 1 0 0 0 0 0 0 1 1 1 1 0 1 0 1 1 1 1 1 0 0 0 0 0 0 0
program/753 0 1 0 0 0 1 0 0 0 0 0 0 1 1 1 1 0 1 0 1 1 1 1 1 0 0 0 0 0 0 0
program/619 0 1 0 0 1 1 0 0 1 0 0 0 1 1 1 1 0 1 0 1 1 1 1 1 0 0 0 0 0 0 0
program/618 0 1 0 0 1 1 0 0 1 0 0 0 1 1 1 1 0 1 0 1 1 1 1 1 0 0 0 0 0 0 0
program/617 0 1 0 0 1 1 0 0 1 0 0 0 1 1 1 1 0 1 0 1 1 1 1 1 0 0 0 0 0 0 0
program/616 0 1 0 0 1 1 0 0 1 0 0 0 1 1 1 1 0 1 0 1 1 1 1 1 0 0 0 0 0 0 0
program/615 0 1 0 0 1 1 0 0 1 0 0 0 1 1 1 1 0 1 0 1 1 1 1 1 0 0 0 0 0 0 0
program/614 0 1 0 0 1 1 0 0 1 0 0 0 1 1 1 1 0 1 0 1 1 1 1 1 0 0 0 0 0 0 0
program/613 0 1 0 0 1 1 0 0 1 0 0 0 1 1 1 1 0 1 0 1 1 1 1 1 0 0 0 0 0 0 0
program/612 0 1 0 0 1 1 0 0 1 0 0 0 1 1 1 1 0 1 0 1 1 1 1 1 0 0 0 0 0 0 0
program/611 0 1 0 0 1 1 0 0 1 0 0 0 1 1 1 1 0 1 0 1 1 1 1 1 0 0 0 0 0 0 0
program/610 0 1 0 0 1 1 0 0 1 0 0 0 1 1 1 1 0 1 0 1 1 1 1 1 0 0 0 0 0 0 0
program/161 0 0 0 0 0 1 1 0 1 1 0 0 1 1 1 1 0 1 0 1 1 1 1 1 0 0 0 0 0 0 0
program/160 0 1 0 0 1 1 1 0 1 1 0 0 1 1 1 1 0 1 0 1 1 1 1 1 0 0 0 0 0 0 0
program/163 0 1 0 0 1 1 1 0 1 1 0 0 1 1 1 0 0 1 0 0 0 1 1 1 0 0 0 0 0 0 0
program/162 0 1 0 0 1 1 1 0 1 1 0 0 1 1 1 1 0 1 0 1 1 1 1 1 0 0 0 0 0 0 0
program/165 0 1 0 0 1 1 1 0 1 1 0 1 1 1 1 1 1 1 1 1 1 1 1 1 1 0 0 0 0 0 0
program/164 0 1 0 0 1 1 1 0 1 1 0 0 0 0 0 0 0 0 0 0 0 0 0 0 0 0 0 0 0 0 0
program/167 0 1 0 0 1 1 1 0 1 1 0 1 1 1 1 1 1 1 1 1 1 1 1 1 1 0 0 0 0 0 0
program/166 0 1 0 0 1 1 1 0 1 1 0 1 1 1 1 1 1 1 1 1 1 1 1 1 1 0 0 0 0 0 0
program/169 0 1 0 0 1 1 1 0 1 1 0 1 1 1 1 1 1 1 1 1 1 1 1 1 1 0 0 0 0 0 0
program/168 0 1 0 0 1 1 1 0 1 1 0 1 1 1 1 1 1 1 1 1 1 1 1 1 1 0 0 0 0 0 0
program/363 0 1 0 0 1 1 0 0 1 0 0 1 1 1 1 1 1 1 1 1 1 1 1 1 1 0 0 0 0 0 0
program/362 0 1 0 0 1 1 0 0 1 0 0 1 1 1 1 1 1 1 1 1 1 1 1 1 1 0 0 0 0 0 0
program/361 0 1 0 0 1 1 0 0 1 0 0 1 1 1 1 1 1 1 1 1 1 1 1 1 1 0 0 0 0 0 0
program/360 0 1 0 0 1 1 0 0 1 0 0 1 1 1 1 1 1 1 1 1 1 1 1 1 1 0 0 0 0 0 0
program/367 0 1 0 0 1 1 0 0 1 0 0 1 1 1 1 1 1 1 1 1 1 1 1 1 1 0 0 0 0 0 0
program/366 0 1 0 0 1 1 0 0 1 0 0 1 1 1 1 1 1 1 1 1 1 1 1 1 1 0 0 0 0 0 0
program/365 0 1 0 0 1 1 0 0 1 0 0 1 1 1 1 1 1 1 1 1 1 1 1 1 1 0 0 0 0 0 0
program/364 0 1 0 0 1 1 0 0 1 0 0 1 1 1 1 1 1 1 1 1 1 1 1 1 1 0 0 0 0 0 0
program/369 0 1 0 0 1 1 0 0 1 0 0 1 1 1 1 1 1 1 1 1 1 1 1 1 1 0 0 0 0 0 0
program/368 0 1 0 0 1 1 0 0 1 0 0 1 1 1 1 1 1 1 1 1 1 1 1 1 1 0 0 0 0 0 0
program/723 1 1 1 1 1 1 0 1 1 0 1 1 1 1 1 1 1 1 0 1 1 1 1 1 0 0 0 0 0 0 0
program/722 1 1 1 1 1 1 0 1 1 0 1 1 1 1 1 1 1 1 0 1 1 1 1 1 0 0 0 0 0 0 0
program/721 1 1 1 1 1 1 0 1 1 0 1 1 1 1 1 1 1 1 0 1 1 1 1 1 0 0 0 0 0 0 0
program/720 1 1 1 1 1 1 0 1 1 0 1 1 1 1 1 1 1 1 0 1 1 1 1 1 0 0 0 0 0 0 0
program/726 1 1 1 1 1 1 0 1 1 0 1 1 1 1 1 1 1 1 0 1 1 1 1 1 0 0 0 0 0 0 0
program/725 1 1 1 1 1 1 0 1 1 0 1 1 1 1 1 1 1 1 0 1 1 1 1 1 0 0 0 0 0 0 0
program/540 1 0 1 1 0 0 0 1 0 0 1 0 1 1 1 0 0 0 0 0 1 1 1 1 0 0 0 0 0 0 0
program/569 0 1 0 0 1 1 0 0 1 0 0 0 1 1 1 1 0 1 0 1 1 1 1 1 0 0 0 0 0 0 0
program/759 0 1 0 0 0 1 0 0 0 0 0 0 1 1 1 1 0 1 0 1 1 1 1 1 0 0 0 0 0 0 0
program/568 0 1 0 0 1 1 0 0 1 0 0 1 1 1 1 1 1 1 1 1 1 1 1 1 1 0 0 0 0 0 0
program/684 1 1 1 1 1 1 0 1 1 0 1 0 1 1 1 1 0 1 1 1 1 1 1 1 1 0 0 0 0 0 0
program/685 1 0 1 1 0 0 0 1 0 0 1 0 1 1 1 0 0 1 0 0 0 1 1 1 0 0 0 0 0 0 0
program/686 1 1 1 1 1 1 0 1 1 0 1 0 1 1 1 1 0 1 1 1 1 1 1 1 1 0 0 0 0 0 0
program/687 0 1 0 0 1 1 0 0 1 0 0 1 1 1 1 1 1 1 1 1 1 1 1 1 1 0 0 0 0 0 0
program/680 0 1 0 0 1 1 0 0 1 0 0 1 1 1 1 1 1 1 1 1 1 1 1 1 1 0 0 0 0 0 0
program/681 1 1 1 1 1 1 0 1 1 0 1 1 1 1 1 1 1 1 1 1 1 1 1 1 1 0 0 0 0 0 0
program/682 1 1 1 1 0 1 0 1 0 0 1 1 1 1 1 1 1 1 0 1 1 1 1 1 0 0 0 0 0 0 0
program/683 0 1 0 0 1 1 0 0 1 0 0 1 1 1 1 1 1 1 1 1 1 1 1 1 1 0 0 0 0 0 0
program/688 1 1 1 1 0 1 0 1 0 0 1 0 1 1 1 1 0 1 0 1 1 1 1 1 0 0 0 0 0 0 0
program/689 0 0 0 0 0 0 0 0 0 0 0 0 1 1 1 0 0 1 0 0 0 1 1 1 0 0 0 0 0 0 0
program/561 0 1 0 0 1 1 0 0 1 0 0 1 1 1 1 1 0 1 1 1 1 1 1 1 1 0 0 0 0 0 0
program/560 0 1 0 0 1 1 0 0 1 0 0 1 1 1 1 1 1 1 1 1 1 1 1 1 1 0 0 0 0 0 0
program/538 1 1 1 1 1 1 0 1 1 0 1 0 1 1 1 1 0 1 0 1 1 1 1 1 0 0 0 0 0 0 0
program/539 1 1 1 1 1 1 0 1 1 0 1 0 1 1 1 0 0 0 0 0 1 1 1 1 0 0 0 0 0 0 0
program/536 0 1 0 0 1 1 0 0 1 0 0 0 1 1 1 1 0 1 0 1 1 1 1 1 0 0 0 0 0 0 0
program/537 1 1 1 1 1 1 0 1 1 0 1 0 1 1 1 1 0 1 0 1 1 1 1 1 0 0 0 0 0 0 0
program/534 1 0 1 1 0 0 0 1 0 0 1 0 1 1 1 0 0 0 0 0 1 1 1 1 0 0 0 0 0 0 0
program/535 1 1 1 1 0 1 0 1 0 0 1 0 1 1 1 1 0 1 0 1 0 1 0 1 0 0 0 0 0 0 0
program/532 1 1 1 1 0 1 0 1 0 0 1 0 1 1 1 1 0 1 0 1 0 1 0 1 0 0 0 0 0 0 0
program/533 0 1 0 0 0 1 0 0 0 0 0 0 1 1 1 1 0 1 0 1 0 1 0 1 0 0 0 0 0 0 0
program/530 0 0 0 0 0 0 0 0 0 0 0 0 1 1 1 0 0 0 0 0 1 1 1 1 0 0 0 0 0 0 0
program/531 0 1 0 0 0 1 0 0 0 0 0 0 1 1 1 1 0 1 0 1 0 1 0 1 0 0 0 0 0 0 0
program/437 1 1 1 1 1 1 0 1 1 0 1 1 1 1 1 1 1 1 1 1 1 1 1 1 1 0 0 0 0 0 0
program/436 1 1 1 1 1 1 0 1 1 0 1 1 1 1 1 1 1 1 1 1 1 1 1 1 1 0 0 0 0 0 0
program/435 1 1 1 1 1 1 0 1 1 0 1 1 1 1 1 1 1 1 1 1 1 1 1 1 1 0 0 0 0 0 0
program/434 1 1 1 1 1 1 0 1 1 0 1 1 1 1 1 1 1 1 1 1 1 1 1 1 1 0 0 0 0 0 0
program/433 1 1 1 1 1 1 0 1 1 0 1 1 1 1 1 1 1 1 1 1 1 1 1 1 1 0 0 0 0 0 0
program/432 1 1 1 1 1 1 0 1 1 0 1 1 1 1 1 1 1 1 1 1 1 1 1 1 1 0 0 0 0 0 0
program/431 1 1 1 1 1 1 0 1 1 0 1 1 1 1 1 1 1 1 1 1 1 1 1 1 1 0 0 0 0 0 0
program/430 1 1 1 1 1 1 0 1 1 0 1 1 1 1 1 1 1 1 1 1 1 1 1 1 1 0 0 0 0 0 0
program/439 1 1 1 1 1 1 0 1 1 0 1 1 1 1 1 1 1 1 1 1 1 1 1 1 1 0 0 0 0 0 0
program/438 1 1 1 1 1 1 0 1 1 0 1 1 1 1 1 1 1 1 1 1 1 1 1 1 1 0 0 0 0 0 0
program/188 0 1 0 0 1 1 1 0 1 1 0 1 1 1 1 1 1 1 1 1 1 1 1 1 1 0 0 0 0 0 0
program/183 0 1 0 0 1 1 1 0 1 1 0 1 1 1 1 1 1 1 1 1 1 1 1 1 1 0 0 0 0 0 0
program/182 0 1 0 0 1 1 1 0 1 1 0 1 1 1 1 1 1 1 1 1 1 1 1 1 1 0 0 0 0 0 0
program/181 0 1 0 0 1 1 1 0 1 1 0 1 1 1 1 1 1 1 1 1 1 1 1 1 1 0 0 0 0 0 0
program/180 0 1 0 0 1 1 1 0 1 1 0 1 1 1 1 1 1 1 1 1 1 1 1 1 1 0 0 0 0 0 0
program/187 0 1 0 0 1 1 1 0 1 1 0 1 1 1 1 1 1 1 1 1 1 1 1 1 1 0 0 0 0 0 0
program/186 0 1 0 0 1 1 1 0 1 1 0 1 1 1 1 1 1 1 1 1 1 1 1 1 1 0 0 0 0 0 0
program/185 0 1 0 0 1 1 1 0 1 1 0 1 1 1 1 1 1 1 1 1 1 1 1 1 1 0 0 0 0 0 0
program/184 0 1 0 0 1 1 1 0 1 1 0 1 1 1 1 1 1 1 1 1 1 1 1 1 1 0 0 0 0 0 0
program/82 0 1 0 0 1 1 1 0 1 1 0 1 1 1 1 1 1 1 1 1 1 1 1 1 1 0 0 0 0 0 0
program/222 1 1 1 1 1 1 0 1 1 0 1 0 1 1 1 0 1 1 1 0 0 1 1 1 0 0 0 0 0 0 0
program/223 1 1 1 1 1 1 0 1 1 0 1 1 1 1 1 1 1 1 1 1 1 1 1 1 1 0 0 0 0 0 0
program/549 1 1 1 1 1 1 0 1 1 0 1 0 1 1 1 1 0 1 0 1 1 1 1 1 0 0 0 0 0 0 0
program/548 0 1 0 0 1 1 0 0 1 0 0 0 1 1 1 1 0 1 0 1 1 1 1 1 0 0 0 0 0 0 0
program/226 1 1 1 1 1 1 0 1 1 0 1 1 1 1 1 1 1 1 1 1 1 1 1 1 1 0 0 0 0 0 0
program/227 1 1 1 1 1 1 0 1 1 0 1 1 1 1 1 1 1 1 1 1 1 1 1 1 1 0 0 0 0 0 0
program/224 1 1 1 1 1 1 0 1 1 0 1 0 0 0 0 0 0 0 0 0 0 0 0 0 0 0 0 0 0 0 0
program/225 1 1 1 1 1 1 0 1 1 0 1 0 0 0 0 0 0 0 0 0 0 0 0 0 0 0 0 0 0 0 0
program/543 0 1 0 0 1 1 0 0 1 0 0 0 1 1 1 1 0 1 0 1 1 1 1 1 0 0 0 0 0 0 0
program/542 1 1 1 1 1 1 0 1 1 0 1 0 1 1 1 1 0 1 0 1 1 1 1 1 0 0 0 0 0 0 0
program/228 1 1 1 1 1 1 0 1 1 0 1 1 1 1 1 1 1 1 1 1 1 1 1 1 1 0 0 0 0 0 0
program/229 1 1 1 1 1 1 0 1 1 0 1 0 1 1 1 1 0 1 0 1 1 1 1 1 0 0 0 0 0 0 0
program/547 1 0 1 1 0 0 0 1 0 0 1 0 1 1 1 0 0 0 0 0 1 1 1 1 0 0 0 0 0 0 0
program/546 0 1 0 0 0 1 0 0 0 0 0 0 1 1 1 1 0 1 0 1 0 1 0 1 0 0 0 0 0 0 0
program/545 1 1 1 1 1 1 0 1 1 0 1 0 1 1 1 1 0 1 0 1 1 1 1 1 0 0 0 0 0 0 0
program/544 0 1 0 0 1 1 0 0 1 0 0 0 1 1 1 1 0 1 0 1 1 1 1 1 0 0 0 0 0 0 0
program/519 1 1 1 1 1 1 0 1 1 0 1 0 1 1 1 0 0 0 0 0 1 1 1 1 0 0 0 0 0 0 0
program/329 1 1 1 1 1 1 0 1 1 0 1 1 1 1 1 1 1 1 1 1 1 1 1 1 1 0 0 0 0 0 0
program/328 0 1 0 0 1 1 0 0 1 0 0 1 1 1 1 1 1 1 1 1 1 1 1 1 1 0 0 0 0 0 0
program/326 1 1 1 1 1 1 0 1 1 0 1 0 1 1 1 1 0 1 0 1 1 1 1 1 0 0 0 0 0 0 0
program/325 1 1 1 1 1 1 0 1 1 0 1 0 1 1 1 1 0 1 0 1 1 1 1 1 0 0 0 0 0 0 0
program/324 1 1 1 1 1 1 0 1 1 0 1 0 1 1 1 1 0 1 0 1 1 1 1 1 0 0 0 0 0 0 0
program/323 1 1 1 1 1 1 0 1 1 0 1 0 1 1 1 1 0 1 0 1 1 1 1 1 0 0 0 0 0 0 0
program/322 0 1 0 0 1 1 0 0 1 0 0 1 1 1 1 1 1 1 1 1 1 1 1 1 1 0 0 0 0 0 0
program/321 0 0 0 0 0 1 0 0 0 0 0 0 1 1 1 1 0 1 0 1 1 1 1 1 0 0 0 0 0 0 0
program/320 1 1 1 1 1 1 0 1 1 0 1 0 1 1 1 1 0 1 0 1 1 1 1 1 0 0 0 0 0 0 0
program/49 1 1 1 1 1 1 1 1 1 1 1 1 1 1 1 1 1 1 1 1 1 1 1 1 1 0 0 0 0 0 0
program/48 0 1 0 0 0 1 0 0 0 1 0 1 1 1 1 1 1 1 0 1 1 1 1 1 0 0 0 0 0 0 0
program/673 1 1 1 1 1 1 0 1 1 0 1 1 1 1 1 1 1 1 1 1 1 1 1 1 1 0 0 0 0 0 0
program/45 1 1 1 1 1 1 1 1 1 1 1 1 1 1 1 1 1 1 1 1 1 1 1 1 1 0 0 0 0 0 0
program/44 0 1 0 0 0 1 0 0 0 1 0 1 1 1 1 1 1 1 0 1 1 1 1 1 0 0 0 0 0 0 0
program/47 1 1 1 1 1 1 1 1 1 1 1 1 1 1 1 1 1 1 1 1 1 1 1 1 1 0 0 0 0 0 0
program/46 0 1 0 0 0 1 0 0 0 1 0 1 1 1 1 1 1 1 0 1 1 1 1 1 0 0 0 0 0 0 0
program/41 0 1 0 0 0 1 0 0 0 1 0 1 1 1 1 1 1 1 0 1 1 1 1 1 0 0 0 0 0 0 0
program/40 1 1 1 1 1 1 1 1 1 1 1 1 1 1 1 1 1 1 1 1 1 1 1 1 1 0 0 0 0 0 0
program/43 1 1 1 1 1 1 1 1 1 1 1 1 1 1 1 1 1 1 1 1 1 1 1 1 1 0 0 0 0 0 0
program/42 1 1 1 1 1 1 1 1 1 1 1 1 1 1 1 1 1 1 1 1 1 1 1 1 1 0 0 0 0 0 0
program/486 1 0 1 1 0 1 0 1 1 0 1 0 1 1 1 1 0 1 0 1 1 1 1 1 0 0 0 0 0 0 0
program/487 1 1 1 1 1 1 0 1 1 0 1 1 1 1 1 1 1 1 1 1 1 1 1 1 1 0 0 0 0 0 0
program/484 1 0 1 1 0 1 0 1 1 0 1 0 1 1 1 1 0 1 0 1 1 1 1 1 0 0 0 0 0 0 0
program/485 1 1 1 1 1 1 0 1 1 0 1 1 1 1 1 1 1 1 1 1 1 1 1 1 1 0 0 0 0 0 0
program/482 1 1 1 1 1 1 0 1 1 0 1 1 1 1 1 1 1 1 1 1 1 1 1 1 1 0 0 0 0 0 0
program/483 1 1 1 1 1 1 0 1 1 0 1 1 1 1 1 1 1 1 1 1 1 1 1 1 1 0 0 0 0 0 0
program/480 1 1 1 1 1 1 0 1 1 0 1 1 1 1 1 1 1 1 1 1 1 1 1 1 1 0 0 0 0 0 0
program/481 1 0 1 1 0 1 0 1 1 0 1 0 1 1 1 1 0 1 0 1 1 1 1 1 0 0 0 0 0 0 0
program/764 0 1 0 0 0 1 0 0 0 0 0 0 1 1 1 1 0 1 0 1 1 1 1 1 0 0 0 0 0 0 0
program/763 0 1 0 0 0 1 0 0 0 0 0 0 1 1 1 1 0 1 0 1 1 1 1 1 0 0 0 0 0 0 0
program/762 0 1 0 0 0 1 0 0 0 0 0 0 1 1 1 1 0 1 0 1 1 1 1 1 0 0 0 0 0 0 0
program/488 1 0 1 1 0 1 0 1 1 0 1 0 1 1 1 1 0 1 0 1 1 1 1 1 0 0 0 0 0 0 0
program/489 1 1 1 1 1 1 0 1 1 0 1 1 1 1 1 1 1 1 1 1 1 1 1 1 1 0 0 0 0 0 0
program/640 0 1 0 0 1 1 0 0 1 0 0 1 1 1 1 1 1 1 1 1 1 1 1 1 1 0 0 0 0 0 0
program/641 0 1 0 0 1 1 0 0 1 0 0 1 1 1 1 1 1 1 1 1 1 1 1 1 1 0 0 0 0 0 0
program/138 0 1 0 0 1 1 1 0 1 1 0 1 1 1 1 1 1 1 1 1 1 1 1 1 1 0 0 0 0 0 0
program/139 0 0 0 0 0 1 1 0 1 1 0 0 1 1 1 1 0 1 0 1 1 1 1 1 0 0 0 0 0 0 0
program/644 0 1 0 0 1 1 0 0 1 0 0 0 1 1 1 1 0 1 0 1 1 1 1 1 0 0 0 0 0 0 0
program/645 0 1 0 0 1 1 0 0 1 0 0 1 1 1 1 1 1 1 1 1 1 1 1 1 1 0 0 0 0 0 0
program/646 0 1 0 0 1 1 0 0 1 0 0 0 1 1 1 1 0 1 0 1 1 1 1 1 0 0 0 0 0 0 0
program/647 0 1 0 0 1 1 0 0 1 0 0 1 1 1 1 1 1 1 1 1 1 1 1 1 1 0 0 0 0 0 0
program/132 0 1 0 0 1 1 1 0 1 1 0 0 1 1 1 1 0 1 0 1 1 1 1 1 0 0 0 0 0 0 0
program/133 0 0 0 0 0 1 1 0 1 1 0 0 1 1 1 1 0 1 0 1 1 1 1 1 0 0 0 0 0 0 0
program/130 0 1 0 0 1 1 1 0 1 1 0 0 1 1 1 1 0 1 0 1 1 1 1 1 0 0 0 0 0 0 0
program/131 0 0 0 0 0 1 1 0 1 1 0 0 1 1 1 1 0 1 0 1 1 1 1 1 0 0 0 0 0 0 0
program/136 0 1 0 0 1 1 1 0 1 1 0 1 1 1 1 1 1 1 1 1 1 1 1 1 1 0 0 0 0 0 0
program/137 0 1 0 0 1 1 1 0 1 1 0 1 1 1 1 1 1 1 1 1 1 1 1 1 1 0 0 0 0 0 0
program/134 0 1 0 0 1 1 1 0 1 1 0 0 1 1 1 1 0 1 0 1 1 1 1 1 0 0 0 0 0 0 0
program/135 0 0 0 0 0 1 1 0 1 1 0 0 1 1 1 1 0 1 0 1 1 1 1 1 0 0 0 0 0 0 0
program/787 0 1 0 0 0 1 0 0 0 0 0 1 1 1 1 1 1 1 0 1 1 1 1 1 0 0 0 0 0 0 0
program/781 0 1 0 0 0 1 0 0 0 0 0 0 1 1 1 1 0 1 0 1 1 1 1 1 0 0 0 0 0 0 0
program/780 0 1 0 0 0 1 0 0 0 0 0 1 1 1 1 1 1 1 0 1 1 1 1 1 0 0 0 0 0 0 0
program/269 1 1 1 1 1 1 0 1 1 0 1 1 1 1 1 1 1 1 1 1 1 1 1 1 1 0 0 0 0 0 0
program/266 1 1 1 1 1 1 0 1 1 0 1 1 1 1 1 1 1 1 1 1 1 1 1 1 1 0 0 0 0 0 0
program/267 1 1 1 1 1 1 0 1 1 0 1 1 1 1 1 1 1 1 1 1 1 1 1 1 1 0 0 0 0 0 0
program/262 1 1 1 1 1 1 0 1 1 0 1 1 1 1 1 1 1 1 1 1 1 1 1 1 1 0 0 0 0 0 0
program/263 1 1 1 1 1 1 0 1 1 0 1 1 1 1 1 1 1 1 1 1 1 1 1 1 1 0 0 0 0 0 0
program/260 1 1 1 1 1 1 0 1 1 0 1 1 1 1 1 1 1 1 1 1 1 1 1 1 1 0 0 0 0 0 0
program/261 1 1 1 1 1 1 0 1 1 0 1 1 1 1 1 1 1 1 1 1 1 1 1 1 1 0 0 0 0 0 0
program/468 1 1 1 1 1 1 0 1 1 0 1 1 1 1 1 1 1 1 1 1 1 1 1 1 1 0 0 0 0 0 0
program/469 1 1 1 1 1 1 0 1 1 0 1 1 1 1 1 1 1 1 1 1 1 1 1 1 1 0 0 0 0 0 0
program/505 1 1 1 1 1 1 0 1 1 0 1 0 1 1 1 1 0 1 0 1 1 1 1 1 0 0 0 0 0 0 0
program/501 1 1 1 1 1 1 0 1 1 0 1 0 1 1 1 1 0 1 0 1 1 1 1 1 0 0 0 0 0 0 0
program/500 1 1 1 1 0 1 0 1 0 0 1 0 1 1 1 1 0 1 0 1 0 1 0 1 0 0 0 0 0 0 0
program/460 1 0 1 1 0 1 0 1 1 0 1 0 1 1 1 1 0 1 0 1 1 1 1 1 0 0 0 0 0 0 0
program/461 1 1 1 1 1 1 0 1 1 0 1 1 1 1 1 1 1 1 1 1 1 1 1 1 1 0 0 0 0 0 0
program/462 1 0 1 1 0 1 0 1 1 0 1 0 1 1 1 1 0 1 0 1 1 1 1 1 0 0 0 0 0 0 0
program/463 1 1 1 1 1 1 0 1 1 0 1 1 1 1 1 1 1 1 1 1 1 1 1 1 1 0 0 0 0 0 0
program/464 1 0 1 1 0 1 0 1 1 0 1 0 1 1 1 1 0 1 0 1 1 1 1 1 0 0 0 0 0 0 0
program/465 1 1 1 1 1 1 0 1 1 0 1 1 1 1 1 1 1 1 1 1 1 1 1 1 1 0 0 0 0 0 0
program/466 1 0 1 1 0 1 0 1 1 0 1 0 1 1 1 1 0 1 0 1 1 1 1 1 0 0 0 0 0 0 0
program/467 1 1 1 1 1 1 0 1 1 0 1 1 1 1 1 1 1 1 1 1 1 1 1 1 1 0 0 0 0 0 0
program/750 0 1 0 0 0 1 0 0 0 0 0 0 1 1 1 1 0 1 0 1 1 1 1 1 0 0 0 0 0 0 0
program/34 1 1 1 1 1 1 1 1 1 1 1 1 1 1 1 1 1 1 1 1 1 1 1 1 1 0 0 0 0 0 0
program/35 1 1 1 1 1 1 1 1 1 1 1 1 1 1 1 1 1 1 1 1 1 1 1 1 1 0 0 0 0 0 0
program/36 0 1 0 0 0 1 0 0 0 1 0 1 1 1 1 1 1 1 0 1 1 1 1 1 0 0 0 0 0 0 0
program/37 1 1 1 1 1 1 1 1 1 1 1 1 1 1 1 1 1 1 1 1 1 1 1 1 1 0 0 0 0 0 0
program/30 1 1 1 1 1 1 1 1 1 1 1 1 1 1 1 1 1 1 1 1 1 1 1 1 1 0 0 0 0 0 0
program/31 1 1 1 1 1 1 1 1 1 1 1 1 1 1 1 1 1 1 1 1 1 1 1 1 1 0 0 0 0 0 0
program/32 0 1 0 0 1 1 1 0 1 1 0 1 1 1 1 1 1 1 1 1 1 1 1 1 1 0 0 0 0 0 0
program/33 0 1 0 0 1 1 1 0 1 1 0 0 1 1 1 1 0 1 0 1 1 1 1 1 0 0 0 0 0 0 0
program/678 1 0 1 1 0 0 0 1 0 0 1 0 1 1 1 0 0 1 0 0 1 1 1 1 0 0 0 0 0 0 0
program/724 1 1 1 1 1 1 0 1 1 0 1 1 1 1 1 1 1 1 0 1 1 1 1 1 0 0 0 0 0 0 0
program/38 1 1 1 1 1 1 1 1 1 1 1 1 1 1 1 1 1 1 1 1 1 1 1 1 1 0 0 0 0 0 0
program/39 0 1 0 0 0 1 0 0 0 1 0 1 1 1 1 1 1 1 0 1 1 1 1 1 0 0 0 0 0 0 0
program/719 1 1 1 1 1 1 0 1 1 0 1 1 1 1 1 1 1 1 0 1 1 1 1 1 0 0 0 0 0 0 0
program/751 0 1 0 0 0 1 0 0 0 0 0 0 1 1 1 1 0 1 0 1 1 1 1 1 0 0 0 0 0 0 0
program/219 1 1 1 1 1 1 0 1 1 0 1 1 1 0 1 1 0 1 0 1 1 1 1 1 0 0 0 0 0 0 0
program/218 1 1 1 1 1 1 0 1 1 0 1 1 1 1 1 1 1 1 1 1 1 1 1 1 1 0 0 0 0 0 0
program/213 1 1 1 1 1 1 0 1 1 0 1 1 1 1 1 1 0 1 0 1 1 1 1 1 0 0 0 0 0 0 0
program/212 1 1 1 1 1 1 0 1 1 0 1 1 1 1 1 1 0 1 0 1 1 1 1 1 0 0 0 0 0 0 0
program/211 1 1 1 1 1 1 0 1 1 0 1 1 1 1 1 1 0 1 0 1 1 1 1 1 0 0 0 0 0 0 0
program/210 1 1 1 1 1 1 0 1 1 0 1 1 1 1 1 1 0 1 0 1 1 1 1 1 0 0 0 0 0 0 0
program/217 1 1 1 1 1 1 0 1 1 0 1 1 1 1 1 1 0 1 0 1 1 1 1 1 0 0 0 0 0 0 0
program/216 1 1 1 1 1 1 0 1 1 0 1 1 1 1 1 1 0 1 0 1 1 1 1 1 0 0 0 0 0 0 0
program/215 1 1 1 1 1 1 0 1 1 0 1 1 1 1 1 1 0 1 0 1 1 1 1 1 0 0 0 0 0 0 0
program/214 1 1 1 1 1 1 0 1 1 0 1 1 1 1 1 1 0 1 0 1 1 1 1 1 0 0 0 0 0 0 0
program/712 1 1 1 1 1 1 0 1 1 0 1 1 1 1 1 1 1 1 0 1 1 1 1 1 0 0 0 0 0 0 0
program/761 0 1 0 0 0 1 0 0 0 0 0 0 1 1 1 1 0 1 0 1 1 1 1 1 0 0 0 0 0 0 0
program/713 1 1 1 1 1 1 0 1 1 0 1 1 1 1 1 1 1 1 0 1 1 1 1 1 0 0 0 0 0 0 0
program/62 1 1 1 1 1 1 1 1 1 1 1 1 1 1 1 1 1 1 1 1 1 1 1 1 1 0 0 0 0 0 0
program/608 0 1 0 0 1 1 0 0 1 0 0 0 1 1 1 1 0 1 0 1 1 1 1 1 0 0 0 0 0 0 0
program/609 0 1 0 0 1 1 0 0 1 0 0 0 1 1 1 1 0 1 0 1 1 1 1 1 0 0 0 0 0 0 0
program/604 0 1 0 0 1 1 0 0 1 0 0 0 1 1 1 1 0 1 0 1 1 1 1 1 0 0 0 0 0 0 0
program/605 0 1 0 0 1 1 0 0 1 0 0 0 1 1 1 1 0 1 0 1 1 1 1 1 0 0 0 0 0 0 0
program/606 0 1 0 0 1 1 0 0 1 0 0 0 1 1 1 1 0 1 0 1 1 1 1 1 0 0 0 0 0 0 0
program/607 0 1 0 0 1 1 0 0 1 0 0 0 1 1 1 1 0 1 0 1 1 1 1 1 0 0 0 0 0 0 0
program/600 0 1 0 0 1 1 0 0 1 0 0 1 1 1 1 1 0 1 1 1 1 1 1 1 1 0 0 0 0 0 0
program/601 0 1 0 0 1 1 0 0 1 0 0 1 1 1 1 1 1 1 1 1 1 1 1 1 1 0 0 0 0 0 0
program/602 0 1 0 0 1 1 0 0 1 0 0 1 1 1 1 1 1 1 1 1 1 1 1 1 1 0 0 0 0 0 0
program/603 0 1 0 0 1 1 0 0 1 0 0 0 1 1 1 1 0 1 0 1 1 1 1 1 0 0 0 0 0 0 0
program/176 0 1 0 0 1 1 1 0 1 1 0 1 1 1 1 1 1 1 1 1 1 1 1 1 1 0 0 0 0 0 0
program/177 0 1 0 0 1 1 1 0 1 1 0 1 1 1 1 1 1 1 1 1 1 1 1 1 1 0 0 0 0 0 0
program/174 0 1 0 0 1 1 1 0 1 1 0 1 1 1 1 1 1 1 1 1 1 1 1 1 1 0 0 0 0 0 0
program/175 0 1 0 0 1 1 1 0 1 1 0 1 1 1 1 1 1 1 1 1 1 1 1 1 1 0 0 0 0 0 0
program/172 0 1 0 0 1 1 1 0 1 1 0 1 1 1 1 1 1 1 1 1 1 1 1 1 1 0 0 0 0 0 0
program/173 0 1 0 0 1 1 1 0 1 1 0 1 1 1 1 1 1 1 1 1 1 1 1 1 1 0 0 0 0 0 0
program/170 0 1 0 0 1 1 1 0 1 1 0 1 1 1 1 1 1 1 1 1 1 1 1 1 1 0 0 0 0 0 0
program/171 0 1 0 0 1 1 1 0 1 1 0 1 1 1 1 1 1 1 1 1 1 1 1 1 1 0 0 0 0 0 0
program/178 0 1 0 0 1 1 1 0 1 1 0 1 1 1 1 1 1 1 1 1 1 1 1 1 1 0 0 0 0 0 0
program/179 0 1 0 0 1 1 1 0 1 1 0 1 1 1 1 1 1 1 1 1 1 1 1 1 1 0 0 0 0 0 0
program/370 0 1 0 0 1 1 0 0 1 0 0 1 1 1 1 1 1 1 1 1 1 1 1 1 1 0 0 0 0 0 0
program/371 0 1 0 0 1 1 0 0 1 0 0 1 1 1 1 1 1 1 1 1 1 1 1 1 1 0 0 0 0 0 0
program/372 1 1 1 1 1 1 0 1 1 0 1 1 1 1 1 1 1 1 1 1 1 1 1 1 1 0 0 0 0 0 0
program/373 1 1 1 1 1 1 0 1 1 0 1 1 1 1 1 1 1 1 1 1 1 1 1 1 1 0 0 0 0 0 0
program/379 1 1 1 1 1 1 0 1 1 0 1 1 1 1 1 1 1 1 1 1 1 1 1 1 1 0 0 0 0 0 0
program/654 0 1 0 0 1 1 0 0 1 0 0 0 1 1 1 0 0 0 0 0 0 0 1 0 0 0 0 0 0 0 0
program/743 0 1 0 0 0 1 0 0 0 0 0 0 1 1 1 1 0 1 0 1 1 1 1 1 0 0 0 0 0 0 0
program/730 0 1 0 0 0 1 0 0 0 0 0 0 1 1 1 1 0 1 0 1 1 1 1 1 0 0 0 0 0 0 0
program/731 1 1 1 1 1 1 0 1 1 0 1 0 1 1 1 1 0 1 1 1 1 1 1 1 1 0 0 0 0 0 0
program/732 1 1 1 1 1 1 0 1 1 0 1 1 1 1 1 1 1 1 1 1 1 1 1 1 1 0 0 0 0 0 0
program/733 1 1 1 1 1 1 0 1 1 0 1 1 1 1 1 1 1 1 1 1 1 1 1 1 1 0 0 0 0 0 0
program/734 0 1 0 0 0 1 0 0 0 0 0 1 1 1 1 1 1 1 0 1 1 1 1 1 0 0 0 0 0 0 0
program/735 0 1 0 0 0 1 0 0 0 0 0 0 1 1 1 1 0 1 0 1 1 1 1 1 0 0 0 0 0 0 0
program/736 0 1 0 0 0 1 0 0 0 0 0 1 1 1 1 1 1 1 0 1 1 1 1 1 0 0 0 0 0 0 0
program/737 0 1 0 0 0 1 0 0 0 0 0 1 1 1 1 1 1 1 0 1 1 1 1 1 0 0 0 0 0 0 0
program/738 0 1 0 0 0 1 0 0 0 0 0 0 1 1 1 1 0 1 0 1 1 1 1 1 0 0 0 0 0 0 0
program/739 0 1 0 0 0 0 0 0 0 0 0 1 1 1 1 0 1 1 0 0 1 1 1 1 0 0 0 0 0 0 0
program/103 0 1 0 0 1 1 1 0 1 1 0 1 1 1 1 1 1 1 1 1 1 1 1 1 1 0 0 0 0 0 0
program/102 0 1 0 0 1 1 0 0 0 1 0 1 1 0 1 1 0 1 0 1 1 1 1 1 0 0 0 0 0 0 0
program/101 0 0 0 0 0 1 1 0 1 1 0 0 1 1 1 1 1 1 1 1 1 1 1 1 1 0 0 0 0 0 0
program/100 0 1 0 0 1 1 1 0 1 1 0 1 1 0 1 1 0 1 0 1 1 1 1 1 0 0 0 0 0 0 0
program/107 0 1 0 0 1 1 1 0 1 1 0 1 1 1 1 1 1 1 1 1 1 1 1 1 1 0 0 0 0 0 0
program/106 0 1 0 0 1 1 1 0 1 1 0 1 1 1 1 1 1 1 1 1 1 1 1 1 1 0 0 0 0 0 0
program/105 0 1 0 0 1 1 0 0 0 1 0 1 1 0 1 1 0 1 0 1 1 1 1 1 0 0 0 0 0 0 0
program/104 0 1 0 0 1 1 1 0 1 1 0 1 1 1 1 1 1 1 1 1 1 1 1 1 1 0 0 0 0 0 0
program/108 0 1 0 0 1 1 1 0 1 1 0 1 1 1 1 1 1 1 1 1 1 1 1 1 1 0 0 0 0 0 0
program/749 0 1 0 0 0 1 0 0 0 0 0 0 1 1 1 1 0 1 0 1 1 1 1 1 0 0 0 0 0 0 0
program/558 0 1 0 0 1 1 0 0 1 0 0 1 1 1 1 1 0 1 1 1 1 1 1 1 1 0 0 0 0 0 0
program/559 0 1 0 0 1 1 0 0 1 0 0 1 1 1 1 1 0 1 1 1 1 1 1 1 1 0 0 0 0 0 0
program/667 1 1 1 1 1 1 0 1 1 0 1 1 1 1 1 1 1 1 1 1 1 1 1 1 1 0 0 0 0 0 0
program/424 0 1 0 0 1 1 0 0 1 0 0 1 1 1 1 1 1 1 1 1 1 1 1 1 1 0 0 0 0 0 0
program/425 1 1 1 1 1 1 0 1 1 0 1 1 1 1 1 1 1 1 1 1 1 1 1 1 1 0 0 0 0 0 0
program/426 1 1 1 1 1 1 0 1 1 0 1 1 1 1 1 1 1 1 1 1 1 1 1 1 1 0 0 0 0 0 0
program/427 1 1 1 1 1 1 0 1 1 0 1 1 1 1 1 1 1 1 1 1 1 1 1 1 1 0 0 0 0 0 0
program/420 1 1 1 1 1 1 0 1 1 0 1 1 1 1 1 1 1 1 1 1 1 1 1 1 1 0 0 0 0 0 0
program/421 1 1 1 1 1 1 0 1 1 0 1 1 1 1 1 1 1 1 1 1 1 1 1 1 1 0 0 0 0 0 0
program/422 1 1 1 1 1 1 0 1 1 0 1 1 1 1 1 1 1 1 1 1 1 1 1 1 1 0 0 0 0 0 0
program/785 0 1 0 0 0 1 0 0 0 0 0 1 1 1 1 1 1 1 0 1 1 1 1 1 0 0 0 0 0 0 0
program/784 0 1 0 0 0 1 0 0 0 0 0 0 1 1 1 1 0 1 0 1 1 1 1 1 0 0 0 0 0 0 0
program/758 0 1 0 0 0 1 0 0 0 0 0 0 1 1 1 1 0 1 0 1 1 1 1 1 0 0 0 0 0 0 0
program/786 0 1 0 0 0 1 0 0 0 0 0 0 1 0 1 0 0 0 0 0 0 0 0 0 0 0 0 0 0 0 0
program/428 1 1 1 1 1 1 0 1 1 0 1 1 1 1 1 1 1 1 1 1 1 1 1 1 1 0 0 0 0 0 0
program/429 1 1 1 1 1 1 0 1 1 0 1 1 1 1 1 1 1 1 1 1 1 1 1 1 1 0 0 0 0 0 0
program/783 0 1 0 0 0 1 0 0 0 0 0 1 1 1 1 1 1 1 0 1 1 1 1 1 0 0 0 0 0 0 0
program/782 0 1 0 0 0 1 0 0 0 0 0 0 1 1 1 1 0 1 0 1 1 1 1 1 0 0 0 0 0 0 0
program/198 0 1 0 0 1 1 1 0 1 1 0 0 1 1 1 1 0 1 0 1 1 1 1 1 0 0 0 0 0 0 0
program/199 0 1 0 0 1 1 1 0 1 1 0 1 1 1 1 1 1 1 1 1 1 1 1 1 1 0 0 0 0 0 0
program/92 0 1 0 0 1 0 1 0 1 1 0 1 0 0 0 1 0 1 1 1 1 0 0 0 1 0 0 0 0 0 0
program/193 0 1 0 0 1 1 1 0 1 1 0 0 0 0 0 0 0 0 0 0 0 0 0 0 0 0 0 0 0 0 0
program/194 0 1 0 0 1 1 1 0 1 1 0 1 1 1 1 1 1 1 1 1 1 1 1 1 1 0 0 0 0 0 0
program/195 0 1 0 0 1 1 1 0 1 1 0 0 0 0 0 0 0 0 0 0 0 0 0 0 0 0 0 0 0 0 0
program/196 0 1 0 0 1 1 1 0 1 1 0 1 1 1 1 1 1 1 1 1 1 1 1 1 1 0 0 0 0 0 0
program/197 0 1 0 0 1 1 1 0 1 1 0 1 1 1 1 1 1 1 1 1 1 1 1 1 1 0 0 0 0 0 0
program/93 0 0 0 0 0 1 1 0 1 1 0 0 1 1 1 1 1 1 1 1 1 1 1 1 1 0 0 0 0 0 0
program/81 1 1 1 1 1 1 1 1 1 1 1 1 1 1 1 1 1 1 1 1 1 1 1 1 1 0 0 0 0 0 0
program/556 0 1 0 0 1 1 0 0 1 0 0 1 1 1 1 1 1 1 1 1 1 1 1 1 1 0 0 0 0 0 0
program/80 1 1 1 1 1 1 1 1 1 1 1 1 1 1 1 1 1 1 1 1 1 1 1 1 1 0 0 0 0 0 0
program/557 0 1 0 0 1 1 0 0 1 0 0 1 1 1 1 1 1 1 1 1 1 1 1 1 1 0 0 0 0 0 0
program/83 0 1 0 0 1 1 1 0 1 1 0 1 1 1 1 1 1 1 1 1 1 1 1 1 1 0 0 0 0 0 0
program/257 1 1 1 1 1 1 0 1 1 0 1 1 1 1 1 1 1 1 1 1 1 1 1 1 1 0 0 0 0 0 0
program/256 1 1 1 1 1 1 0 1 1 0 1 1 1 1 1 1 1 1 1 1 1 1 1 1 1 0 0 0 0 0 0
program/255 1 1 1 1 1 1 0 1 1 0 1 1 1 1 1 1 1 1 1 1 1 1 1 1 1 0 0 0 0 0 0
program/254 1 1 1 1 1 1 0 1 1 0 1 1 1 1 1 1 1 1 1 1 1 1 1 1 1 0 0 0 0 0 0
program/253 1 1 1 1 1 1 0 1 1 0 1 1 1 1 1 1 1 1 1 1 1 1 1 1 1 0 0 0 0 0 0
program/252 1 1 1 1 1 1 0 1 1 0 1 1 1 1 1 1 1 1 1 1 1 1 1 1 1 0 0 0 0 0 0
program/251 1 1 1 1 1 1 0 1 1 0 1 1 1 1 1 1 1 1 1 1 1 1 1 1 1 0 0 0 0 0 0
program/250 1 1 1 1 1 1 0 1 1 0 1 1 1 1 1 1 1 1 1 1 1 1 1 1 1 0 0 0 0 0 0
program/550 1 1 1 1 1 1 0 1 1 0 1 0 1 1 1 1 0 1 0 1 1 1 1 1 0 0 0 0 0 0 0
program/85 0 1 0 0 1 1 1 0 1 1 0 1 1 1 1 1 1 1 1 1 1 1 1 1 1 0 0 0 0 0 0
program/553 0 1 0 0 1 1 0 0 1 0 0 0 1 1 1 1 0 1 0 1 1 1 1 1 0 0 0 0 0 0 0
program/554 1 1 1 1 1 1 0 1 1 0 1 0 1 1 1 1 0 1 0 1 1 1 1 1 0 0 0 0 0 0 0
program/555 0 1 0 0 1 1 0 0 1 0 0 0 1 1 1 1 0 1 0 1 1 1 1 1 0 0 0 0 0 0 0
program/259 1 1 1 1 1 1 0 1 1 0 1 1 1 1 1 1 1 1 1 1 1 1 1 1 1 0 0 0 0 0 0
program/258 1 1 1 1 1 1 0 1 1 0 1 1 1 1 1 1 1 1 1 1 1 1 1 1 1 0 0 0 0 0 0
program/87 0 0 0 0 0 0 1 0 0 1 0 0 0 0 0 0 0 0 0 0 0 0 0 0 0 0 0 0 0 0 0
program/718 1 1 1 1 1 1 0 1 1 0 1 1 1 1 1 1 1 1 0 1 1 1 1 1 0 0 0 0 0 0 0
program/86 0 0 0 0 0 0 1 0 0 1 0 0 0 0 0 0 0 0 0 0 0 0 0 0 0 0 0 0 0 0 0
program/507 1 1 1 1 1 1 0 1 1 0 1 0 1 1 1 1 0 1 0 1 0 1 0 1 0 0 0 0 0 0 0
program/506 1 1 1 1 0 1 0 1 0 0 1 0 1 1 1 1 0 1 0 1 0 1 0 1 0 0 0 0 0 0 0
program/338 0 1 0 0 1 1 0 0 1 0 0 1 1 1 1 1 1 1 1 1 1 1 1 1 1 0 0 0 0 0 0
program/339 0 1 0 0 1 1 0 0 1 0 0 1 1 1 1 1 1 1 1 1 1 1 1 1 1 0 0 0 0 0 0
program/334 0 1 0 0 1 1 0 0 1 0 0 1 1 1 1 1 1 1 1 1 1 1 1 1 1 0 0 0 0 0 0
program/335 0 1 0 0 1 1 0 0 1 0 0 1 1 1 1 1 1 1 1 1 1 1 1 1 1 0 0 0 0 0 0
program/336 0 1 0 0 1 1 0 0 1 0 0 1 1 1 1 1 1 1 1 1 1 1 1 1 1 0 0 0 0 0 0
program/337 0 1 0 0 1 1 0 0 1 0 0 1 1 1 1 1 1 1 1 1 1 1 1 1 1 0 0 0 0 0 0
program/330 1 1 1 1 1 1 0 1 1 0 1 1 1 1 1 1 1 1 1 1 1 1 1 1 1 0 0 0 0 0 0
program/331 1 1 1 1 1 1 0 1 1 0 1 1 1 0 1 1 1 1 1 1 0 1 1 1 1 0 0 0 0 0 0
program/332 1 1 1 1 1 1 0 1 1 0 1 1 1 1 1 1 1 1 1 1 1 1 1 1 1 0 0 0 0 0 0
program/333 1 1 1 1 1 1 0 1 1 0 1 1 1 1 1 1 1 1 1 1 1 1 1 1 1 0 0 0 0 0 0
program/70 1 1 1 1 1 1 1 1 1 1 1 1 1 1 1 1 1 1 1 1 1 1 1 1 1 0 0 0 0 0 0
program/71 0 1 0 0 1 1 0 0 1 0 0 1 1 1 1 1 1 1 1 1 1 1 1 1 1 0 0 0 0 0 0
program/72 1 1 1 1 1 1 1 1 1 1 1 1 1 1 1 1 1 1 1 1 1 1 1 1 1 0 0 0 0 0 0
program/73 0 1 0 0 1 1 1 0 1 1 0 1 1 1 1 1 1 1 1 1 1 1 1 1 1 0 0 0 0 0 0
program/74 0 1 0 0 1 1 0 0 1 0 0 1 1 1 0 1 1 1 1 1 1 1 1 1 1 0 0 0 0 0 0
program/75 0 1 0 0 1 1 0 0 1 0 0 1 1 1 1 1 1 1 1 1 1 1 1 1 1 0 0 0 0 0 0
program/76 1 1 1 1 1 1 1 1 1 1 1 1 1 1 1 1 1 1 1 1 1 1 1 1 1 0 0 0 0 0 0
program/77 1 1 1 1 1 1 0 1 1 0 1 1 1 1 1 1 1 1 1 1 1 1 1 1 1 0 0 0 0 0 0
program/78 0 1 0 0 1 1 1 0 1 1 0 1 1 1 1 1 1 1 1 1 1 1 1 1 1 0 0 0 0 0 0
program/79 0 0 0 0 0 0 0 0 0 0 0 0 0 1 0 0 0 1 0 0 1 1 1 1 0 0 0 0 0 0 0
program/778 0 1 0 0 0 1 0 0 0 0 0 1 1 1 1 1 1 1 0 1 1 1 1 1 0 0 0 0 0 0 0
program/779 0 1 0 0 0 1 0 0 0 0 0 1 1 1 1 1 1 1 0 1 1 1 1 1 0 0 0 0 0 0 0
program/774 0 1 0 0 0 1 0 0 0 0 0 1 1 1 1 1 1 1 0 1 1 1 1 1 0 0 0 0 0 0 0
program/775 0 1 0 0 0 1 0 0 0 0 0 1 1 1 1 1 1 1 0 1 1 1 1 1 0 0 0 0 0 0 0
program/776 0 1 0 0 0 1 0 0 0 0 0 1 1 1 1 1 1 1 0 1 1 1 1 1 0 0 0 0 0 0 0
program/777 0 1 0 0 0 1 0 0 0 0 0 1 1 1 1 1 1 1 0 1 1 1 1 1 0 0 0 0 0 0 0
program/771 0 1 0 0 0 1 0 0 0 0 0 0 1 0 1 0 0 0 0 0 0 0 0 0 0 0 0 0 0 0 0
program/772 0 1 0 0 0 1 0 0 0 0 0 0 1 0 1 0 0 0 0 0 0 0 0 0 0 0 0 0 0 0 0
program/773 0 1 0 0 0 1 0 0 0 0 0 0 1 1 1 1 0 1 0 1 1 1 1 1 0 0 0 0 0 0 0
program/675 1 1 1 1 1 1 0 1 1 0 1 0 1 1 1 1 0 1 1 1 1 1 1 1 1 0 0 0 0 0 0
program/674 1 1 1 1 1 1 0 1 1 0 1 0 1 1 1 1 0 1 1 1 1 1 1 1 1 0 0 0 0 0 0
program/98 0 1 0 0 1 1 1 0 1 1 0 1 1 1 1 1 1 1 1 1 1 1 1 1 1 0 0 0 0 0 0
program/99 0 1 0 0 1 1 1 0 1 1 0 1 1 1 1 1 1 1 1 1 1 1 1 1 1 0 0 0 0 0 0
program/509 1 1 1 1 1 1 0 1 1 0 1 0 1 1 1 1 0 1 0 1 1 1 1 1 0 0 0 0 0 0 0
program/149 0 1 0 0 1 1 1 0 1 1 0 1 1 1 1 1 1 1 1 1 1 1 1 1 1 0 0 0 0 0 0
program/148 0 1 0 0 1 1 1 0 1 1 0 1 1 1 1 1 1 1 1 1 1 1 1 1 1 0 0 0 0 0 0
program/147 0 1 0 0 1 1 1 0 1 1 0 0 1 1 1 1 0 1 0 1 1 1 1 1 0 0 0 0 0 0 0
program/146 0 0 0 0 0 1 1 0 1 1 0 0 1 1 1 1 0 1 0 1 1 1 1 1 0 0 0 0 0 0 0
program/145 0 1 0 0 1 1 1 0 1 1 0 1 1 1 1 1 1 1 1 1 1 1 1 1 1 0 0 0 0 0 0
program/144 0 1 0 0 1 1 1 0 1 1 0 0 1 1 1 1 0 1 0 1 1 1 1 1 0 0 0 0 0 0 0
program/96 0 1 0 0 1 1 1 0 1 1 0 1 1 1 1 1 1 1 1 1 1 1 1 1 1 0 0 0 0 0 0
program/97 0 0 0 0 0 1 1 0 1 1 0 0 1 1 1 1 1 1 1 1 1 1 1 1 1 0 0 0 0 0 0
program/141 0 1 0 0 1 1 1 0 1 1 0 1 1 1 1 1 1 1 1 1 1 1 1 1 1 0 0 0 0 0 0
program/95 0 1 0 0 1 1 1 0 1 1 0 1 1 1 1 1 1 1 1 1 1 1 1 1 1 0 0 0 0 0 0
program/389 1 1 1 1 1 1 0 1 1 0 1 1 1 1 1 1 1 1 1 1 1 1 1 1 1 0 0 0 0 0 0
program/388 1 1 1 1 1 1 0 1 1 0 1 0 0 0 0 0 0 0 0 0 0 0 0 0 0 0 0 0 0 0 0
program/381 1 1 1 1 1 1 0 1 1 0 1 1 1 1 1 1 1 1 1 1 1 1 1 1 1 0 0 0 0 0 0
program/380 1 1 1 1 1 1 0 1 1 0 1 1 1 1 1 1 1 1 1 1 1 1 1 1 1 0 0 0 0 0 0
program/383 1 1 1 1 1 1 0 1 1 0 1 1 1 1 1 1 1 1 1 1 1 1 1 1 1 0 0 0 0 0 0
program/382 1 1 1 1 1 1 0 1 1 0 1 0 1 1 1 1 0 1 0 1 1 1 1 1 0 0 0 0 0 0 0
program/385 1 1 1 1 1 1 0 1 1 0 1 0 0 0 0 0 0 0 0 0 0 0 0 0 0 0 0 0 0 0 0
program/384 1 1 1 1 1 1 0 1 1 0 1 1 1 1 1 1 1 1 1 1 1 1 1 1 1 0 0 0 0 0 0
program/387 1 1 1 1 1 1 0 1 1 0 1 1 1 1 1 1 1 1 1 1 1 1 1 1 1 0 0 0 0 0 0
program/386 1 1 1 1 1 1 0 1 1 0 1 1 1 1 1 1 1 1 1 1 1 1 1 1 1 0 0 0 0 0 0
program/589 0 1 0 0 1 1 0 0 1 0 0 0 1 1 1 1 0 1 0 1 1 1 1 1 0 0 0 0 0 0 0
program/588 0 1 0 0 1 1 0 0 1 0 0 1 1 1 1 1 1 1 1 1 1 1 1 1 1 0 0 0 0 0 0
program/587 0 1 0 0 1 1 0 0 1 0 0 1 1 1 1 1 1 1 1 1 1 1 1 1 1 0 0 0 0 0 0
program/586 0 1 0 0 1 1 0 0 1 0 0 1 1 1 1 1 0 1 1 1 1 1 1 1 1 0 0 0 0 0 0
program/585 0 1 0 0 1 1 0 0 1 0 0 1 1 1 1 1 1 1 1 1 1 1 1 1 1 0 0 0 0 0 0
program/584 0 1 0 0 1 1 0 0 1 0 0 1 1 1 1 1 1 1 1 1 1 1 1 1 1 0 0 0 0 0 0
program/583 0 1 0 0 1 1 0 0 1 0 0 1 1 1 1 1 0 1 1 1 1 1 1 1 1 0 0 0 0 0 0
program/582 0 0 0 0 0 1 0 0 0 0 0 0 1 1 1 1 0 1 0 1 1 1 1 1 0 0 0 0 0 0 0
program/581 0 0 0 0 0 1 0 0 0 0 0 0 1 1 1 1 0 1 0 1 1 1 1 1 0 0 0 0 0 0 0
program/580 0 1 0 0 1 1 0 0 1 0 0 1 1 1 1 1 1 1 1 1 1 1 1 1 1 0 0 0 0 0 0
program/648 0 1 0 0 1 1 0 0 1 0 0 0 1 1 1 0 0 0 0 0 0 0 1 0 0 0 0 0 0 0 0
program/2 1 1 1 1 1 1 1 1 1 1 1 0 0 0 0 0 0 0 0 0 0 0 0 0 0 0 0 0 0 0 0
program/3 1 1 1 1 1 1 1 1 1 1 1 1 1 1 1 1 1 1 1 1 1 1 1 1 1 0 0 0 0 0 0
program/5 1 1 1 1 1 1 1 1 1 1 1 1 1 1 1 1 1 1 1 1 1 1 1 1 1 0 0 0 0 0 0
program/6 1 1 1 1 1 1 1 1 1 1 1 1 1 1 1 1 1 1 1 1 1 1 1 1 1 0 0 0 0 0 0
program/7 1 1 1 1 1 1 1 1 1 1 1 1 0 0 0 1 0 1 1 1 1 1 0 1 1 0 0 0 0 0 0
program/649 0 1 0 0 1 1 0 0 1 0 0 1 1 1 1 1 1 1 1 1 1 1 1 1 1 0 0 0 0 0 0
program/800 0 1 0 0 0 1 0 0 0 0 0 1 1 1 1 1 1 1 0 1 1 1 1 1 0 0 0 0 0 0 0
program/801 1 1 1 1 1 1 0 1 1 0 1 1 1 1 1 1 1 1 1 1 1 1 1 1 1 0 0 0 0 0 0
program/806 1 1 1 1 1 1 0 1 1 0 1 1 1 1 1 1 1 1 1 1 1 1 1 1 1 0 0 0 0 0 0
program/804 1 1 1 1 1 1 0 1 1 0 1 1 1 1 1 1 1 1 1 1 1 1 1 1 1 0 0 0 0 0 0
program/805 1 1 1 1 1 1 0 1 1 0 1 1 1 1 1 1 1 1 1 1 1 1 1 1 1 0 0 0 0 0 0
program/292 1 1 1 1 1 1 0 1 1 0 1 1 1 1 1 1 1 1 1 1 1 1 1 1 1 0 0 0 0 0 0
program/291 1 1 1 1 1 1 0 1 1 0 1 1 1 1 1 1 1 1 1 1 1 1 1 1 1 0 0 0 0 0 0
program/290 1 1 1 1 1 1 0 1 1 0 1 1 1 1 1 1 1 1 1 1 1 1 1 1 1 0 0 0 0 0 0
program/299 1 1 1 1 1 1 0 1 1 0 1 1 1 1 1 1 1 1 1 1 1 1 1 1 1 0 0 0 0 0 0
program/298 1 1 1 1 1 1 0 1 1 0 1 1 1 1 1 1 1 1 1 1 1 1 1 1 1 0 0 0 0 0 0
program/514 1 1 1 1 1 1 0 1 1 0 1 0 1 1 1 1 0 1 0 1 1 1 1 1 0 0 0 0 0 0 0
program/515 0 1 0 0 0 1 0 0 0 0 0 0 1 1 1 1 0 1 0 1 0 1 0 1 0 0 0 0 0 0 0
program/516 1 1 1 1 1 1 0 1 1 0 1 0 1 1 1 1 0 1 0 1 0 1 0 1 0 0 0 0 0 0 0
program/517 1 1 1 1 1 1 0 1 1 0 1 0 1 1 1 1 0 1 0 1 1 1 1 1 0 0 0 0 0 0 0
program/459 1 0 1 1 0 1 0 1 1 0 1 0 1 1 1 1 0 1 0 1 1 1 1 1 0 0 0 0 0 0 0
program/458 1 1 1 1 1 1 0 1 1 0 1 1 1 1 1 1 1 1 1 1 1 1 1 1 1 0 0 0 0 0 0
program/512 1 1 1 1 1 1 0 1 1 0 1 0 1 1 1 1 0 1 0 1 1 1 1 1 0 0 0 0 0 0 0
program/513 1 1 1 1 1 1 0 1 1 0 1 0 1 1 1 1 0 1 0 1 1 1 1 1 0 0 0 0 0 0 0
program/455 1 0 1 1 0 1 0 1 1 0 1 0 1 1 1 1 0 1 0 1 1 1 1 1 0 0 0 0 0 0 0
program/454 1 1 1 1 1 1 0 1 1 0 1 1 1 1 1 1 1 1 1 1 1 1 1 1 1 0 0 0 0 0 0
program/457 1 0 1 1 0 1 0 1 1 0 1 0 1 1 1 1 0 1 0 1 1 1 1 1 0 0 0 0 0 0 0
program/456 1 1 1 1 1 1 0 1 1 0 1 1 1 1 1 1 1 1 1 1 1 1 1 1 1 0 0 0 0 0 0
program/518 0 1 0 0 0 1 0 0 0 0 0 0 1 1 1 1 0 1 0 1 0 1 0 1 0 0 0 0 0 0 0
program/450 1 1 1 1 1 1 0 1 1 0 1 1 1 1 1 1 1 1 1 1 1 1 1 1 1 0 0 0 0 0 0
program/453 1 1 1 1 1 1 0 1 1 0 1 1 1 1 1 1 1 1 1 1 1 1 1 1 1 0 0 0 0 0 0
program/590 0 1 0 0 1 1 0 0 1 0 0 0 1 1 1 0 0 0 0 0 1 1 1 1 0 0 0 0 0 0 0
program/208 1 1 1 1 1 1 0 1 1 0 1 1 1 1 1 1 0 1 0 1 1 1 1 1 0 0 0 0 0 0 0
program/209 1 1 1 1 1 1 0 1 1 0 1 1 1 1 1 1 0 1 0 1 1 1 1 1 0 0 0 0 0 0 0
program/200 0 1 0 0 1 1 1 0 1 1 0 0 1 1 1 1 0 1 0 1 1 1 1 1 0 0 0 0 0 0 0
program/201 0 1 0 0 1 1 1 0 1 1 0 1 1 1 1 1 1 1 1 1 1 1 1 1 1 0 0 0 0 0 0
program/202 1 1 1 1 1 1 0 1 1 0 1 1 1 1 1 1 1 1 1 1 1 1 1 1 1 0 0 0 0 0 0
program/203 1 1 1 1 1 1 0 1 1 0 1 1 1 1 1 1 0 1 0 1 1 1 1 1 0 0 0 0 0 0 0
program/204 1 1 1 1 1 1 0 1 1 0 1 1 1 1 1 1 0 1 0 1 1 1 1 1 0 0 0 0 0 0 0
program/205 1 1 1 1 1 1 0 1 1 0 1 1 1 1 1 1 0 1 0 1 1 1 1 1 0 0 0 0 0 0 0
program/206 1 1 1 1 1 1 0 1 1 0 1 1 1 1 1 1 0 1 0 1 1 1 1 1 0 0 0 0 0 0 0
program/207 1 1 1 1 1 1 0 1 1 0 1 1 1 1 1 1 0 1 0 1 1 1 1 1 0 0 0 0 0 0 0
program/633 0 1 0 0 1 1 0 0 1 0 0 0 1 1 1 0 0 0 0 0 0 0 1 0 0 0 0 0 0 0 0
program/632 0 1 0 0 1 1 0 0 1 0 0 0 1 1 1 0 0 0 0 0 0 0 1 0 0 0 0 0 0 0 0
program/635 0 1 0 0 1 1 0 0 1 0 0 1 1 1 1 1 1 1 1 1 1 1 1 1 1 0 0 0 0 0 0
program/634 0 1 0 0 1 1 0 0 1 0 0 0 1 1 1 1 0 1 0 1 1 1 1 1 0 0 0 0 0 0 0
program/637 0 1 0 0 1 1 0 0 1 0 0 1 1 1 1 1 0 1 1 1 0 0 1 0 1 0 0 0 0 0 0
program/636 0 1 0 0 1 1 0 0 1 0 0 1 1 1 1 1 0 1 1 1 1 1 1 1 1 0 0 0 0 0 0
program/639 0 1 0 0 1 1 0 0 1 0 0 1 1 1 1 1 0 1 1 1 1 1 1 1 1 0 0 0 0 0 0
program/638 0 1 0 0 1 1 0 0 1 0 0 1 1 1 1 1 1 1 1 1 1 1 1 1 1 0 0 0 0 0 0
program/345 0 1 0 0 1 1 0 0 1 0 0 1 1 1 1 1 1 1 1 1 1 1 1 1 1 0 0 0 0 0 0
program/344 0 1 0 0 1 1 0 0 1 0 0 1 1 1 1 1 1 1 1 1 1 1 1 1 1 0 0 0 0 0 0
program/347 0 1 0 0 1 1 0 0 1 0 0 1 1 1 1 1 1 1 1 1 1 1 1 1 1 0 0 0 0 0 0
program/346 0 1 0 0 1 1 0 0 1 0 0 1 1 1 1 1 1 1 1 1 1 1 1 1 1 0 0 0 0 0 0
program/341 0 1 0 0 1 1 0 0 1 0 0 1 1 1 1 1 1 1 1 1 1 1 1 1 1 0 0 0 0 0 0
program/340 0 1 0 0 1 1 0 0 1 0 0 1 1 1 1 1 1 1 1 1 1 1 1 1 1 0 0 0 0 0 0
program/343 0 1 0 0 1 1 0 0 1 0 0 1 1 1 1 1 1 1 1 1 1 1 1 1 1 0 0 0 0 0 0
program/342 0 1 0 0 1 1 0 0 1 0 0 1 1 1 1 1 1 1 1 1 1 1 1 1 1 0 0 0 0 0 0
program/349 0 1 0 0 1 1 0 0 1 0 0 1 1 1 1 1 1 1 1 1 1 1 1 1 1 0 0 0 0 0 0
program/348 0 1 0 0 1 1 0 0 1 0 0 1 1 1 1 1 1 1 1 1 1 1 1 1 1 0 0 0 0 0 0
program/29 0 1 0 0 1 1 1 0 1 1 0 1 1 1 1 1 1 1 1 1 1 1 1 1 1 0 0 0 0 0 0
program/28 1 1 1 1 1 1 1 1 1 1 1 1 1 1 1 1 1 1 1 1 1 1 1 1 1 0 0 0 0 0 0
program/23 1 1 1 1 1 1 1 1 1 1 1 1 1 1 1 1 1 1 1 1 1 1 1 1 1 0 0 0 0 0 0
program/22 0 1 0 0 1 1 1 0 1 1 0 1 1 1 1 1 1 1 1 1 1 1 1 1 1 0 0 0 0 0 0
program/21 1 1 1 1 1 1 1 1 1 1 1 1 1 1 1 1 1 1 1 1 1 1 1 1 1 0 0 0 0 0 0
program/20 1 1 1 1 1 1 1 1 1 1 1 1 1 1 1 1 1 1 1 1 1 1 1 1 1 0 0 0 0 0 0
program/27 1 1 1 1 1 1 1 1 1 1 1 1 1 1 1 1 1 1 1 1 1 1 1 1 1 0 0 0 0 0 0
program/26 1 1 1 1 1 1 1 1 1 1 1 1 1 1 1 1 1 1 1 1 1 1 1 1 1 0 0 0 0 0 0
program/25 1 1 1 1 1 1 1 1 1 1 1 1 1 1 1 1 1 1 1 1 1 1 1 1 1 0 0 0 0 0 0
program/24 0 1 0 0 1 1 1 0 1 1 0 1 1 1 1 1 1 1 1 1 1 1 1 1 1 0 0 0 0 0 0
program/705 1 1 1 1 1 1 0 1 1 0 1 0 1 1 1 0 0 1 0 0 0 1 1 1 0 0 0 0 0 0 0
program/672 1 1 1 1 1 1 0 1 1 0 1 0 1 1 1 1 0 1 1 1 1 1 1 1 1 0 0 0 0 0 0
program/707 1 1 1 1 1 1 0 1 1 0 1 1 1 1 1 1 1 1 0 1 1 1 1 1 0 0 0 0 0 0 0
program/706 1 1 1 1 1 1 0 1 1 0 1 1 1 1 1 1 1 1 0 1 1 1 1 1 0 0 0 0 0 0 0
program/701 1 1 1 1 1 1 0 1 1 0 1 0 1 1 1 1 0 1 1 1 1 1 1 1 1 0 0 0 0 0 0
program/700 0 1 0 0 1 1 0 0 1 0 0 1 1 1 1 1 1 1 1 1 1 1 1 1 1 0 0 0 0 0 0
program/703 1 1 1 1 1 1 0 1 1 0 1 1 1 1 1 1 1 1 1 1 1 1 1 1 1 0 0 0 0 0 0
program/702 1 1 1 1 1 1 0 1 1 0 1 1 1 1 1 1 1 1 1 1 1 1 1 1 1 0 0 0 0 0 0
program/709 1 1 1 1 1 1 0 1 1 0 1 1 1 1 1 1 1 1 0 1 1 1 1 1 0 0 0 0 0 0 0
program/708 1 1 1 1 1 1 0 1 1 0 1 1 1 1 1 1 1 1 0 1 1 1 1 1 0 0 0 0 0 0 0
program/110 0 1 0 0 1 1 1 0 1 1 0 1 1 1 1 1 1 1 1 1 1 1 1 1 1 0 0 0 0 0 0
program/111 0 1 0 0 1 1 1 0 1 1 0 1 1 1 1 1 1 1 1 1 1 1 1 1 1 0 0 0 0 0 0
program/112 0 1 0 0 1 1 1 0 1 1 0 1 1 0 1 1 0 1 1 1 1 1 1 1 1 0 0 0 0 0 0
program/114 0 1 0 0 1 1 1 0 1 1 0 1 1 1 1 1 1 1 1 1 1 1 1 1 1 0 0 0 0 0 0
program/115 0 1 0 0 1 1 1 0 1 1 0 1 1 1 1 1 1 1 1 1 1 1 1 1 1 0 0 0 0 0 0
program/116 0 1 0 0 1 1 1 0 1 1 0 1 1 1 1 1 1 1 1 1 1 1 1 1 1 0 0 0 0 0 0
program/117 0 1 0 0 1 1 1 0 1 1 0 1 1 1 1 1 0 1 1 1 1 1 1 1 1 0 0 0 0 0 0
program/118 0 1 0 0 1 1 1 0 1 1 0 1 1 1 1 1 1 1 1 1 1 1 1 1 1 0 0 0 0 0 0
program/119 0 1 0 0 1 1 1 0 1 1 0 1 1 1 1 1 1 1 1 1 1 1 1 1 1 0 0 0 0 0 0
program/419 1 1 1 1 1 1 0 1 1 0 1 1 1 1 1 1 1 1 1 1 1 1 1 1 1 0 0 0 0 0 0
program/789 0 1 0 0 0 1 0 0 0 0 0 1 1 1 1 1 1 1 0 1 1 1 1 1 0 0 0 0 0 0 0
program/411 1 1 1 1 1 1 0 1 1 0 1 1 1 1 1 1 1 1 1 1 1 1 1 1 1 0 0 0 0 0 0
program/410 1 1 1 1 1 1 0 1 1 0 1 1 1 1 1 1 1 1 1 1 1 1 1 1 1 0 0 0 0 0 0
program/413 1 1 1 1 1 1 0 1 1 0 1 1 1 1 1 1 1 1 1 1 1 1 1 1 1 0 0 0 0 0 0
program/412 1 1 1 1 1 1 0 1 1 0 1 1 1 1 1 1 1 1 1 1 1 1 1 1 1 0 0 0 0 0 0
program/415 1 1 1 1 1 1 0 1 1 0 1 1 1 1 1 1 1 1 1 1 1 1 1 1 1 0 0 0 0 0 0
program/414 1 1 1 1 1 1 0 1 1 0 1 1 1 1 1 1 1 1 1 1 1 1 1 1 1 0 0 0 0 0 0
program/417 0 1 0 0 1 1 0 0 1 0 0 1 1 1 1 1 1 1 1 1 1 1 1 1 1 0 0 0 0 0 0
program/416 1 1 1 1 1 1 0 1 1 0 1 1 1 1 1 1 1 1 1 1 1 1 1 1 1 0 0 0 0 0 0
program/792 0 1 0 0 0 1 0 0 0 0 0 0 1 0 1 0 0 0 0 0 0 0 0 0 0 0 0 0 0 0 0
program/793 0 1 0 0 0 1 0 0 0 0 0 1 1 1 1 1 1 1 0 1 1 1 1 1 0 0 0 0 0 0 0
program/790 0 1 0 0 0 1 0 0 0 0 0 0 1 1 1 1 0 1 0 1 1 1 1 1 0 0 0 0 0 0 0
program/791 0 1 0 0 0 1 0 0 0 0 0 0 1 1 1 0 0 1 0 0 0 1 1 1 0 0 0 0 0 0 0
program/796 0 1 0 0 0 1 0 0 0 0 0 0 1 1 1 1 0 1 0 1 1 1 1 1 0 0 0 0 0 0 0
program/797 0 1 0 0 0 1 0 0 0 0 0 1 1 1 1 1 1 1 0 1 1 1 1 1 0 0 0 0 0 0 0
program/794 0 1 0 0 0 1 0 0 0 0 0 1 1 1 1 1 1 1 0 1 1 1 1 1 0 0 0 0 0 0 0
program/795 0 1 0 0 0 1 0 0 0 0 0 1 1 1 1 1 1 1 0 1 1 1 1 1 0 0 0 0 0 0 0
program/798 0 1 0 0 0 1 0 0 0 0 0 1 1 1 1 1 1 1 0 1 1 1 1 1 0 0 0 0 0 0 0
program/799 0 1 0 0 0 1 0 0 0 0 0 0 1 1 1 1 0 1 0 1 1 1 1 1 0 0 0 0 0 0 0
program/788 0 1 0 0 0 1 0 0 0 0 0 0 1 1 1 0 0 1 0 0 1 1 1 1 0 0 0 0 0 0 0
program/244 1 1 1 1 1 1 0 1 1 0 1 1 1 1 1 1 1 1 1 1 1 1 1 1 1 0 0 0 0 0 0
program/245 1 1 1 1 1 1 0 1 1 0 1 1 1 1 1 1 1 1 1 1 1 1 1 1 1 0 0 0 0 0 0
program/246 1 1 1 1 1 1 0 1 1 0 1 1 1 1 1 1 1 1 1 1 1 1 1 1 1 0 0 0 0 0 0
program/247 1 1 1 1 1 1 0 1 1 0 1 0 1 1 1 1 0 1 0 1 1 1 1 1 0 0 0 0 0 0 0
program/240 1 1 1 1 1 1 0 1 1 0 1 1 1 1 1 1 1 1 1 1 1 1 1 1 1 0 0 0 0 0 0
program/241 1 1 1 1 1 1 0 1 1 0 1 1 1 1 1 1 1 1 1 1 1 1 1 1 1 0 0 0 0 0 0
program/242 1 1 1 1 1 1 0 1 1 0 1 1 1 1 1 1 1 1 1 1 1 1 1 1 1 0 0 0 0 0 0
program/243 1 1 1 1 1 1 0 1 1 0 1 1 1 1 1 1 1 1 1 1 1 1 1 1 1 0 0 0 0 0 0
program/565 0 0 0 0 0 1 0 0 0 0 0 0 1 1 1 1 0 1 0 1 1 1 1 1 0 0 0 0 0 0 0
program/564 0 1 0 0 1 1 0 0 1 0 0 1 1 1 1 1 0 1 1 1 1 1 1 1 1 0 0 0 0 0 0
program/567 0 1 0 0 1 1 0 0 1 0 0 1 1 1 1 1 0 1 1 1 1 1 1 1 1 0 0 0 0 0 0
program/566 0 0 0 0 0 1 0 0 0 0 0 0 1 1 1 1 0 1 0 1 1 1 1 1 0 0 0 0 0 0 0
program/248 1 1 1 1 1 1 0 1 1 0 1 1 1 1 1 1 1 1 1 1 1 1 1 1 1 0 0 0 0 0 0
program/249 1 1 1 1 1 1 0 1 1 0 1 1 1 1 1 1 1 1 1 1 1 1 1 1 1 0 0 0 0 0 0
program/563 0 1 0 0 1 1 0 0 1 0 0 0 1 1 1 0 0 0 0 0 1 1 1 1 0 0 0 0 0 0 0
program/562 0 1 0 0 1 1 0 0 1 0 0 0 1 1 1 1 0 1 0 1 1 1 1 1 0 0 0 0 0 0 0
program/541 0 1 0 0 0 1 0 0 0 0 0 0 1 1 1 1 0 1 0 1 0 1 0 1 0 0 0 0 0 0 0
program/12 1 1 1 1 1 1 1 1 1 1 1 1 1 1 1 1 1 1 1 1 1 1 1 1 1 0 0 0 0 0 0
program/13 1 1 1 1 1 1 1 1 1 1 1 1 1 1 1 1 1 1 1 1 1 1 1 1 1 0 0 0 0 0 0
program/11 1 1 1 1 1 1 1 1 1 1 1 0 0 0 0 1 0 1 1 1 1 1 0 1 1 0 0 0 0 0 0
program/16 1 1 1 1 1 1 1 1 1 1 1 0 1 1 1 1 0 1 1 1 1 1 1 1 1 0 0 0 0 0 0
program/17 1 1 1 1 1 1 1 1 1 1 1 1 1 1 1 1 1 1 1 1 1 1 1 1 1 0 0 0 0 0 0
program/14 1 1 1 1 1 1 1 1 1 1 1 1 1 1 1 1 1 1 1 1 1 1 1 1 1 0 0 0 0 0 0
program/15 1 1 1 1 1 1 1 1 1 1 1 1 1 1 1 1 0 1 1 1 1 1 1 1 1 0 0 0 0 0 0
program/18 1 1 1 1 1 1 1 1 1 1 1 1 1 1 1 1 1 1 1 1 1 1 1 1 1 0 0 0 0 0 0
program/19 1 1 1 1 1 1 1 1 1 1 1 1 1 1 1 1 1 1 1 1 1 1 1 1 1 0 0 0 0 0 0
program/301 0 1 0 0 1 1 0 0 1 0 0 1 1 1 1 1 1 1 1 1 1 1 1 1 1 0 0 0 0 0 0
program/300 0 1 0 0 1 1 0 0 1 0 0 1 1 1 1 1 1 1 1 1 1 1 1 1 1 0 0 0 0 0 0
program/303 1 1 1 1 1 1 0 1 1 0 1 1 1 1 1 1 1 1 1 1 1 1 1 1 1 0 0 0 0 0 0
program/302 1 1 1 1 1 1 0 1 1 0 1 0 1 1 1 1 0 1 0 1 1 1 1 1 0 0 0 0 0 0 0
program/305 0 1 0 0 1 1 0 0 1 0 0 1 1 1 1 1 1 1 1 1 1 1 1 1 1 0 0 0 0 0 0
program/304 0 1 0 0 1 1 0 0 1 0 0 1 1 1 1 1 1 1 1 1 1 1 1 1 1 0 0 0 0 0 0
program/307 1 1 1 1 1 1 0 1 1 0 1 1 1 1 1 1 1 1 1 1 1 1 1 1 1 0 0 0 0 0 0
program/306 1 1 1 1 1 1 0 1 1 0 1 1 1 1 1 1 1 1 1 1 1 1 1 1 1 0 0 0 0 0 0
program/309 1 1 1 1 1 1 0 1 1 0 1 0 1 1 1 1 0 1 0 1 1 1 1 1 0 0 0 0 0 0 0
program/308 0 1 0 0 1 1 0 0 1 0 0 1 1 1 1 1 1 1 1 1 1 1 1 1 1 0 0 0 0 0 0
program/90 0 1 0 0 1 1 0 0 0 1 0 1 1 0 1 1 0 1 0 1 1 1 1 1 0 0 0 0 0 0 0
program/143 0 1 0 0 1 1 1 0 1 1 0 0 1 1 1 1 0 1 0 1 1 1 1 1 0 0 0 0 0 0 0
program/142 0 1 0 0 1 1 1 0 1 1 0 1 1 1 1 1 1 1 1 1 1 1 1 1 1 0 0 0 0 0 0
program/67 0 1 0 0 1 1 1 0 1 1 0 1 1 1 1 1 1 1 1 1 1 1 1 1 1 0 0 0 0 0 0
program/66 0 1 0 0 1 1 0 0 1 0 0 1 1 1 1 1 1 1 1 1 1 1 1 1 1 0 0 0 0 0 0
program/65 0 1 0 0 1 1 0 0 1 0 0 1 1 1 1 1 1 1 1 1 1 1 1 1 1 0 0 0 0 0 0
program/64 1 1 1 1 1 1 1 1 1 1 1 1 1 1 1 1 1 1 1 1 1 1 1 1 1 0 0 0 0 0 0
program/63 1 1 1 1 1 1 0 1 1 0 1 1 1 1 1 1 1 1 1 1 1 1 1 1 1 0 0 0 0 0 0
program/94 0 0 0 0 0 1 1 0 1 1 0 0 1 1 1 1 1 1 1 1 1 1 1 1 1 0 0 0 0 0 0
program/61 1 1 1 1 1 1 1 1 1 1 1 1 1 1 1 1 1 1 1 1 1 1 1 1 1 0 0 0 0 0 0
program/60 1 1 1 1 1 1 0 1 1 0 1 1 1 1 1 1 1 1 1 1 1 1 1 1 1 0 0 0 0 0 0
program/140 0 1 0 0 1 1 1 0 1 1 0 0 1 1 1 1 0 1 0 1 1 1 1 1 0 0 0 0 0 0 0
program/69 0 1 0 0 1 1 1 0 1 1 0 1 1 1 1 1 1 1 1 1 1 1 1 1 1 0 0 0 0 0 0
program/741 0 1 0 0 0 1 0 0 0 0 0 1 1 1 1 1 1 1 0 1 1 1 1 1 0 0 0 0 0 0 0
program/740 0 1 0 0 0 1 0 0 0 0 0 0 1 1 1 1 0 1 0 1 1 1 1 1 0 0 0 0 0 0 0
program/668 1 1 1 1 1 1 0 1 1 0 1 0 1 1 1 1 0 1 1 1 1 1 1 1 1 0 0 0 0 0 0
program/742 0 1 0 0 0 1 0 0 0 0 0 1 1 1 1 1 1 1 0 1 1 1 1 1 0 0 0 0 0 0 0
program/745 0 1 0 0 0 1 0 0 0 0 0 0 1 1 1 1 0 1 0 1 1 1 1 1 0 0 0 0 0 0 0
program/744 0 1 0 0 0 1 0 0 0 0 0 0 1 1 1 1 0 1 0 1 1 1 1 1 0 0 0 0 0 0 0
program/747 0 1 0 0 0 1 0 0 0 0 0 0 1 1 1 1 0 1 0 1 1 1 1 1 0 0 0 0 0 0 0
program/746 0 1 0 0 0 1 0 0 0 0 0 0 1 1 1 1 0 1 0 1 1 1 1 1 0 0 0 0 0 0 0
program/662 1 1 1 1 1 1 0 1 1 0 1 1 1 1 1 1 1 1 1 1 1 1 1 1 1 0 0 0 0 0 0
program/748 0 1 0 0 0 1 0 0 0 0 0 0 1 1 1 1 0 1 0 1 1 1 1 1 0 0 0 0 0 0 0
program/660 0 1 0 0 1 1 0 0 1 0 0 1 1 1 1 1 1 1 1 1 1 1 1 1 1 0 0 0 0 0 0
program/661 0 1 0 0 1 1 0 0 1 0 0 1 1 1 1 1 1 1 1 1 1 1 1 1 1 0 0 0 0 0 0
program/666 1 1 1 1 1 1 0 1 1 0 1 0 1 1 1 1 0 1 1 1 1 1 1 1 1 0 0 0 0 0 0
program/570 0 1 0 0 1 1 0 0 1 0 0 0 1 1 1 0 0 0 0 0 1 1 1 1 0 0 0 0 0 0 0
program/664 0 1 0 0 0 1 0 0 0 0 0 0 1 1 1 1 0 1 0 1 1 1 1 1 0 0 0 0 0 0 0
program/571 0 0 0 0 0 1 0 0 0 0 0 0 1 1 1 1 0 1 0 1 1 1 1 1 0 0 0 0 0 0 0
program/158 0 0 0 0 0 1 1 0 1 1 0 0 1 1 1 1 0 1 0 1 1 1 1 1 0 0 0 0 0 0 0
program/159 0 0 0 0 0 1 1 0 1 1 0 0 1 1 1 1 0 1 0 1 1 1 1 1 0 0 0 0 0 0 0
program/154 0 1 0 0 1 1 1 0 1 1 0 0 1 1 1 1 0 1 0 1 1 1 1 1 0 0 0 0 0 0 0
program/155 0 1 0 0 1 1 1 0 1 1 0 0 1 1 1 1 0 1 0 1 1 1 1 1 0 0 0 0 0 0 0
program/156 0 0 0 0 0 1 1 0 1 1 0 0 1 1 1 1 0 1 0 1 1 1 1 1 0 0 0 0 0 0 0
program/157 0 1 0 0 1 1 1 0 1 1 0 0 1 1 1 1 0 1 0 1 1 1 1 1 0 0 0 0 0 0 0
program/150 0 1 0 0 1 1 1 0 1 1 0 0 1 1 1 0 0 1 0 0 0 1 1 1 0 0 0 0 0 0 0
program/151 0 1 0 0 1 1 1 0 1 1 0 0 0 0 0 0 0 0 0 0 0 0 0 0 0 0 0 0 0 0 0
program/152 0 1 0 0 1 1 1 0 1 1 0 1 1 1 1 1 1 1 1 1 1 1 1 1 1 0 0 0 0 0 0
program/153 0 1 0 0 1 1 1 0 1 1 0 0 1 1 1 1 0 1 0 1 1 1 1 1 0 0 0 0 0 0 0
program/398 1 1 1 1 1 1 0 1 1 0 1 1 1 1 1 1 1 1 1 1 1 1 1 1 1 0 0 0 0 0 0
program/399 1 1 1 1 1 1 0 1 1 0 1 1 1 1 1 1 1 1 1 1 1 1 1 1 1 0 0 0 0 0 0
program/396 1 1 1 1 1 1 0 1 1 0 1 0 0 0 0 0 0 0 0 0 0 0 0 0 0 0 0 0 0 0 0
program/397 1 1 1 1 1 1 0 1 1 0 1 1 1 1 1 1 1 1 1 1 1 1 1 1 1 0 0 0 0 0 0
program/394 1 1 1 1 1 1 0 1 1 0 1 1 1 1 1 1 1 1 1 1 1 1 1 1 1 0 0 0 0 0 0
program/395 1 1 1 1 1 1 0 1 1 0 1 1 1 1 1 1 1 1 1 1 1 1 1 1 1 0 0 0 0 0 0
program/392 0 1 0 0 1 1 0 0 1 0 0 1 1 1 1 1 1 1 1 1 1 1 1 1 1 0 0 0 0 0 0
program/390 1 1 1 1 1 1 0 1 1 0 1 1 1 1 1 1 1 1 1 1 1 1 1 1 1 0 0 0 0 0 0
program/391 1 1 1 1 1 1 0 1 1 0 1 1 1 1 1 1 1 1 1 1 1 1 1 1 1 0 0 0 0 0 0
program/578 0 0 0 0 0 1 0 0 0 0 0 0 1 1 1 1 0 1 0 1 1 1 1 1 0 0 0 0 0 0 0
program/579 0 1 0 0 1 1 0 0 1 0 0 1 1 1 1 1 1 1 1 1 1 1 1 1 1 0 0 0 0 0 0
program/598 0 0 0 0 0 1 0 0 0 0 0 0 1 1 1 1 0 1 0 1 1 1 1 1 0 0 0 0 0 0 0
program/599 0 1 0 0 1 1 0 0 1 0 0 1 1 1 1 1 1 1 1 1 1 1 1 1 1 0 0 0 0 0 0
program/594 0 1 0 0 1 1 0 0 1 0 0 1 1 1 1 1 1 1 1 1 1 1 1 1 1 0 0 0 0 0 0
program/595 0 1 0 0 1 1 0 0 1 0 0 1 1 1 1 1 1 1 1 1 1 1 1 1 1 0 0 0 0 0 0
program/596 0 1 0 0 1 1 0 0 1 0 0 1 1 1 1 1 0 1 1 1 1 1 1 1 1 0 0 0 0 0 0
program/597 0 0 0 0 0 1 0 0 0 0 0 0 1 1 1 1 0 1 0 1 1 1 1 1 0 0 0 0 0 0 0
program/84 0 1 0 0 1 1 1 0 1 1 0 1 1 1 1 1 1 1 1 1 1 1 1 1 1 0 0 0 0 0 0
program/591 0 0 0 0 0 1 0 0 0 0 0 0 1 1 1 1 0 1 0 1 1 1 1 1 0 0 0 0 0 0 0
program/592 0 0 0 0 0 1 0 0 0 0 0 0 1 1 1 1 0 1 0 1 1 1 1 1 0 0 0 0 0 0 0
program/593 0 1 0 0 1 1 0 0 1 0 0 1 1 1 1 1 0 1 1 1 1 1 1 1 1 0 0 0 0 0 0
program/521 1 0 1 1 0 0 0 1 0 0 1 0 1 1 1 0 0 0 0 0 1 1 1 1 0 0 0 0 0 0 0
program/520 1 1 1 1 1 1 0 1 1 0 1 0 1 1 1 1 0 1 0 1 1 1 1 1 0 0 0 0 0 0 0
program/697 0 1 0 0 1 1 0 0 1 0 0 0 1 1 1 1 0 1 1 1 1 1 1 1 1 0 0 0 0 0 0
program/696 0 1 0 0 1 1 0 0 1 0 0 1 1 1 1 1 1 1 1 1 1 1 1 1 1 0 0 0 0 0 0
program/695 1 1 1 1 1 1 0 1 1 0 1 1 1 1 1 1 1 1 1 1 1 1 1 1 1 0 0 0 0 0 0
program/694 1 1 1 1 0 1 0 1 0 0 1 0 1 1 1 1 0 1 0 1 1 1 1 1 0 0 0 0 0 0 0
program/693 0 0 0 0 0 0 0 0 0 0 0 0 1 1 1 0 0 1 0 0 0 1 1 1 0 0 0 0 0 0 0
program/692 0 1 0 0 1 1 0 0 1 0 0 0 1 1 1 1 1 1 1 1 1 1 1 1 1 0 0 0 0 0 0
program/691 1 1 1 1 1 1 0 1 1 0 1 1 1 1 1 1 1 1 1 1 1 1 1 1 1 0 0 0 0 0 0
program/690 1 1 1 1 1 1 0 1 1 0 1 1 1 1 1 1 1 1 1 1 1 1 1 1 1 0 0 0 0 0 0
program/699 1 1 1 1 1 1 0 1 1 0 1 1 1 1 1 1 1 1 1 1 1 1 1 1 1 0 0 0 0 0 0
program/698 0 1 0 0 1 1 0 0 1 0 0 0 1 1 1 1 0 1 0 1 1 1 1 1 0 0 0 0 0 0 0
program/529 0 1 0 0 0 1 0 0 0 0 0 0 1 1 1 1 0 1 0 1 0 1 0 1 0 0 0 0 0 0 0
program/281 1 1 1 1 1 1 0 1 1 0 1 1 1 1 1 1 1 1 1 1 1 1 1 1 1 0 0 0 0 0 0
program/282 1 1 1 1 1 1 0 1 1 0 1 1 1 1 1 1 1 1 1 1 1 1 1 1 1 0 0 0 0 0 0
program/283 1 1 1 1 1 1 0 1 1 0 1 1 1 1 1 1 1 1 1 1 1 1 1 1 1 0 0 0 0 0 0
program/285 1 1 1 1 1 1 0 1 1 0 1 1 1 1 1 1 1 1 1 1 1 1 1 1 1 0 0 0 0 0 0
program/286 1 1 1 1 1 1 0 1 1 0 1 1 1 1 1 1 1 1 1 1 1 1 1 1 1 0 0 0 0 0 0
program/287 1 1 1 1 1 1 0 1 1 0 1 1 1 1 1 1 1 1 1 1 1 1 1 1 1 0 0 0 0 0 0
program/288 1 1 1 1 1 1 0 1 1 0 1 0 1 1 1 1 1 1 1 1 1 1 1 1 0 0 0 0 0 0 0
program/289 1 1 1 1 1 1 0 1 1 0 1 1 1 1 1 1 1 1 1 1 1 1 1 1 1 0 0 0 0 0 0
program/523 1 1 1 1 1 1 0 1 1 0 1 0 1 1 1 1 0 1 0 1 1 1 1 1 0 0 0 0 0 0 0
program/522 0 1 0 0 0 1 0 0 0 0 0 0 1 1 1 1 0 1 0 1 0 1 0 1 0 0 0 0 0 0 0
program/525 1 1 1 1 0 1 0 1 0 0 1 0 1 1 1 1 0 1 0 1 0 1 0 1 0 0 0 0 0 0 0
program/524 0 1 0 0 1 1 0 0 1 0 0 0 1 1 1 1 0 1 0 1 1 1 1 1 0 0 0 0 0 0 0
program/527 1 1 1 1 1 1 0 1 1 0 1 0 1 1 1 1 0 1 0 1 1 1 1 1 0 0 0 0 0 0 0
program/526 0 1 0 0 1 1 0 0 1 0 0 0 1 1 1 1 0 1 0 1 1 1 1 1 0 0 0 0 0 0 0
program/442 1 1 1 1 1 1 0 1 1 0 1 1 1 1 1 1 1 1 1 1 1 1 1 1 1 0 0 0 0 0 0
program/443 1 1 1 1 1 1 0 1 1 0 1 1 1 1 1 1 1 1 1 1 1 1 1 1 1 0 0 0 0 0 0
program/440 1 1 1 1 1 1 0 1 1 0 1 1 1 1 1 1 1 1 1 1 1 1 1 1 1 0 0 0 0 0 0
program/441 1 1 1 1 1 1 0 1 1 0 1 1 1 1 1 1 1 1 1 1 1 1 1 1 1 0 0 0 0 0 0
program/446 1 1 1 1 1 1 0 1 1 0 1 1 1 1 1 1 1 1 1 1 1 1 1 1 1 0 0 0 0 0 0
program/447 1 1 1 1 1 1 0 1 1 0 1 1 1 1 1 1 1 1 1 1 1 1 1 1 1 0 0 0 0 0 0
program/444 1 1 1 1 1 1 0 1 1 0 1 1 1 1 1 1 1 1 1 1 1 1 1 1 1 0 0 0 0 0 0
program/445 1 1 1 1 1 1 0 1 1 0 1 1 1 1 1 1 1 1 1 1 1 1 1 1 1 0 0 0 0 0 0
program/448 1 1 1 1 1 1 0 1 1 0 1 1 1 1 1 1 1 1 1 1 1 1 1 1 1 0 0 0 0 0 0
program/449 1 1 1 1 1 1 0 1 1 0 1 1 1 1 1 1 1 1 1 1 1 1 1 1 1 0 0 0 0 0 0
program/239 1 1 1 1 1 1 0 1 1 0 1 1 1 1 1 1 1 1 1 1 1 1 1 1 1 0 0 0 0 0 0
program/238 1 1 1 1 1 1 0 1 1 0 1 1 1 1 1 1 1 1 1 1 1 1 1 1 1 0 0 0 0 0 0
program/235 1 1 1 1 1 1 0 1 1 0 1 1 1 1 1 1 1 1 1 1 1 1 1 1 1 0 0 0 0 0 0
program/234 1 1 1 1 1 1 0 1 1 0 1 1 1 1 1 1 1 1 1 1 1 1 1 1 1 0 0 0 0 0 0
program/237 1 1 1 1 1 1 0 1 1 0 1 1 1 1 1 1 1 1 1 1 1 1 1 1 1 0 0 0 0 0 0
program/236 1 1 1 1 1 1 0 1 1 0 1 1 1 1 1 1 1 1 1 1 1 1 1 1 1 0 0 0 0 0 0
program/231 1 1 1 1 1 1 0 1 1 0 1 1 1 1 1 1 1 1 1 1 1 1 1 1 1 0 0 0 0 0 0
program/230 1 1 1 1 1 1 0 1 1 0 1 0 1 1 1 1 0 1 0 1 1 1 1 1 0 0 0 0 0 0 0
program/233 1 1 1 1 1 1 0 1 1 0 1 1 1 1 1 1 1 1 1 1 1 1 1 1 1 0 0 0 0 0 0
program/232 1 1 1 1 1 1 0 1 1 0 1 1 1 1 1 1 1 1 1 1 1 1 1 1 1 0 0 0 0 0 0
program/528 1 1 1 1 0 1 0 1 0 0 1 0 1 1 1 1 0 1 0 1 0 1 0 1 0 0 0 0 0 0 0
program/624 0 1 0 0 1 1 0 0 1 0 0 0 1 1 1 1 0 1 0 1 1 1 1 1 0 0 0 0 0 0 0
program/622 0 1 0 0 1 1 0 0 1 0 0 0 1 1 1 1 0 1 0 1 1 1 1 1 0 0 0 0 0 0 0
program/623 0 1 0 0 1 1 0 0 1 0 0 0 1 1 1 1 0 1 0 1 1 1 1 1 0 0 0 0 0 0 0
program/620 0 1 0 0 1 1 0 0 1 0 0 0 1 1 1 1 0 1 0 1 1 1 1 1 0 0 0 0 0 0 0
program/621 0 1 0 0 1 1 0 0 1 0 0 0 1 1 1 1 0 1 0 1 1 1 1 1 0 0 0 0 0 0 0
program/358 0 1 0 0 1 1 0 0 1 0 0 1 1 1 1 1 1 1 1 1 1 1 1 1 1 0 0 0 0 0 0
program/359 0 1 0 0 1 1 0 0 1 0 0 1 1 1 1 1 1 1 1 1 1 1 1 1 1 0 0 0 0 0 0
program/353 0 1 0 0 1 1 0 0 1 0 0 1 1 1 1 1 1 1 1 1 1 1 1 1 1 0 0 0 0 0 0
program/356 0 1 0 0 1 1 0 0 1 0 0 1 1 1 1 1 1 1 1 1 1 1 1 1 1 0 0 0 0 0 0
program/357 0 1 0 0 1 1 0 0 1 0 0 1 1 1 1 1 1 1 1 1 1 1 1 1 1 0 0 0 0 0 0
program/354 0 1 0 0 1 1 0 0 1 0 0 1 1 1 1 1 1 1 1 1 1 1 1 1 1 0 0 0 0 0 0
program/355 0 1 0 0 1 1 0 0 1 0 0 1 1 1 1 1 1 1 1 1 1 1 1 1 1 0 0 0 0 0 0
program/58 1 1 1 1 1 1 1 1 1 1 1 1 1 1 1 1 1 1 1 1 1 1 1 1 1 0 0 0 0 0 0
program/56 0 1 0 0 1 1 1 0 1 1 0 1 1 1 1 1 1 1 1 1 1 1 1 1 1 0 0 0 0 0 0
program/57 1 1 1 1 1 1 1 1 1 1 1 1 1 1 1 1 1 1 1 1 1 1 1 1 1 0 0 0 0 0 0
program/54 0 1 0 0 1 1 0 0 1 0 0 1 1 1 1 1 1 1 1 1 1 1 1 1 1 0 0 0 0 0 0
program/53 1 1 1 1 1 1 1 1 1 1 1 1 1 1 1 1 1 1 1 1 1 1 1 1 1 0 0 0 0 0 0
program/50 1 1 1 1 1 1 1 1 1 1 1 0 1 1 1 1 0 1 0 1 1 1 1 1 0 0 0 0 0 0 0
program/491 1 1 1 1 1 1 0 1 1 0 1 1 1 1 1 1 1 1 1 1 1 1 1 1 1 0 0 0 0 0 0
program/490 1 1 1 1 1 1 0 1 1 0 1 0 1 1 1 1 0 1 0 1 1 1 1 1 0 0 0 0 0 0 0
program/493 1 1 1 1 1 1 0 1 1 0 1 1 1 1 1 1 1 1 1 1 1 1 1 1 1 0 0 0 0 0 0
program/492 1 1 1 1 1 1 0 1 1 0 1 0 0 0 0 0 0 0 0 0 0 0 0 0 0 0 0 0 0 0 0
program/494 1 1 1 1 1 1 0 1 1 0 1 1 1 1 1 1 1 1 1 1 1 1 1 1 1 0 0 0 0 0 0
program/497 1 1 1 1 1 1 0 1 1 0 1 0 1 1 1 1 0 1 0 1 1 1 1 1 0 0 0 0 0 0 0
program/496 1 1 1 1 1 1 0 1 1 0 1 0 1 1 1 1 0 1 0 1 1 1 1 1 0 0 0 0 0 0 0
program/499 1 1 1 1 1 1 0 1 1 0 1 0 1 1 1 1 0 1 0 1 1 1 1 1 0 0 0 0 0 0 0
program/498 1 1 1 1 1 1 0 1 1 0 1 0 1 1 1 1 0 1 0 1 0 1 1 1 0 0 0 0 0 0 0
program/710 1 1 1 1 1 1 0 1 1 0 1 1 1 1 1 1 1 1 0 1 1 1 1 1 0 0 0 0 0 0 0
program/711 1 1 1 1 1 1 0 1 1 0 1 1 1 1 1 1 1 1 0 1 1 1 1 1 0 0 0 0 0 0 0
program/716 1 1 1 1 1 1 0 1 1 0 1 1 1 1 1 1 1 1 0 1 1 1 1 1 0 0 0 0 0 0 0
program/717 1 1 1 1 1 1 0 1 1 0 1 1 1 1 1 1 1 1 0 1 1 1 1 1 0 0 0 0 0 0 0
program/714 1 1 1 1 1 1 0 1 1 0 1 1 1 1 1 1 1 1 0 1 1 1 1 1 0 0 0 0 0 0 0
program/715 1 1 1 1 1 1 0 1 1 0 1 1 1 1 1 1 1 1 0 1 1 1 1 1 0 0 0 0 0 0 0
program/653 0 1 0 0 1 1 0 0 1 0 0 1 1 1 1 1 1 1 1 1 1 1 1 1 1 0 0 0 0 0 0
program/652 0 1 0 0 1 1 0 0 1 0 0 0 1 1 1 1 0 1 0 1 1 1 1 1 0 0 0 0 0 0 0
program/651 0 1 0 0 1 1 0 0 1 0 0 1 1 1 1 1 1 1 1 1 1 1 1 1 1 0 0 0 0 0 0
program/650 0 1 0 0 1 1 0 0 1 0 0 0 1 1 1 0 0 1 0 0 1 1 1 1 0 0 0 0 0 0 0
program/657 0 1 0 0 1 1 0 0 1 0 0 1 1 1 1 1 1 1 1 1 1 1 1 1 1 0 0 0 0 0 0
program/656 0 1 0 0 1 1 0 0 1 0 0 1 1 1 1 1 1 1 1 1 1 1 1 1 1 0 0 0 0 0 0
program/655 0 1 0 0 1 1 0 0 1 0 0 1 1 1 1 1 1 1 1 1 1 1 1 1 1 0 0 0 0 0 0
program/508 1 1 1 1 1 1 0 1 1 0 1 0 1 1 1 1 0 1 0 1 1 1 1 1 0 0 0 0 0 0 0
program/659 0 1 0 0 1 1 0 0 1 0 0 1 1 1 1 1 0 1 1 1 1 1 1 1 1 0 0 0 0 0 0
program/658 0 1 0 0 1 1 0 0 1 0 0 0 1 1 1 1 0 1 0 1 1 1 1 1 0 0 0 0 0 0 0
program/125 0 1 0 0 1 1 1 0 1 1 0 1 1 1 1 1 1 1 1 1 1 1 1 1 1 0 0 0 0 0 0
program/127 0 1 0 0 1 1 1 0 1 1 0 1 1 1 1 1 1 1 1 1 1 1 1 1 1 0 0 0 0 0 0
program/126 0 1 0 0 1 1 1 0 1 1 0 1 1 1 1 1 1 1 1 1 1 1 1 1 1 0 0 0 0 0 0
program/121 0 1 0 0 1 0 1 0 1 1 0 1 1 1 1 1 1 1 1 1 1 1 1 1 1 0 0 0 0 0 0
program/120 0 1 0 0 1 0 1 0 1 1 0 1 0 0 0 1 0 1 1 1 1 0 0 0 1 0 0 0 0 0 0
program/123 0 1 0 0 1 1 1 0 1 1 0 1 1 1 1 1 1 1 1 1 1 1 1 1 1 0 0 0 0 0 0
program/122 0 1 0 0 1 1 1 0 1 1 0 1 1 1 1 1 1 1 1 1 1 1 1 1 1 0 0 0 0 0 0
program/129 0 1 0 0 1 1 1 0 1 1 0 0 1 1 1 1 0 1 0 1 1 1 1 1 0 0 0 0 0 0 0
program/128 0 1 0 0 1 1 1 0 1 1 0 1 1 1 1 1 1 1 1 1 1 1 1 1 1 0 0 0 0 0 0
program/408 0 1 0 0 1 1 0 0 1 0 0 1 1 1 1 1 1 1 1 1 1 1 1 1 1 0 0 0 0 0 0
program/409 1 1 1 1 1 1 0 1 1 0 1 1 1 1 1 1 1 1 1 1 1 1 1 1 1 0 0 0 0 0 0
program/406 1 1 1 1 1 1 0 1 1 0 1 1 1 1 1 1 1 1 1 1 1 1 1 1 1 0 0 0 0 0 0
program/404 1 1 1 1 1 1 0 1 1 0 1 1 1 1 1 1 1 1 1 1 1 1 1 1 1 0 0 0 0 0 0
program/405 1 1 1 1 1 1 0 1 1 0 1 0 0 0 0 0 0 0 0 0 0 0 0 0 0 0 0 0 0 0 0
program/402 1 1 1 1 1 1 0 1 1 0 1 0 0 0 0 0 0 0 0 0 0 0 0 0 0 0 0 0 0 0 0
program/403 1 1 1 1 1 1 0 1 1 0 1 1 1 1 1 1 1 1 1 1 1 1 1 1 1 0 0 0 0 0 0
program/400 1 1 1 1 1 1 0 1 1 0 1 1 1 1 1 1 1 1 1 1 1 1 1 1 1 0 0 0 0 0 0
program/401 1 1 1 1 1 1 0 1 1 0 1 0 0 0 0 0 0 0 0 0 0 0 0 0 0 0 0 0 0 0 0
program/704 0 1 0 0 0 1 0 0 0 0 0 0 1 1 1 1 0 1 0 1 1 1 1 1 0 0 0 0 0 0 0
program/279 1 1 1 1 1 1 0 1 1 0 1 1 1 1 1 1 1 1 1 1 1 1 1 1 1 0 0 0 0 0 0
program/278 1 1 1 1 1 1 0 1 1 0 1 1 1 1 1 1 1 1 1 1 1 1 1 1 1 0 0 0 0 0 0
program/271 1 1 1 1 1 1 0 1 1 0 1 1 1 1 1 1 1 1 1 1 1 1 1 1 1 0 0 0 0 0 0
program/270 1 1 1 1 1 1 0 1 1 0 1 1 1 1 1 1 1 1 1 1 1 1 1 1 1 0 0 0 0 0 0
program/273 1 1 1 1 1 1 0 1 1 0 1 0 0 0 0 0 0 0 0 0 0 0 0 0 0 0 0 0 0 0 0
program/275 1 1 1 1 1 1 0 1 1 0 1 1 1 1 1 1 1 1 1 1 1 1 1 1 1 0 0 0 0 0 0
program/274 1 1 1 1 1 1 0 1 1 0 1 1 1 1 1 1 1 1 1 1 1 1 1 1 1 0 0 0 0 0 0
program/277 1 1 1 1 1 1 0 1 1 0 1 1 1 1 1 1 1 1 1 1 1 1 1 1 1 0 0 0 0 0 0
program/276 1 1 1 1 1 1 0 1 1 0 1 0 0 0 0 0 0 0 0 0 0 0 0 0 0 0 0 0 0 0 0
program/572 0 0 0 0 0 1 0 0 0 0 0 0 1 1 1 1 0 1 0 1 1 1 1 1 0 0 0 0 0 0 0
program/573 0 1 0 0 1 1 0 0 1 0 0 1 1 1 1 1 1 1 1 1 1 1 1 1 1 0 0 0 0 0 0
program/479 1 0 1 1 0 1 0 1 1 0 1 0 1 1 1 1 0 1 0 1 1 1 1 1 0 0 0 0 0 0 0
program/478 1 1 1 1 1 1 0 1 1 0 1 1 1 1 1 1 1 1 1 1 1 1 1 1 1 0 0 0 0 0 0
program/576 0 1 0 0 1 1 0 0 1 0 0 0 1 1 1 1 0 1 0 1 1 1 1 1 0 0 0 0 0 0 0
program/577 0 1 0 0 1 1 0 0 1 0 0 0 1 1 1 0 0 0 0 0 1 1 1 1 0 0 0 0 0 0 0
program/574 0 1 0 0 1 1 0 0 1 0 0 1 1 1 1 1 0 1 1 1 1 1 1 1 1 0 0 0 0 0 0
program/575 0 1 0 0 1 1 0 0 1 0 0 1 1 1 1 1 1 1 1 1 1 1 1 1 1 0 0 0 0 0 0
program/473 1 0 1 1 0 1 0 1 1 0 1 0 1 1 1 1 0 1 0 1 1 1 1 1 0 0 0 0 0 0 0
program/472 1 1 1 1 1 1 0 1 1 0 1 1 1 1 1 1 1 1 1 1 1 1 1 1 1 0 0 0 0 0 0
program/471 1 0 1 1 0 0 0 1 0 0 1 0 1 1 1 0 0 1 0 0 1 1 1 1 0 0 0 0 0 0 0
program/470 1 1 1 1 1 1 0 1 1 0 1 1 1 1 1 1 1 1 1 1 1 1 1 1 1 0 0 0 0 0 0
program/477 1 1 1 1 1 1 0 1 1 0 1 1 1 1 1 1 1 1 1 1 1 1 1 1 1 0 0 0 0 0 0
program/476 1 0 1 1 0 1 0 1 1 0 1 0 1 1 1 1 0 1 0 1 1 1 1 1 0 0 0 0 0 0 0
program/475 1 1 1 1 1 1 0 1 1 0 1 1 1 1 1 1 1 1 1 1 1 1 1 1 1 0 0 0 0 0 0
program/474 1 1 1 1 1 1 0 1 1 0 1 1 1 1 1 1 1 1 1 1 1 1 1 1 1 0 0 0 0 0 0
program/679 1 1 1 1 0 1 0 1 0 0 1 1 1 1 1 1 1 1 0 1 1 1 1 1 0 0 0 0 0 0 0
program/316 0 1 0 0 1 1 0 0 1 0 0 1 1 1 1 1 1 1 1 1 1 1 1 1 1 0 0 0 0 0 0
program/317 0 1 0 0 1 1 0 0 1 0 0 1 1 1 1 1 1 1 1 1 1 1 1 1 1 0 0 0 0 0 0
program/314 1 1 1 1 1 1 0 1 1 0 1 1 1 1 1 1 1 1 1 1 1 1 1 1 1 0 0 0 0 0 0
program/315 0 1 0 0 1 1 0 0 1 0 0 1 1 1 1 1 1 1 1 1 1 1 1 1 1 0 0 0 0 0 0
program/313 1 1 1 1 1 1 0 1 1 0 1 0 1 1 1 1 0 1 0 1 1 1 1 1 0 0 0 0 0 0 0
program/310 1 1 1 1 1 1 0 1 1 0 1 0 1 1 1 1 0 1 0 1 1 1 1 1 0 0 0 0 0 0 0
program/311 0 1 0 0 1 1 0 0 1 0 0 1 1 1 1 1 1 1 1 1 1 1 1 1 1 0 0 0 0 0 0
program/760 0 1 0 0 0 1 0 0 0 0 0 0 1 1 1 1 0 1 0 1 1 1 1 1 0 0 0 0 0 0 0
program/318 1 1 1 1 1 1 0 1 1 0 1 0 1 1 1 1 0 1 0 1 1 1 1 1 0 0 0 0 0 0 0
program/319 1 1 1 1 1 1 0 1 1 0 1 1 1 1 1 1 1 1 1 1 1 1 1 1 1 0 0 0 0 0 0
program/642 0 1 0 0 1 1 0 0 1 0 0 1 1 1 1 1 0 1 1 1 1 1 1 1 1 0 0 0 0 0 0
program/643 0 1 0 0 1 1 0 0 1 0 0 0 1 1 1 1 0 1 0 1 1 1 1 1 0 0 0 0 0 0 0
