ktestSM MFI_KLEE_TOPDIR_TEST_TEMPLATE.sh-out/klee-out-0/test000001.ktest MFI_KLEE_TOPDIR_TEST_TEMPLATE.sh-out/klee-out-0/test000006.ktest MFI_KLEE_TOPDIR_TEST_TEMPLATE.sh-out/klee-out-0/test000002.ktest MFI_KLEE_TOPDIR_TEST_TEMPLATE.sh-out/klee-out-0/test000007.ktest MFI_KLEE_TOPDIR_TEST_TEMPLATE.sh-out/klee-out-0/test000009.ktest MFI_KLEE_TOPDIR_TEST_TEMPLATE.sh-out/klee-out-0/test000011.ktest MFI_KLEE_TOPDIR_TEST_TEMPLATE.sh-out/klee-out-0/test000013.ktest MFI_KLEE_TOPDIR_TEST_TEMPLATE.sh-out/klee-out-0/test000003.ktest MFI_KLEE_TOPDIR_TEST_TEMPLATE.sh-out/klee-out-0/test000005.ktest MFI_KLEE_TOPDIR_TEST_TEMPLATE.sh-out/klee-out-0/test000004.ktest MFI_KLEE_TOPDIR_TEST_TEMPLATE.sh-out/klee-out-0/test000012.ktest MFI_KLEE_TOPDIR_TEST_TEMPLATE.sh-out/klee-out-0/test000008.ktest MFI_KLEE_TOPDIR_TEST_TEMPLATE.sh-out/klee-out-0/test000010.ktest heldout-input-pos1-out/Dev-out-0/devtest.ktest heldout-input-pos10-out/Dev-out-0/devtest.ktest heldout-input-pos11-out/Dev-out-0/devtest.ktest heldout-input-pos12-out/Dev-out-0/devtest.ktest heldout-input-pos13-out/Dev-out-0/devtest.ktest heldout-input-pos14-out/Dev-out-0/devtest.ktest heldout-input-pos15-out/Dev-out-0/devtest.ktest heldout-input-pos16-out/Dev-out-0/devtest.ktest heldout-input-pos17-out/Dev-out-0/devtest.ktest heldout-input-pos18-out/Dev-out-0/devtest.ktest heldout-input-pos19-out/Dev-out-0/devtest.ktest heldout-input-pos2-out/Dev-out-0/devtest.ktest heldout-input-pos3-out/Dev-out-0/devtest.ktest heldout-input-pos4-out/Dev-out-0/devtest.ktest heldout-input-pos5-out/Dev-out-0/devtest.ktest heldout-input-pos6-out/Dev-out-0/devtest.ktest heldout-input-pos7-out/Dev-out-0/devtest.ktest heldout-input-pos8-out/Dev-out-0/devtest.ktest heldout-input-pos9-out/Dev-out-0/devtest.ktest input-neg1-out/Dev-out-0/devtest.ktest input-pos1-out/Dev-out-0/devtest.ktest input-pos2-out/Dev-out-0/devtest.ktest
program/34 1 1 1 1 1 0 1 1 1 1 1 0 1 1 1 1 1 1 1 1 1 1 1 1 1 1 1 1 1 1 1 1 1 0 0
program/35 0 0 1 1 0 1 1 1 1 0 0 0 0 0 0 0 0 0 0 0 0 0 0 0 0 0 0 0 0 0 0 0 0 0 0
program/36 0 0 1 1 0 0 1 1 1 0 0 0 0 0 0 0 0 0 0 0 0 0 0 0 0 0 0 0 0 0 0 0 0 0 0
program/37 0 0 1 1 0 0 1 1 1 0 0 0 0 0 0 0 0 0 0 0 0 0 0 0 0 0 0 0 0 0 0 0 0 0 0
program/30 0 1 1 1 0 0 1 1 1 0 0 0 0 1 1 1 1 1 1 0 1 1 0 1 0 0 0 1 1 1 0 1 0 0 0
program/31 1 1 1 1 1 0 1 1 1 1 1 1 1 1 1 1 1 1 1 1 1 1 1 1 1 1 1 1 1 1 1 1 1 0 0
program/32 1 0 1 1 0 0 1 1 1 1 1 0 0 1 1 1 0 1 1 0 1 1 0 0 0 1 0 1 1 1 1 1 1 0 0
program/33 0 0 1 1 1 0 1 1 1 1 0 0 0 1 1 1 0 1 1 0 0 1 0 0 0 1 0 1 1 1 1 1 1 0 0
program/349 1 1 1 1 1 1 1 1 1 1 1 1 1 1 1 1 1 1 1 1 1 1 1 1 1 1 1 1 1 1 1 1 1 0 0
program/319 0 0 0 0 0 0 1 0 0 0 0 0 0 1 1 1 0 1 1 0 0 1 0 0 0 0 0 1 1 1 1 1 0 0 0
program/287 0 0 0 0 0 0 1 0 0 0 0 0 0 1 1 1 0 1 1 0 0 1 0 0 0 0 0 1 1 1 1 1 0 0 0
program/38 0 0 1 1 1 0 1 1 1 0 0 1 0 0 0 0 0 0 0 0 0 0 0 0 0 0 0 0 0 0 0 0 0 0 0
program/39 1 0 1 1 0 1 1 1 1 0 0 0 0 0 0 0 0 0 0 0 0 0 0 0 0 0 0 0 0 0 0 0 0 0 0
program/348 1 1 1 1 1 1 1 1 1 1 1 1 1 1 1 1 1 1 1 1 1 1 1 1 1 1 1 1 1 1 1 1 1 0 0
program/161 1 1 1 1 1 1 1 1 1 1 1 1 1 1 1 1 1 1 1 1 1 1 1 1 1 1 1 1 1 1 1 1 1 0 0
program/160 1 1 1 1 1 1 1 1 1 1 1 1 1 1 1 1 1 1 1 1 1 1 1 1 1 1 1 1 1 1 1 1 1 0 0
program/163 1 1 1 1 1 1 1 1 1 1 1 1 1 1 1 1 1 1 1 1 1 1 1 1 1 1 1 1 1 1 1 1 1 0 0
program/162 1 1 1 1 1 1 1 1 1 1 1 1 1 1 1 1 1 1 1 1 1 1 1 1 1 1 1 1 1 1 1 1 1 0 0
program/165 1 1 1 1 1 1 1 1 1 1 1 1 1 1 1 1 1 1 1 1 1 1 1 1 1 1 1 1 1 1 1 1 1 0 0
program/164 1 1 1 1 1 1 1 1 1 1 1 1 1 1 1 1 1 1 1 1 1 1 1 1 1 1 1 1 1 1 1 1 1 0 0
program/167 1 1 1 1 1 1 1 1 1 1 1 1 1 1 1 1 1 1 1 1 1 1 1 1 1 1 1 1 1 1 1 1 1 0 0
program/166 1 1 1 1 1 1 1 1 1 1 1 1 1 1 1 1 1 1 1 1 1 1 1 1 1 1 1 1 1 1 1 1 1 0 0
program/169 1 1 1 1 1 1 1 1 1 1 1 1 1 1 1 1 1 1 1 1 1 1 1 1 1 1 1 1 1 1 1 1 1 0 0
program/168 1 1 1 1 1 1 1 1 1 1 1 1 1 1 1 1 1 1 1 1 1 1 1 1 1 1 1 1 1 1 1 1 1 0 0
program/219 1 1 1 1 1 1 1 1 1 1 1 1 1 1 1 1 1 1 1 1 1 1 1 1 1 1 1 1 1 1 1 1 1 0 0
program/218 0 0 0 0 0 0 0 0 0 1 0 0 0 0 0 0 0 0 0 0 0 0 0 0 0 1 0 0 0 0 0 0 1 0 0
program/306 0 0 0 0 0 0 1 0 0 0 0 0 0 1 1 1 0 1 1 0 0 1 0 0 0 0 0 1 1 1 1 1 0 0 0
program/212 1 1 1 1 1 1 1 1 1 1 1 1 1 1 1 1 1 1 1 1 1 1 1 1 1 1 1 1 1 1 1 1 1 0 0
program/211 1 1 1 1 1 1 1 1 1 1 1 1 1 1 1 1 1 1 1 1 1 1 1 1 1 1 1 1 1 1 1 1 1 0 0
program/189 1 1 1 1 1 0 1 1 1 0 1 0 1 1 1 1 0 1 1 0 0 1 1 0 0 0 0 0 1 1 1 1 0 0 0
program/215 0 0 0 0 0 0 0 0 0 1 0 0 0 0 0 0 0 0 0 0 0 0 0 0 0 1 0 0 0 0 0 0 1 0 0
program/214 0 0 1 1 0 0 1 1 1 1 0 0 0 1 1 1 0 1 1 0 0 1 0 0 0 1 0 1 1 1 1 1 1 0 0
program/188 1 1 1 1 1 1 1 1 1 1 1 1 1 1 1 1 1 1 1 1 1 1 1 1 1 1 1 1 1 1 1 1 1 0 0
program/332 0 0 0 0 0 0 1 0 0 0 0 0 0 1 1 1 0 1 1 0 0 1 0 0 0 0 0 1 1 1 1 1 0 0 0
program/281 0 0 0 0 0 0 1 0 0 0 0 0 0 1 1 1 0 1 1 0 0 1 0 0 0 0 0 1 1 1 1 1 0 0 0
program/333 0 0 0 0 0 0 1 0 0 0 0 0 0 1 1 1 0 1 1 0 0 1 0 0 0 0 0 1 1 1 1 1 0 0 0
program/265 1 1 1 1 1 1 1 1 1 0 1 1 1 1 1 1 0 1 1 0 0 1 1 0 0 0 0 1 1 0 1 1 0 0 0
program/309 0 0 0 0 0 0 1 0 0 0 0 0 0 1 1 1 0 1 1 0 0 1 0 0 0 0 0 1 1 1 1 1 0 0 0
program/236 0 0 0 0 0 0 1 0 0 0 0 0 0 1 1 1 0 1 1 0 0 1 0 0 0 0 0 1 1 1 1 1 0 0 0
program/241 1 1 1 1 1 1 1 1 1 0 1 1 1 0 0 0 1 0 0 1 1 0 1 1 1 0 1 0 0 0 0 0 0 0 0
program/176 1 1 1 1 1 1 1 1 1 1 1 1 1 1 1 1 1 1 1 1 1 1 1 1 1 1 1 1 1 1 1 1 1 0 0
program/177 1 1 1 1 1 1 1 1 1 1 1 1 1 1 1 1 1 1 1 1 1 1 1 1 1 1 1 1 1 1 1 1 1 0 0
program/174 1 1 1 1 1 1 1 1 1 1 1 1 1 1 1 1 1 1 1 1 1 1 1 1 1 1 1 1 1 1 1 1 1 0 0
program/175 0 0 1 1 0 0 1 1 1 0 1 1 0 0 1 1 1 0 1 0 0 0 0 0 0 0 0 0 1 1 1 1 0 0 0
program/172 1 1 1 1 1 1 1 1 1 1 1 1 1 1 1 1 1 1 1 1 1 1 1 1 1 1 1 1 1 1 1 1 1 0 0
program/173 1 1 1 1 1 1 1 1 1 1 1 1 1 1 1 1 1 1 1 1 1 1 1 1 1 1 1 1 1 1 1 1 1 0 0
program/170 1 1 1 1 1 1 1 1 1 1 1 1 1 1 1 1 1 1 1 1 1 1 1 1 1 1 1 1 1 1 1 1 1 0 0
program/171 1 1 1 1 1 1 1 1 1 1 1 1 1 1 1 1 1 1 1 1 1 1 1 1 1 1 1 1 1 1 1 1 1 0 0
program/262 0 0 1 1 0 0 1 1 1 0 0 0 0 1 1 1 0 1 1 0 0 1 0 0 0 0 0 1 1 1 1 1 0 0 0
program/181 1 1 1 1 1 1 1 1 1 1 1 1 1 1 1 1 1 1 1 1 1 1 1 1 1 1 1 1 1 1 1 1 1 0 0
program/178 1 1 1 1 1 1 1 1 1 1 1 1 1 1 1 1 1 1 1 1 1 1 1 1 1 1 1 1 1 1 1 1 1 0 0
program/179 1 1 1 1 1 1 1 1 1 1 1 1 1 1 1 1 1 1 1 1 1 1 1 1 1 1 1 1 1 1 1 1 1 0 0
program/208 1 1 1 1 1 1 1 1 1 0 1 1 1 1 1 1 1 1 1 1 1 1 1 1 1 0 1 1 1 1 1 1 0 0 0
program/209 1 1 1 1 1 1 1 1 1 0 1 1 1 1 1 1 1 1 1 1 1 1 1 1 1 0 1 1 1 1 1 1 0 0 0
program/180 1 1 1 1 1 1 1 1 1 1 1 1 1 1 1 1 1 1 1 1 1 1 1 1 1 1 1 1 1 1 1 1 1 0 0
program/292 0 0 0 0 0 0 1 0 0 1 0 0 0 1 1 1 0 1 1 0 0 1 0 0 0 1 0 1 1 1 1 1 1 0 0
program/200 1 1 1 1 1 0 1 1 1 0 0 1 1 1 1 1 1 1 1 1 1 1 1 1 1 0 1 1 1 1 1 1 0 0 0
program/187 1 1 1 1 1 1 1 1 1 1 1 1 1 1 1 1 1 1 1 1 1 1 1 1 1 1 1 1 1 1 1 1 1 0 0
program/202 0 1 1 1 1 0 1 1 1 1 0 1 0 1 1 1 1 1 1 1 1 1 1 1 1 1 1 1 1 1 1 1 1 0 0
program/203 1 0 1 1 1 1 1 1 1 1 1 0 1 1 1 1 1 1 1 1 1 1 1 1 1 1 1 1 1 1 1 1 1 0 0
program/204 0 0 0 0 0 0 0 0 0 1 0 0 0 0 0 0 0 0 0 0 0 0 0 0 0 1 0 0 0 0 0 0 1 0 0
program/205 1 1 1 1 1 1 1 1 1 1 1 1 1 1 1 1 1 1 1 1 1 1 1 1 1 1 1 1 1 1 1 1 1 0 0
program/206 1 1 1 1 1 0 1 1 1 0 1 1 1 1 1 1 1 1 1 1 1 1 1 1 1 0 1 1 1 1 1 1 0 0 0
program/186 1 1 1 1 1 1 1 1 1 1 1 1 1 1 1 1 1 1 1 1 1 1 1 1 1 1 1 1 1 1 1 1 1 0 0
program/270 0 0 1 1 0 0 1 1 1 0 0 0 0 1 1 1 0 1 1 0 0 1 0 0 0 0 0 1 1 1 1 1 0 0 0
program/290 0 0 0 0 0 0 1 0 0 0 0 0 0 1 1 1 0 1 1 0 0 1 0 0 0 0 0 1 1 1 1 1 0 0 0
program/185 1 1 1 1 1 1 1 1 1 1 1 1 1 1 1 1 1 1 1 1 1 1 1 1 1 1 1 1 1 1 1 1 1 0 0
program/201 0 0 0 0 0 0 0 0 0 1 0 0 0 0 0 0 0 0 0 0 0 0 0 0 0 1 0 0 0 0 0 0 1 0 0
program/254 0 0 1 1 0 0 1 1 1 0 0 0 0 1 1 1 0 1 1 0 0 1 0 0 0 0 0 1 1 1 1 1 0 0 0
program/263 0 0 1 1 0 0 1 1 1 0 0 0 0 1 1 1 0 1 1 0 0 1 0 0 0 0 0 1 1 1 1 1 0 0 0
program/184 1 1 1 1 1 1 1 1 1 1 1 1 1 1 1 1 1 1 1 1 1 1 1 1 1 1 1 1 1 1 1 1 1 0 0
program/296 0 0 0 0 0 0 1 0 0 1 0 0 0 1 1 1 0 1 1 0 0 1 0 0 0 1 0 1 1 1 1 1 1 0 0
program/346 1 1 1 1 1 1 0 1 1 1 1 1 1 0 0 0 1 0 0 1 1 0 1 1 1 1 1 0 0 0 0 0 1 0 0
program/308 0 0 0 0 0 0 1 0 0 0 0 0 0 1 1 1 0 1 1 0 0 1 0 0 0 0 0 1 1 1 1 1 0 0 0
program/295 0 0 0 0 0 0 1 0 0 1 0 0 0 1 1 1 0 1 1 0 0 1 0 0 0 1 0 1 1 1 1 1 1 0 0
program/293 0 0 0 0 0 0 0 0 0 1 0 0 0 0 0 0 0 0 0 0 0 0 0 0 0 1 0 0 0 0 0 0 1 0 0
program/318 0 0 0 0 0 0 1 0 0 0 0 0 0 1 1 1 0 1 1 0 0 1 0 0 0 0 0 1 1 1 1 1 0 0 0
program/341 0 0 0 0 0 0 1 0 0 0 0 0 0 1 1 1 0 1 1 0 0 1 0 0 0 0 0 1 1 1 1 1 0 0 0
program/294 0 0 0 0 0 0 1 0 0 1 0 0 0 0 0 0 0 0 0 0 0 0 0 0 0 1 0 0 0 0 0 0 1 0 0
program/273 1 1 1 1 1 1 1 1 1 0 1 1 1 0 0 0 1 0 0 1 1 0 0 1 1 0 1 0 0 1 0 0 0 0 0
program/310 0 0 0 0 0 0 1 0 0 0 0 0 0 1 1 1 0 1 1 0 0 1 0 0 0 0 0 1 1 1 1 1 0 0 0
program/148 1 1 1 1 1 1 1 1 1 1 1 1 1 1 1 1 1 1 1 1 1 1 0 1 1 1 1 1 1 1 1 1 1 0 0
program/183 1 1 1 1 1 1 1 1 1 1 1 1 1 1 1 1 1 1 1 1 1 1 1 1 1 1 1 1 1 1 1 1 1 0 0
program/260 1 0 1 1 1 0 1 1 1 0 0 1 0 0 0 0 1 0 0 1 1 0 0 1 1 0 1 0 0 0 0 0 0 0 0
program/274 0 0 1 1 0 0 1 1 1 0 0 0 0 1 1 1 0 1 1 0 0 1 0 0 0 0 0 1 1 1 1 1 0 0 0
program/103 0 0 0 0 0 0 1 0 0 0 0 0 0 0 0 0 0 0 0 0 0 0 0 0 0 0 0 0 0 0 0 0 0 0 0
program/102 0 0 0 0 0 0 1 0 0 0 0 0 0 0 0 0 0 0 0 0 0 0 0 0 0 0 0 0 0 0 0 0 0 0 0
program/347 1 1 1 1 1 1 1 1 1 1 1 1 1 1 1 1 1 1 1 1 1 1 1 1 1 1 1 1 1 1 1 1 1 0 0
program/324 0 0 0 0 0 0 1 0 0 0 0 0 0 1 1 1 0 1 1 0 0 1 0 0 0 0 0 1 1 1 1 1 0 0 0
program/107 1 1 1 1 1 1 1 1 1 0 1 1 1 1 1 1 1 1 1 1 1 1 1 1 1 0 1 1 1 1 1 1 0 0 0
program/106 1 1 1 1 1 1 1 1 1 1 1 1 1 1 1 1 1 1 1 1 1 1 1 1 1 1 1 1 1 1 1 1 1 0 0
program/105 1 1 1 1 1 1 1 1 1 0 1 1 1 1 1 0 1 1 1 1 1 1 1 1 1 0 1 1 1 0 1 0 0 0 0
program/104 0 1 1 1 1 0 1 1 1 1 0 1 0 1 1 1 1 1 1 0 0 1 1 0 1 1 0 1 1 1 1 1 1 0 0
program/235 0 0 1 1 0 1 1 1 1 0 1 1 1 1 1 1 1 1 1 1 1 1 1 1 1 0 1 1 1 1 1 1 0 0 0
program/234 0 0 1 1 0 0 1 1 1 0 0 0 0 1 1 1 1 1 1 1 1 1 1 1 1 0 1 1 1 1 1 1 0 0 0
program/109 0 0 1 1 0 0 1 1 1 0 0 0 0 1 1 1 0 1 1 0 0 1 0 0 0 0 0 1 1 1 1 1 0 0 0
program/108 0 0 1 1 0 0 1 1 1 0 0 0 0 1 1 1 1 1 1 0 1 1 0 1 0 0 0 1 1 1 1 1 0 0 0
program/272 0 1 1 1 0 1 1 1 1 0 0 0 0 1 1 1 0 1 1 0 0 1 1 0 0 0 0 1 1 1 1 1 0 0 0
program/230 0 0 1 1 0 0 1 1 1 0 0 0 0 1 1 1 0 1 1 0 0 1 0 0 0 0 0 1 1 1 1 1 0 0 0
program/233 0 0 0 0 0 0 1 0 0 0 0 0 0 1 1 1 0 1 1 0 0 1 0 0 0 0 0 1 1 1 1 1 0 0 0
program/232 0 1 1 1 0 1 0 1 1 0 1 1 0 0 0 0 1 0 0 1 1 0 1 1 1 0 1 0 0 0 0 0 0 0 0
program/334 0 0 0 0 0 0 1 0 0 0 0 0 0 1 1 1 0 1 1 0 0 1 0 0 0 0 0 1 1 1 1 1 0 0 0
program/29 0 1 1 1 0 0 1 1 1 0 1 0 0 0 1 1 1 0 1 0 0 0 0 0 0 0 0 0 1 1 1 1 0 0 0
program/28 0 0 1 1 1 0 1 1 1 1 0 0 0 1 1 1 1 1 1 1 1 1 1 1 1 1 1 1 1 1 1 1 1 0 0
program/261 1 0 1 1 1 0 1 1 1 0 0 1 0 1 1 1 0 1 1 0 0 1 1 0 0 0 0 1 1 0 1 1 0 0 0
program/23 0 0 1 1 0 0 1 1 1 0 0 1 0 1 1 1 0 1 1 1 0 0 0 0 0 0 0 0 1 1 1 1 0 0 0
program/22 0 0 1 1 0 0 1 1 1 1 0 0 0 1 1 1 0 1 1 1 0 1 0 1 0 1 0 1 1 1 1 1 1 0 0
program/21 0 0 1 1 0 0 1 1 1 1 0 0 0 1 1 1 0 1 1 0 1 1 0 0 0 1 0 1 1 1 1 1 1 0 0
program/20 0 1 1 1 0 0 1 1 1 1 0 0 0 1 1 1 1 1 1 1 0 1 0 1 0 1 0 1 1 1 1 1 1 0 0
program/27 0 0 1 1 0 0 1 1 1 1 0 0 0 1 1 1 0 1 1 0 0 1 0 0 0 1 1 1 1 1 1 1 1 0 0
program/26 1 0 1 1 0 0 1 1 1 1 0 0 0 1 1 1 0 1 1 0 1 1 0 0 0 1 1 1 1 1 1 1 1 0 0
program/25 1 1 1 1 1 0 1 1 1 1 1 0 1 1 1 1 1 1 1 1 1 1 1 1 1 1 1 1 1 1 1 1 1 0 0
program/24 0 0 1 1 0 0 1 1 1 0 0 0 0 1 1 1 1 1 1 0 1 1 0 1 0 0 0 1 1 1 0 1 0 0 0
program/257 0 0 1 1 0 0 1 1 1 0 0 0 0 1 1 1 0 1 1 0 0 1 0 0 0 0 0 1 1 0 1 1 0 0 0
program/307 0 0 0 0 0 0 1 0 0 0 0 0 0 1 1 1 0 1 1 0 0 1 0 0 0 0 0 1 1 1 1 1 0 0 0
program/256 1 1 1 1 1 1 1 1 1 1 1 1 1 0 0 0 1 0 0 1 1 0 0 1 1 1 1 0 0 1 0 0 1 0 0
program/275 0 0 1 1 0 0 1 1 1 0 0 0 0 0 1 1 0 1 1 0 0 1 1 0 1 0 1 1 0 0 0 1 0 0 0
program/286 0 0 0 0 0 0 1 0 0 1 0 0 0 1 1 1 0 1 1 0 0 1 0 0 0 1 0 1 1 1 1 1 1 0 0
program/255 0 0 1 1 0 0 1 1 1 0 0 0 0 1 1 1 0 1 1 0 0 1 1 0 0 0 0 1 1 1 1 1 0 0 0
program/251 0 0 1 1 0 0 1 1 1 0 0 0 0 1 1 1 0 1 1 0 0 1 0 0 0 0 0 1 1 0 1 1 0 0 0
program/253 0 0 1 1 0 0 1 1 1 0 0 0 0 1 1 1 0 1 1 0 0 1 0 0 0 0 0 1 1 0 1 1 0 0 0
program/252 0 0 1 1 0 0 1 1 1 0 0 0 0 1 1 1 0 1 1 0 0 1 0 0 0 0 0 1 1 1 1 1 0 0 0
program/110 0 0 1 1 1 0 1 1 1 0 1 1 0 1 1 1 1 1 1 0 1 0 0 0 0 0 0 0 1 1 1 1 0 0 0
program/111 1 1 1 1 1 1 1 1 1 0 1 1 1 1 1 1 1 1 1 1 1 1 1 1 1 0 1 1 1 1 1 1 0 0 0
program/112 0 0 1 1 0 0 1 1 1 0 0 0 0 1 1 1 1 1 1 0 1 1 0 1 0 0 0 1 1 1 1 1 0 0 0
program/113 0 1 1 1 0 0 1 1 1 0 0 0 0 1 1 1 1 1 1 0 0 0 0 0 0 0 0 0 1 1 1 1 0 0 0
program/114 1 1 1 1 1 1 1 1 1 0 1 1 1 1 1 1 1 1 1 1 1 1 1 1 1 0 1 1 1 1 1 1 0 0 0
program/115 1 1 1 1 1 1 1 1 1 1 1 1 1 1 1 1 1 1 1 1 1 1 1 1 1 1 1 1 1 1 1 1 1 0 0
program/116 1 1 1 1 1 1 1 1 1 1 1 1 1 1 1 1 1 1 1 1 1 1 1 1 1 1 1 1 1 1 1 1 1 0 0
program/117 0 0 1 1 0 1 1 1 1 0 0 1 0 1 1 1 0 1 1 0 0 1 0 0 1 0 0 1 1 1 1 1 0 0 0
program/118 0 1 1 1 0 1 1 1 1 1 1 1 1 1 1 1 0 1 1 0 0 1 0 0 0 1 0 1 1 1 1 1 1 0 0
program/119 1 0 1 1 0 1 1 1 1 1 0 1 0 1 1 1 1 1 1 1 1 1 0 1 1 1 1 1 1 1 1 1 1 0 0
program/228 1 0 1 1 1 1 1 1 1 0 1 1 1 1 1 1 1 1 1 1 1 1 1 1 1 0 1 1 1 1 1 1 0 0 0
program/229 1 1 1 1 1 1 1 1 1 0 1 0 0 1 1 1 1 1 1 1 1 1 1 1 1 0 1 1 1 1 1 1 0 0 0
program/145 1 1 1 1 1 1 1 1 1 0 1 1 1 1 1 1 1 1 1 1 1 1 1 1 1 0 1 1 1 1 1 1 0 0 0
program/198 0 0 1 1 0 1 1 1 1 1 1 1 1 1 0 1 0 0 0 0 1 0 1 1 1 1 1 0 0 1 0 0 1 0 0
program/250 0 0 1 1 0 0 1 1 1 0 0 0 0 1 1 1 0 1 1 0 0 1 0 0 0 0 0 1 1 0 1 1 0 0 0
program/58 1 1 1 1 1 1 1 1 1 0 1 1 1 1 1 1 1 1 1 1 1 1 1 1 1 0 1 1 1 1 1 1 0 0 0
program/59 1 1 1 1 1 1 1 1 1 1 1 1 1 1 1 1 1 1 1 1 1 1 1 1 1 1 1 1 1 1 1 1 1 0 0
program/152 1 1 1 1 1 1 1 1 1 1 1 1 1 1 1 1 1 1 1 1 1 1 1 1 1 1 1 1 1 1 1 1 1 0 0
program/57 1 1 1 1 1 1 1 1 1 0 1 1 1 1 1 1 1 1 1 1 1 1 1 1 1 0 1 1 1 1 1 1 0 0 0
program/54 1 1 1 1 1 1 1 1 1 0 1 1 1 1 1 1 1 1 1 1 1 1 1 1 1 0 1 1 1 1 1 1 0 0 0
program/55 1 1 1 1 1 1 1 1 1 1 1 1 1 1 1 1 1 1 1 1 1 1 1 1 1 1 1 1 1 1 1 1 1 0 0
program/194 0 0 0 0 0 0 0 0 0 1 0 0 0 0 0 0 0 0 0 0 0 0 0 0 0 1 0 0 0 0 0 0 1 0 0
program/195 1 1 1 1 1 1 1 1 1 1 1 1 1 1 1 1 1 1 1 1 1 1 1 1 1 1 1 1 1 1 1 1 1 0 0
program/50 1 1 1 1 1 1 1 1 1 0 1 1 1 1 1 1 1 1 1 1 1 1 1 1 1 0 1 1 1 1 1 1 0 0 0
program/51 1 1 1 1 1 1 1 1 1 1 1 1 1 1 1 1 1 1 1 1 1 1 1 1 1 1 1 1 1 1 1 1 1 0 0
program/328 0 0 0 0 0 0 1 0 0 0 0 0 0 1 1 1 0 1 1 0 0 1 0 0 0 0 0 1 0 1 1 1 0 0 0
program/317 0 0 0 0 0 0 1 0 0 0 0 0 0 1 1 1 0 1 1 0 0 1 0 0 0 0 0 1 1 1 1 1 0 0 0
program/226 0 0 0 0 0 0 1 1 0 0 0 0 0 1 1 1 0 1 1 0 0 1 1 0 1 0 0 1 1 1 1 1 0 0 0
program/277 0 0 0 0 0 0 1 0 0 1 0 0 0 1 1 1 0 1 1 0 0 1 0 0 0 1 0 1 1 1 1 1 1 0 0
program/190 1 1 1 1 1 1 1 1 1 1 1 1 1 1 1 1 1 1 1 1 1 1 1 1 1 1 1 1 1 1 1 1 1 0 0
program/311 0 0 0 0 0 0 1 0 0 0 0 0 0 1 1 1 0 1 1 0 0 1 0 0 0 0 0 1 1 1 1 1 0 0 0
program/216 0 0 0 0 0 0 0 0 0 1 0 0 0 0 0 0 0 0 0 0 0 0 0 0 0 1 0 0 0 0 0 0 1 0 0
program/154 1 1 1 1 1 1 1 1 1 1 1 1 1 1 1 1 1 1 1 1 1 1 1 1 1 1 1 1 1 1 1 1 1 0 0
program/329 0 0 0 0 0 0 1 0 0 0 0 0 0 1 1 1 0 1 1 0 0 1 0 0 0 0 0 1 1 1 1 1 0 0 0
program/155 1 1 1 1 1 1 1 1 1 1 1 1 1 1 1 1 1 1 1 1 1 1 1 1 1 1 1 1 1 1 1 1 1 0 0
program/327 0 0 0 0 0 0 1 0 0 0 0 0 0 1 1 1 0 1 1 0 0 1 0 0 0 0 0 1 1 1 1 1 0 0 0
program/326 0 0 0 0 0 0 1 0 0 0 0 0 0 1 1 1 0 1 1 0 0 1 0 0 0 0 0 1 1 1 1 1 0 0 0
program/325 0 0 0 0 0 0 1 0 0 0 0 0 0 1 1 1 0 1 1 0 0 1 0 0 0 0 0 1 1 0 1 1 0 0 0
program/258 0 1 1 1 1 1 1 1 1 0 0 1 1 0 0 0 1 0 0 1 1 0 0 1 1 0 1 0 0 1 0 0 0 0 0
program/323 0 0 0 0 0 0 1 0 0 0 0 0 0 1 1 1 0 1 1 0 0 1 0 0 0 0 0 1 1 1 1 1 0 0 0
program/264 1 1 1 1 1 0 1 1 1 0 1 0 0 1 0 1 0 1 0 1 0 1 0 0 0 0 0 1 1 1 0 1 0 0 0
program/321 0 0 0 0 0 0 1 0 0 0 0 0 0 1 1 1 0 1 1 0 0 1 0 0 0 0 0 1 1 1 1 1 0 0 0
program/320 0 0 0 0 0 0 1 0 0 0 0 0 0 1 1 1 0 1 1 0 0 1 0 0 0 0 0 1 1 1 1 1 0 0 0
program/125 0 1 1 1 0 1 1 1 1 0 1 0 1 1 1 1 0 1 1 0 0 1 0 0 1 0 0 1 1 1 1 1 0 0 0
program/124 0 1 1 1 1 0 1 1 1 0 1 0 1 1 1 1 1 1 1 1 1 1 1 1 1 0 1 1 1 1 1 1 0 0 0
program/127 1 1 1 1 1 1 1 1 1 0 1 1 1 1 1 1 1 1 1 1 1 1 1 1 1 0 1 1 1 1 1 1 0 0 0
program/126 1 1 1 1 1 1 1 1 1 0 1 1 1 1 1 1 1 1 1 1 1 1 1 1 1 0 1 1 1 1 1 1 0 0 0
program/121 1 1 1 1 1 1 1 1 1 0 1 0 1 1 1 1 1 1 1 1 1 1 1 1 1 0 1 1 1 1 1 1 0 0 0
program/120 1 1 1 1 0 0 1 1 1 0 0 1 1 1 1 1 0 1 1 0 0 1 0 0 1 0 0 1 1 1 1 1 0 0 0
program/123 0 1 1 1 1 0 1 1 1 0 1 1 0 1 1 1 0 1 1 0 0 0 0 0 1 0 0 0 1 1 1 1 0 0 0
program/122 1 1 1 1 1 1 1 1 1 0 1 1 1 1 1 1 1 1 1 1 1 1 1 1 1 0 1 1 1 1 1 1 0 0 0
program/330 0 0 0 0 0 0 1 0 0 0 0 0 0 1 1 1 0 1 1 0 0 1 0 0 0 0 0 1 1 1 1 1 0 0 0
program/150 1 1 1 1 1 1 1 1 1 0 1 1 1 1 1 1 1 1 1 1 1 1 1 1 1 0 1 1 1 1 1 1 0 0 0
program/238 1 1 1 1 1 0 0 1 1 0 0 1 1 0 0 0 1 0 0 1 1 0 1 1 1 0 1 0 0 0 0 0 0 0 0
program/129 1 1 1 1 1 1 1 1 1 1 1 1 1 1 1 1 1 1 1 1 1 1 1 1 1 1 1 1 1 1 1 1 1 0 0
program/128 0 0 1 1 0 0 1 1 1 0 1 1 0 1 1 1 1 1 1 0 1 1 0 1 0 0 0 1 1 1 1 1 0 0 0
program/259 1 0 1 1 0 1 1 1 1 0 1 1 1 1 1 1 0 1 1 0 0 1 1 0 0 0 0 1 1 1 1 1 0 0 0
program/151 0 1 1 1 0 0 1 1 1 0 0 0 0 1 1 1 0 1 1 0 1 1 0 0 0 0 1 1 1 1 1 1 0 0 0
program/49 0 0 1 1 1 0 1 1 1 0 0 0 0 1 1 1 0 1 1 1 0 1 1 0 1 0 0 0 1 1 1 1 0 0 0
program/48 1 0 1 1 0 0 1 1 1 1 0 0 0 1 1 1 1 1 1 0 0 1 0 0 0 1 0 1 1 1 1 1 1 0 0
program/45 1 1 1 1 1 1 1 1 1 1 1 1 1 1 1 1 1 1 1 1 1 1 1 1 1 1 1 1 1 1 1 1 1 0 0
program/44 0 0 1 1 0 1 1 1 1 0 0 1 0 0 0 0 0 0 0 0 0 0 0 0 0 0 0 0 0 0 0 0 0 0 0
program/340 0 0 0 0 0 0 1 0 0 0 0 0 0 1 1 1 0 1 1 0 0 1 0 0 0 0 0 1 1 1 1 1 0 0 0
program/153 1 1 1 1 1 1 1 1 1 1 1 1 1 1 1 1 1 1 1 1 1 1 1 1 1 1 1 1 1 1 1 1 1 0 0
program/41 0 0 1 1 1 0 1 1 1 0 0 0 0 0 0 0 0 0 0 0 0 0 0 0 0 0 0 0 0 0 0 0 0 0 0
program/40 0 0 1 1 1 1 1 1 1 0 0 1 0 0 0 0 0 0 0 0 0 0 0 0 0 0 0 0 0 0 0 0 0 0 0
program/43 0 0 1 1 0 1 1 1 1 0 0 0 0 0 0 0 0 0 0 0 0 0 0 0 0 0 0 0 0 0 0 0 0 0 0
program/42 0 0 1 1 0 0 1 1 1 0 0 0 0 0 0 0 0 0 0 0 0 0 0 0 0 0 0 0 0 0 0 0 0 0 0
program/312 0 0 0 0 0 0 1 0 0 0 0 0 0 1 1 1 0 1 1 0 0 1 0 0 0 0 0 1 1 1 1 1 0 0 0
program/193 0 0 0 0 0 0 0 0 0 1 0 0 0 0 0 0 0 0 0 0 0 0 1 0 0 1 0 0 0 0 0 0 1 0 0
program/266 1 0 1 1 0 1 1 1 1 0 0 1 0 0 0 0 1 0 0 1 1 0 0 1 1 0 1 0 0 0 0 0 0 0 0
program/331 0 0 0 0 0 0 1 0 0 0 0 0 0 1 1 1 0 1 1 0 0 1 0 0 0 0 0 1 1 1 1 1 0 0 0
program/223 1 1 1 1 0 0 1 1 1 0 1 0 0 1 0 1 0 0 1 0 0 0 0 0 0 0 0 1 1 1 1 1 0 0 0
program/138 1 1 1 1 1 1 1 1 1 1 1 1 1 1 1 1 1 1 1 1 1 1 1 1 1 1 1 1 1 1 1 1 1 0 0
program/139 1 1 1 1 1 1 1 1 1 1 1 1 1 1 1 1 1 1 1 1 1 1 1 1 1 1 1 1 1 1 1 1 1 0 0
program/338 0 0 0 0 0 0 1 0 0 0 0 0 0 1 1 1 0 1 1 0 0 1 0 0 0 0 0 1 1 1 1 1 0 0 0
program/339 0 0 0 0 0 0 1 0 0 0 0 0 0 0 1 1 0 1 1 0 0 1 0 0 0 0 0 1 1 0 0 1 0 0 0
program/132 1 0 1 1 1 1 1 1 1 1 1 1 1 1 1 1 1 1 1 1 1 1 0 1 1 1 1 1 1 1 1 1 1 0 0
program/133 1 1 1 1 0 0 1 1 1 1 0 0 1 1 1 1 0 1 1 0 0 1 0 0 0 1 0 1 1 1 1 1 1 0 0
program/130 1 1 1 1 1 1 1 1 1 0 1 1 1 1 1 1 1 1 1 1 1 1 1 1 1 0 1 1 1 1 1 1 0 0 0
program/131 0 0 1 1 0 1 1 1 1 0 0 0 0 1 1 1 1 1 1 0 1 1 0 1 0 0 0 1 1 1 1 1 0 0 0
program/136 1 1 1 1 1 1 1 1 1 0 1 1 1 1 1 1 1 1 1 1 1 1 1 1 1 0 1 1 1 1 1 1 0 0 0
program/137 0 0 1 1 1 1 1 1 1 0 0 0 0 1 1 1 0 1 1 0 1 1 0 0 0 0 1 1 1 1 1 1 0 0 0
program/134 0 0 1 1 0 0 1 1 1 1 0 0 0 1 1 1 0 1 1 0 0 1 0 0 0 1 0 1 1 1 1 1 1 0 0
program/135 0 0 1 1 0 0 1 1 1 1 0 0 0 1 1 1 0 1 1 0 0 1 0 0 0 1 0 1 1 1 1 1 1 0 0
program/244 0 1 1 1 0 1 1 1 1 0 1 1 1 1 1 1 1 1 1 1 1 1 1 1 1 0 1 1 1 1 1 1 0 0 0
program/245 0 0 1 1 1 1 1 1 1 0 1 1 1 1 1 1 1 1 1 1 1 1 1 1 1 0 1 1 1 1 1 1 0 0 0
program/247 0 0 1 1 0 1 1 1 1 1 1 0 0 0 0 0 0 0 0 0 0 0 0 0 0 1 0 0 0 0 0 0 1 0 0
program/240 1 1 1 1 1 1 0 1 1 0 1 1 1 0 0 0 1 0 0 1 1 0 1 1 1 0 1 0 0 0 0 0 0 0 0
program/224 1 1 1 1 0 0 1 1 1 0 1 0 0 1 0 1 0 1 1 1 0 0 0 0 0 0 0 0 0 1 1 0 0 0 0
program/141 1 1 1 1 1 1 1 1 1 1 1 1 1 1 1 1 1 1 1 1 1 1 1 1 1 1 1 1 1 1 1 1 1 0 0
program/243 1 1 1 1 1 1 0 1 1 0 1 1 1 0 0 0 1 0 0 1 1 0 1 1 1 0 1 0 0 0 0 0 0 0 0
program/225 0 0 1 1 0 0 1 1 1 0 0 0 0 1 1 1 0 1 1 0 0 1 0 0 0 0 0 1 1 1 1 1 0 0 0
program/248 1 1 1 1 1 1 1 1 1 1 1 1 1 0 0 0 1 0 0 1 1 0 1 1 1 1 1 0 0 0 0 0 1 0 0
program/249 0 0 1 1 0 0 1 1 1 0 0 0 0 1 1 1 0 1 1 0 0 1 0 0 0 0 0 1 1 1 1 1 0 0 0
program/70 1 1 1 1 1 1 1 1 1 0 1 1 1 1 1 1 1 1 1 1 1 1 1 1 1 0 1 1 1 1 1 1 0 0 0
program/71 1 1 1 1 1 1 1 1 1 0 1 1 1 1 1 1 1 1 1 1 1 1 1 1 1 0 1 1 1 1 1 1 0 0 0
program/72 1 1 1 1 1 1 1 1 1 0 1 1 1 1 1 1 1 1 1 1 1 1 1 1 1 0 1 1 1 1 1 1 0 0 0
program/73 1 1 1 1 1 1 1 1 1 1 1 1 1 1 1 1 1 1 1 1 1 1 1 1 1 1 1 1 1 1 1 1 1 0 0
program/74 1 1 1 1 1 1 1 1 1 1 1 1 1 1 1 1 1 1 1 1 1 1 1 1 1 1 1 1 1 1 1 1 1 0 0
program/75 1 1 1 1 1 1 1 1 1 1 1 1 1 1 1 1 1 1 1 1 1 1 1 1 1 1 1 1 1 1 1 1 1 0 0
program/76 1 1 1 1 1 1 1 1 1 0 1 1 1 1 1 1 1 1 1 1 1 1 1 1 1 0 1 1 1 1 1 1 0 0 0
program/77 0 0 1 1 1 0 1 1 1 0 0 0 0 1 1 1 1 1 1 0 0 1 1 0 0 0 0 0 1 1 1 1 0 0 0
program/78 1 1 1 1 1 1 1 1 1 0 1 1 1 1 1 1 1 1 1 1 1 1 1 1 1 0 1 1 1 1 1 1 0 0 0
program/79 1 1 1 1 1 1 1 1 1 1 1 1 1 1 1 1 1 1 1 1 1 1 1 1 1 1 1 1 1 1 1 1 1 0 0
program/313 0 0 0 0 0 0 1 0 0 0 0 0 0 1 1 1 0 1 1 0 0 1 0 0 0 0 0 1 1 0 1 1 0 0 0
program/343 1 1 1 1 1 1 0 1 1 1 1 1 1 0 0 0 1 0 0 1 1 0 1 1 1 1 1 0 0 0 0 0 1 0 0
program/12 0 0 1 1 0 0 1 1 1 1 0 0 0 1 1 1 0 1 1 1 0 0 0 0 0 0 0 0 1 1 1 1 0 0 0
program/13 0 1 1 1 0 1 1 1 1 0 0 1 0 1 1 1 1 1 1 0 1 1 0 1 0 0 0 1 1 1 0 1 0 0 0
program/10 1 1 1 1 0 0 1 1 1 0 0 0 0 1 1 1 1 1 1 0 1 1 0 1 0 0 0 1 1 1 0 1 0 0 0
program/11 0 0 1 1 0 0 1 1 1 0 0 0 0 1 1 1 1 1 1 0 1 1 0 1 0 0 0 1 1 1 0 1 0 0 0
program/16 0 0 1 1 0 1 1 1 1 1 0 0 0 1 1 1 0 1 1 0 0 1 0 0 0 1 1 1 1 1 1 1 1 0 0
program/17 0 0 1 1 1 0 1 1 1 0 0 0 0 0 1 1 1 0 1 0 0 0 0 0 0 0 0 0 1 1 1 1 0 0 0
program/14 0 1 1 1 0 0 1 1 1 1 0 0 0 1 1 1 0 1 1 0 1 1 0 0 0 1 1 1 1 1 1 1 1 0 0
program/15 1 0 1 1 0 0 1 1 1 1 1 1 0 1 1 1 0 1 1 0 0 1 0 0 0 1 0 1 1 1 1 1 1 0 0
program/18 0 0 1 1 0 0 1 1 1 0 0 0 1 1 1 1 0 1 1 0 0 0 0 0 0 0 0 0 1 1 1 1 0 0 0
program/19 1 0 1 1 0 0 1 1 1 0 0 1 0 1 1 1 1 1 1 0 1 1 0 1 0 0 0 1 1 1 0 1 0 0 0
program/303 0 0 0 0 0 0 1 0 0 0 0 0 0 1 1 1 0 1 1 0 0 1 0 0 0 0 0 1 1 1 1 1 0 0 0
program/301 0 0 0 0 0 0 0 0 0 1 0 0 0 0 0 0 0 0 0 0 0 0 0 0 0 1 0 0 0 0 0 0 1 0 0
program/147 0 0 1 1 0 0 1 1 1 0 0 0 0 1 1 1 0 1 1 0 0 1 0 0 1 0 0 1 1 1 1 1 0 0 0
program/98 1 1 1 1 1 1 1 1 1 1 1 1 1 1 1 1 1 1 1 1 1 1 1 1 1 1 1 1 1 1 1 1 1 0 0
program/99 0 0 0 0 0 1 1 0 0 0 0 0 0 0 0 0 0 0 0 0 0 0 0 0 0 0 0 0 0 0 0 0 0 0 0
program/278 0 0 0 0 0 0 1 0 0 0 0 0 0 1 1 1 0 1 1 0 0 1 0 0 0 0 0 1 1 1 1 1 0 0 0
program/304 0 0 0 0 0 0 1 0 0 0 0 0 0 1 1 1 0 1 1 0 0 1 0 0 0 0 0 1 1 1 1 1 0 0 0
program/149 0 0 1 1 0 0 1 1 1 1 0 0 0 1 1 1 0 1 1 0 0 1 0 0 0 1 0 1 1 1 1 1 1 0 0
program/146 1 1 1 1 1 1 1 1 1 0 1 1 1 1 1 1 1 1 1 1 1 1 1 1 1 0 1 1 1 1 1 1 0 0 0
program/92 1 1 1 1 1 1 1 1 1 0 1 1 1 1 1 1 1 1 1 1 1 1 1 1 1 0 1 1 1 1 1 1 0 0 0
program/93 1 1 1 1 1 1 1 1 1 0 1 1 1 1 1 1 1 1 1 1 1 1 1 1 1 0 1 1 1 1 1 1 0 0 0
program/90 1 1 1 1 1 1 1 1 1 0 1 1 1 1 1 1 1 1 1 1 1 1 1 1 1 0 1 1 1 1 1 1 0 0 0
program/91 1 1 1 1 1 1 1 1 1 0 1 1 1 1 1 1 1 1 1 1 1 1 1 1 1 0 1 1 1 1 1 1 0 0 0
program/96 1 1 1 1 1 1 1 1 1 0 1 1 1 1 1 1 1 1 1 1 1 1 1 1 1 0 1 1 1 1 1 1 0 0 0
program/97 1 1 1 1 1 1 1 1 1 0 1 1 1 1 1 1 1 1 1 1 1 1 1 1 1 0 1 1 1 1 1 1 0 0 0
program/94 1 1 1 1 1 1 1 1 1 0 1 1 1 1 1 1 1 1 1 1 1 1 1 1 1 0 1 1 1 1 1 1 0 0 0
program/95 1 1 1 1 1 1 1 1 1 0 1 1 1 1 1 1 1 1 1 1 1 1 1 1 1 0 1 1 1 1 1 1 0 0 0
program/227 0 0 0 0 0 0 1 0 0 0 0 0 0 1 1 1 0 1 1 0 0 1 0 0 0 0 0 1 1 1 1 1 0 0 0
program/144 0 0 1 1 0 0 1 1 1 0 0 0 0 1 1 1 0 1 1 0 0 1 0 0 1 0 0 1 1 1 1 1 0 0 0
program/143 1 1 1 1 1 1 1 1 1 1 1 1 1 1 1 1 1 1 1 1 1 1 0 1 1 1 1 1 1 1 1 1 1 0 0
program/302 0 0 0 0 0 0 0 0 0 1 0 0 0 0 0 0 0 0 0 0 0 0 0 0 0 1 0 0 0 0 0 0 1 0 0
program/271 0 0 1 1 0 0 1 1 1 0 0 0 0 1 1 1 0 1 1 0 0 1 0 0 0 0 0 1 1 1 1 1 0 0 0
program/142 0 0 1 1 0 0 1 1 1 1 0 0 0 1 1 1 0 1 1 0 0 1 0 0 0 1 0 1 1 1 1 1 1 0 0
program/67 1 1 1 1 1 1 1 1 1 0 1 1 1 1 1 1 1 1 1 1 1 1 1 1 1 0 1 1 1 1 1 1 0 0 0
program/66 1 1 1 1 1 1 1 1 1 1 1 1 1 1 1 1 1 1 1 1 1 1 1 1 1 1 1 1 1 1 1 1 1 0 0
program/65 1 1 1 1 1 1 1 1 1 0 1 1 1 1 1 1 1 1 1 1 1 1 1 1 1 0 1 1 1 1 1 1 0 0 0
program/64 0 0 1 1 0 1 1 1 1 1 0 1 0 1 1 1 1 1 1 1 0 1 0 0 0 1 1 1 1 1 1 1 1 0 0
program/63 1 1 1 1 1 1 1 1 1 0 1 1 1 1 1 1 1 1 1 1 1 1 1 1 1 0 1 1 1 1 1 1 0 0 0
program/62 1 1 1 1 1 1 1 1 1 0 1 1 1 1 1 1 1 1 1 1 1 1 1 1 1 0 1 1 1 1 1 1 0 0 0
program/61 1 0 1 1 0 0 1 1 1 1 0 0 0 1 1 1 0 1 1 0 0 1 0 0 0 1 0 1 1 1 1 1 1 0 0
program/182 1 1 1 1 1 1 1 1 1 1 1 1 1 1 1 1 1 1 1 1 1 1 1 1 1 1 1 1 1 1 1 1 1 0 0
program/140 1 1 1 1 1 1 1 1 1 1 1 1 1 1 1 1 1 1 1 1 1 1 1 1 1 1 1 1 1 1 1 1 1 0 0
program/322 0 0 0 0 0 0 1 0 0 0 0 0 0 1 1 1 0 1 1 0 0 1 0 0 0 0 0 1 1 1 1 1 0 0 0
program/342 0 0 0 0 0 0 1 0 0 0 0 0 0 1 1 1 0 1 1 0 0 1 0 0 0 0 0 1 1 1 1 1 0 0 0
program/69 1 1 1 1 1 1 1 1 1 0 1 1 1 1 1 1 1 1 1 1 1 1 1 1 1 0 1 1 1 1 1 1 0 0 0
program/344 1 1 1 1 1 1 0 1 1 1 1 1 1 0 0 0 1 0 0 1 1 0 1 1 1 1 1 0 0 0 0 0 1 0 0
program/276 1 0 1 1 1 1 1 1 1 0 0 1 1 0 1 0 1 0 0 1 1 0 0 1 1 0 1 0 0 0 0 0 0 0 0
program/305 0 0 0 0 0 0 1 0 0 0 0 0 0 1 1 1 0 1 1 0 0 1 0 0 0 0 0 1 1 1 1 1 0 0 0
program/89 1 1 1 1 1 1 1 1 1 0 1 1 1 1 1 1 1 1 1 1 1 1 1 1 1 0 1 1 1 1 1 1 0 0 0
program/88 1 1 1 1 1 1 1 1 1 0 1 1 1 1 1 1 1 1 1 1 1 1 1 1 1 0 1 1 1 1 1 1 0 0 0
program/314 0 0 0 0 0 0 1 0 0 0 0 0 0 1 1 1 0 1 1 0 0 1 0 0 0 0 0 1 1 0 1 1 0 0 0
program/315 0 0 0 0 0 0 1 0 0 0 0 0 0 1 1 1 0 1 1 0 0 1 0 0 0 0 0 1 1 0 1 1 0 0 0
program/158 0 0 1 1 1 0 1 1 1 0 1 0 0 1 1 1 0 1 1 0 0 0 0 0 0 0 1 0 1 1 1 1 0 0 0
program/159 1 1 1 1 1 1 1 1 1 1 1 1 1 1 1 1 1 1 1 1 1 1 1 1 1 1 1 1 1 1 1 1 1 0 0
program/268 0 0 1 1 0 0 1 1 1 0 0 0 0 1 1 1 0 1 1 0 0 1 0 0 0 0 0 1 1 1 1 1 0 0 0
program/269 1 1 1 1 1 1 1 1 1 0 1 1 1 0 0 0 1 0 0 1 1 0 1 1 1 0 1 0 0 1 0 0 0 0 0
program/81 1 1 1 1 1 1 1 1 1 1 1 1 1 1 1 1 1 1 1 1 1 1 1 1 1 1 1 1 1 1 1 1 1 0 0
program/80 1 1 1 1 1 1 1 1 1 0 1 1 1 1 1 1 1 1 1 1 1 1 1 1 1 0 1 1 1 1 1 1 0 0 0
program/83 1 1 1 1 1 1 1 1 1 0 1 1 1 1 1 1 1 1 1 1 1 1 1 1 1 0 1 1 1 1 1 1 0 0 0
program/82 1 1 1 1 1 1 1 1 1 0 1 1 1 1 1 1 1 1 1 1 1 1 1 1 1 0 1 1 1 1 1 1 0 0 0
program/85 1 1 1 1 1 1 1 1 1 0 1 1 1 1 1 1 1 1 1 1 1 1 1 1 1 0 1 1 1 1 1 1 0 0 0
program/84 1 1 1 1 1 1 1 1 1 0 1 1 1 1 1 1 1 1 1 1 1 1 1 1 1 0 1 1 1 1 1 1 0 0 0
program/87 1 1 1 1 1 1 1 1 1 0 1 1 1 1 1 1 1 1 1 1 1 1 1 1 1 0 1 1 1 1 1 1 0 0 0
program/86 1 1 1 1 1 1 1 1 1 0 1 1 1 1 1 1 1 1 1 1 1 1 1 1 1 0 1 1 1 1 1 1 0 0 0
program/2 1 0 1 1 1 0 1 1 1 0 1 0 0 0 0 0 0 0 0 0 0 0 0 0 0 0 0 0 0 0 0 0 0 0 0
program/3 0 0 1 1 1 0 1 1 1 1 1 0 1 1 1 1 1 1 1 0 1 1 0 1 0 1 1 1 1 1 1 1 1 0 0
program/4 1 1 1 1 1 1 1 1 1 1 1 1 1 1 1 1 1 1 1 1 1 1 1 1 1 1 1 1 1 1 1 1 1 0 0
program/5 1 1 1 1 1 0 1 1 1 1 1 0 1 1 1 1 1 1 1 1 1 1 1 1 1 1 1 1 1 1 1 1 1 0 0
program/6 0 0 1 1 1 1 1 1 1 1 1 1 0 1 1 1 1 1 1 1 1 1 1 1 1 1 1 1 1 1 1 1 1 0 0
program/7 1 1 1 1 1 1 1 1 1 1 1 0 1 1 1 1 1 1 1 1 1 1 1 1 1 1 1 1 1 1 1 1 1 0 0
program/8 1 1 1 1 1 0 1 1 1 1 1 1 1 1 1 1 1 1 1 1 1 1 1 1 1 1 1 1 1 1 1 1 1 0 0
program/316 0 0 0 0 0 0 1 0 0 0 0 0 0 1 1 1 0 1 1 0 0 1 0 0 0 0 0 1 1 0 1 1 0 0 0
program/282 0 0 0 0 0 0 1 0 0 0 0 0 0 0 1 0 0 1 1 0 0 1 0 0 0 0 0 1 1 0 1 1 0 0 0
program/267 0 0 1 1 0 0 1 1 1 0 0 0 0 1 1 1 0 1 1 0 0 1 0 0 0 0 0 1 1 1 1 1 0 0 0
program/283 0 0 0 0 0 0 1 0 0 1 0 0 0 1 1 1 0 1 1 0 0 1 0 0 0 1 0 1 1 1 1 1 1 0 0
program/196 1 1 1 1 1 1 1 1 1 1 1 1 1 1 1 1 1 1 1 1 1 1 1 1 1 1 1 1 1 1 1 1 1 0 0
program/284 0 0 0 0 0 0 0 0 0 1 0 0 0 0 0 0 0 0 0 0 0 0 0 0 0 1 0 0 0 0 0 0 1 0 0
program/297 0 0 0 0 0 0 1 0 0 0 0 0 0 1 1 1 0 1 1 0 0 1 0 0 0 0 0 1 1 1 1 1 0 0 0
program/197 0 0 1 1 0 1 1 1 1 1 0 0 1 0 0 0 0 0 0 0 0 0 0 0 0 1 0 0 0 0 0 0 1 0 0
program/237 1 1 1 1 1 1 1 1 1 0 1 1 1 1 1 1 1 1 1 1 1 1 1 1 1 0 1 1 1 1 1 1 0 0 0
program/285 0 0 0 0 0 0 0 0 0 1 0 0 0 0 0 0 0 0 0 0 0 0 0 0 0 1 0 0 0 0 0 0 1 0 0
