ktestWM MFI_KLEE_TOPDIR_TEST_TEMPLATE.sh-out/klee-out-0/test000001.ktest MFI_KLEE_TOPDIR_TEST_TEMPLATE.sh-out/klee-out-0/test000006.ktest MFI_KLEE_TOPDIR_TEST_TEMPLATE.sh-out/klee-out-0/test000002.ktest MFI_KLEE_TOPDIR_TEST_TEMPLATE.sh-out/klee-out-0/test000007.ktest MFI_KLEE_TOPDIR_TEST_TEMPLATE.sh-out/klee-out-0/test000003.ktest MFI_KLEE_TOPDIR_TEST_TEMPLATE.sh-out/klee-out-0/test000005.ktest MFI_KLEE_TOPDIR_TEST_TEMPLATE.sh-out/klee-out-0/test000004.ktest MFI_KLEE_TOPDIR_TEST_TEMPLATE.sh-out/klee-out-0/test000008.ktest heldout-input-pos11-out/Dev-out-0/devtest.ktest heldout-input-pos14-out/Dev-out-0/devtest.ktest heldout-input-pos17-out/Dev-out-0/devtest.ktest heldout-input-pos2-out/Dev-out-0/devtest.ktest heldout-input-pos23-out/Dev-out-0/devtest.ktest heldout-input-pos24-out/Dev-out-0/devtest.ktest heldout-input-pos6-out/Dev-out-0/devtest.ktest heldout-input-pos7-out/Dev-out-0/devtest.ktest input-neg1-out/Dev-out-0/devtest.ktest input-pos1-out/Dev-out-0/devtest.ktest input-pos10-out/Dev-out-0/devtest.ktest input-pos2-out/Dev-out-0/devtest.ktest input-pos3-out/Dev-out-0/devtest.ktest input-pos4-out/Dev-out-0/devtest.ktest input-pos5-out/Dev-out-0/devtest.ktest input-pos6-out/Dev-out-0/devtest.ktest input-pos7-out/Dev-out-0/devtest.ktest input-pos8-out/Dev-out-0/devtest.ktest input-pos9-out/Dev-out-0/devtest.ktest
program/756 0 0 0 0 0 0 0 0 1 1 1 0 1 0 0 0 1 1 1 0 1 1 1 0 0 1 1
program/757 0 0 0 0 0 0 0 0 1 1 1 0 1 0 0 0 1 1 1 0 1 1 1 0 0 1 1
program/754 0 0 0 0 0 0 0 0 1 1 1 0 1 1 0 0 1 1 1 0 1 1 1 0 0 1 1
program/755 0 0 0 0 0 0 0 0 1 1 1 0 1 0 0 0 1 1 1 0 1 1 1 0 0 1 1
program/752 0 0 0 0 0 0 0 0 1 1 1 0 1 1 0 0 1 1 1 0 1 1 1 0 0 1 1
program/753 0 0 0 0 0 0 0 0 1 1 1 0 1 1 0 0 1 1 1 0 1 1 1 0 0 1 1
program/619 0 0 0 0 0 0 0 0 1 1 1 0 1 1 0 0 1 1 1 0 1 1 1 0 0 1 1
program/751 0 0 0 0 0 0 0 0 1 1 1 0 1 1 0 0 1 1 1 0 1 1 1 0 0 1 1
program/616 0 0 0 0 0 0 0 0 1 1 1 0 1 1 0 0 1 1 1 0 1 1 1 0 0 1 1
program/615 0 0 0 0 0 0 0 0 1 1 1 0 1 1 0 0 1 1 1 0 1 1 1 0 0 1 1
program/758 0 0 0 0 0 0 0 0 1 1 1 0 1 1 0 0 1 1 1 0 1 1 1 0 0 1 1
program/759 0 0 0 0 0 0 0 0 1 1 1 0 1 0 0 0 1 0 1 0 0 1 0 0 0 1 0
program/161 0 0 0 1 0 0 0 0 1 1 1 1 1 1 1 1 1 1 1 0 1 1 1 0 0 1 1
program/160 0 0 0 1 0 0 0 0 1 1 1 1 1 1 1 1 1 1 1 0 1 1 1 0 0 1 1
program/163 0 0 0 1 0 0 0 0 1 1 1 1 1 1 1 1 1 1 1 0 1 1 1 0 0 1 1
program/162 0 0 0 1 0 0 0 0 1 1 1 1 1 1 1 1 1 1 1 0 1 1 1 0 0 1 1
program/165 0 0 0 1 0 0 0 0 1 1 1 1 1 1 1 1 1 1 1 0 1 1 1 0 0 1 1
program/164 0 0 0 1 0 0 0 0 1 1 1 1 1 1 1 1 1 1 1 0 1 1 1 0 0 1 1
program/167 0 0 0 1 0 0 0 0 1 1 1 1 1 1 1 1 1 1 1 0 1 1 1 0 0 1 1
program/166 0 0 0 1 0 0 0 0 1 1 1 1 1 1 1 1 1 1 1 0 1 1 1 0 0 1 1
program/169 0 0 0 1 0 0 0 0 1 1 1 1 1 1 1 1 1 1 1 0 1 1 1 0 0 1 1
program/168 0 0 0 1 0 0 0 0 1 1 1 1 1 1 1 1 1 1 1 0 1 1 1 0 0 1 1
program/363 0 1 1 0 1 1 1 0 1 1 1 0 1 1 0 0 1 1 1 0 1 1 1 0 0 1 1
program/362 0 1 1 1 1 1 1 0 1 1 1 1 1 1 1 1 1 1 1 0 1 1 1 0 0 1 1
program/361 0 1 1 1 1 1 1 0 1 1 1 1 1 1 1 1 1 1 1 0 1 1 1 0 0 1 1
program/360 0 1 1 1 1 1 1 0 1 1 1 1 1 1 1 1 1 1 1 0 1 1 1 0 0 1 1
program/367 0 1 1 0 1 1 1 0 1 1 1 0 1 1 0 0 1 1 1 0 1 1 1 0 0 1 1
program/366 0 0 0 0 0 0 0 0 1 1 1 0 0 0 0 0 1 0 0 0 1 1 0 0 0 0 1
program/365 0 0 0 0 0 0 0 0 0 0 0 0 0 0 0 0 0 0 0 0 1 0 0 0 0 0 1
program/364 0 1 1 0 1 1 1 0 1 1 1 0 1 1 0 0 1 1 1 0 1 1 1 0 0 1 1
program/368 0 1 1 0 1 1 1 0 1 1 1 0 1 1 0 0 1 1 1 0 1 1 1 0 0 1 1
program/723 0 0 0 0 0 0 0 0 1 1 1 0 1 0 0 0 1 1 1 0 1 1 1 0 0 1 1
program/722 0 0 0 0 0 0 0 0 1 1 1 0 0 1 0 0 1 1 1 0 1 1 1 0 0 1 1
program/721 0 0 0 0 0 0 0 0 1 1 1 0 1 1 0 0 1 1 1 0 1 1 1 0 0 1 1
program/720 0 0 0 0 0 0 0 0 1 1 1 0 1 1 0 0 1 1 1 0 1 1 1 0 0 1 1
program/727 0 0 0 0 0 0 0 0 1 1 1 0 1 1 0 0 1 1 1 0 1 1 1 0 0 1 1
program/726 0 0 0 0 0 0 0 0 1 1 1 0 1 1 0 0 1 1 1 0 1 1 1 0 0 1 1
program/725 0 0 0 0 0 0 0 0 1 1 1 0 0 0 0 0 1 1 1 0 1 0 1 0 0 1 1
program/724 0 0 0 0 0 0 0 0 1 1 1 0 1 1 0 0 1 1 1 0 1 1 1 0 0 1 1
program/569 0 0 0 0 0 0 0 0 1 1 1 0 0 0 0 0 1 1 1 0 1 1 1 0 0 1 1
program/729 0 0 0 0 0 0 0 0 1 1 1 0 0 1 0 0 1 1 1 0 1 1 1 0 0 1 1
program/728 0 0 0 0 0 0 0 0 1 1 1 0 0 1 0 0 1 1 1 0 1 1 1 0 0 1 1
program/568 0 0 0 0 0 0 0 0 1 1 1 0 1 1 0 0 1 1 1 0 1 1 1 0 0 1 1
program/684 0 0 0 0 0 0 0 0 1 1 1 0 1 1 0 0 1 1 1 0 1 1 1 0 0 1 1
program/685 0 0 0 0 0 0 0 0 1 1 1 0 0 0 0 0 1 1 1 0 1 1 1 0 0 1 1
program/686 0 0 0 0 0 0 0 0 1 1 1 0 0 0 0 0 1 1 1 0 1 1 1 0 0 1 1
program/687 0 0 0 0 0 0 0 0 1 1 1 0 1 1 0 0 1 1 1 0 1 1 1 0 0 1 1
program/680 0 0 0 0 0 0 0 0 1 1 1 0 1 1 0 0 1 1 1 0 1 1 1 0 0 1 1
program/681 0 0 0 0 0 0 0 0 1 1 1 0 1 1 0 0 1 1 1 0 1 1 1 0 0 1 1
program/682 0 0 0 0 0 0 0 0 1 1 1 0 1 1 0 0 1 1 1 0 1 1 1 0 0 1 1
program/683 0 0 0 0 0 0 0 0 1 1 1 0 1 1 0 0 1 1 1 0 1 1 1 0 0 1 1
program/688 0 0 0 0 0 0 0 0 1 1 1 0 1 1 0 0 1 1 1 0 1 1 1 0 0 1 1
program/689 0 0 0 0 0 0 0 0 1 1 1 0 1 1 0 0 1 1 1 0 1 1 1 0 0 1 1
program/864 0 0 0 0 0 0 0 0 1 1 1 0 1 1 0 0 1 1 1 0 1 1 1 0 0 1 1
program/865 0 0 0 0 0 0 0 0 1 1 1 0 1 1 0 0 1 1 1 0 1 1 1 0 0 1 1
program/866 0 0 0 0 0 0 0 0 1 1 1 0 0 0 0 0 1 1 1 0 1 1 1 0 0 1 1
program/867 0 0 0 0 0 0 0 0 1 1 1 0 1 1 0 0 1 1 1 0 1 1 1 0 0 1 1
program/860 0 0 0 0 0 0 0 0 1 1 1 0 1 1 0 0 1 1 1 0 1 1 1 0 0 1 1
program/863 0 0 0 0 0 0 0 0 1 1 1 0 1 1 0 0 1 1 1 0 1 1 1 0 0 1 1
program/561 0 1 1 0 1 1 1 0 1 1 1 0 1 1 0 0 1 1 1 0 1 1 1 0 0 1 1
program/868 0 0 0 0 0 0 0 0 1 1 1 0 0 0 0 0 1 1 1 0 1 1 1 0 0 1 1
program/869 0 0 0 0 0 0 0 0 1 1 1 0 1 1 0 0 1 1 1 0 1 1 1 0 0 1 1
program/560 0 1 1 0 1 1 1 0 1 1 1 0 1 1 0 0 1 1 1 0 1 1 1 0 0 1 1
program/539 0 1 1 0 1 1 1 0 1 1 1 0 1 1 0 0 1 1 1 0 1 1 1 0 0 1 1
program/534 0 1 1 0 1 1 1 0 1 1 1 0 1 1 0 0 1 1 1 0 1 1 1 0 0 1 1
program/535 0 1 1 0 1 1 1 0 1 1 1 0 1 1 0 0 1 1 1 0 1 1 1 0 0 1 1
program/532 0 1 1 0 1 1 1 0 1 1 1 0 1 1 0 0 1 1 1 0 1 1 1 0 0 1 1
program/533 0 1 1 0 1 1 1 0 1 1 1 0 1 1 0 0 1 1 1 0 1 1 1 0 0 1 1
program/530 0 1 1 0 1 1 1 0 1 1 1 0 1 1 0 0 1 1 1 0 1 1 1 0 0 1 1
program/531 0 1 1 0 1 1 1 0 1 1 1 0 1 1 0 0 1 1 1 0 1 1 1 0 0 1 1
program/437 0 1 1 0 1 1 1 0 1 1 1 0 1 1 0 0 1 1 1 0 1 1 1 0 0 1 1
program/436 0 0 0 0 0 0 0 0 1 1 1 0 0 0 0 0 1 1 0 0 1 0 0 0 0 0 1
program/435 0 0 0 0 0 0 0 0 1 1 1 0 0 0 0 0 1 0 0 0 0 0 0 0 0 0 0
program/434 0 0 0 0 0 0 0 0 1 1 1 0 0 0 0 0 1 1 0 0 1 0 0 0 0 0 1
program/433 0 1 1 0 1 1 1 0 1 1 1 0 1 1 0 0 1 0 1 0 0 1 1 0 0 1 0
program/432 0 0 0 0 0 0 0 0 1 1 1 0 0 0 0 0 1 1 0 0 1 0 0 0 0 0 1
program/431 0 1 1 0 1 1 1 0 1 1 1 0 1 1 0 0 1 1 1 0 1 1 1 0 0 1 1
program/439 0 1 1 0 1 1 1 0 1 1 1 0 1 1 0 0 1 1 1 0 1 1 1 0 0 1 1
program/438 0 0 0 0 0 0 0 0 1 1 1 0 0 0 0 0 1 0 0 0 0 0 0 0 0 0 0
program/189 0 0 0 1 0 0 0 0 1 1 1 1 1 1 1 1 1 1 1 0 1 1 1 0 0 1 1
program/188 0 0 0 1 0 0 0 0 1 1 1 1 0 0 1 1 1 1 1 0 1 1 1 0 0 1 1
program/183 0 0 0 1 0 0 0 0 1 1 1 1 1 1 1 1 1 1 1 0 1 1 1 0 0 1 1
program/182 0 0 0 1 0 0 0 0 1 1 1 1 1 1 1 1 1 1 1 0 1 1 1 0 0 1 1
program/181 0 0 0 1 0 0 0 0 1 1 1 1 1 1 1 1 1 1 1 0 1 1 1 0 0 1 1
program/187 0 0 0 1 0 0 0 0 1 1 1 1 1 1 1 1 1 1 1 0 1 1 1 0 0 1 1
program/186 0 0 0 1 0 0 0 0 1 1 1 1 0 0 1 1 1 1 1 0 1 1 1 0 0 1 1
program/185 0 0 0 1 0 0 0 0 1 1 1 1 1 1 1 1 1 1 1 0 1 1 1 0 0 1 1
program/184 0 0 0 1 0 0 0 0 1 1 1 1 0 0 1 1 1 1 1 0 1 1 1 0 0 1 1
program/510 0 0 0 1 0 0 0 0 0 0 0 1 0 0 1 1 0 0 0 0 0 0 0 0 0 0 0
program/82 0 0 0 1 0 0 0 0 1 1 1 1 0 0 1 1 1 0 1 0 1 0 1 0 0 1 1
program/222 0 0 0 1 0 0 0 0 0 0 0 1 0 0 1 1 0 0 0 0 0 0 0 0 0 0 0
program/223 0 0 0 1 0 0 0 0 0 0 0 1 0 0 1 1 0 0 0 0 0 0 0 0 0 0 0
program/220 0 0 0 1 0 0 0 0 0 0 0 1 0 0 1 1 0 0 0 0 0 0 0 0 0 0 0
program/221 0 0 0 1 0 0 0 0 0 0 0 1 0 0 1 1 0 0 0 0 0 0 0 0 0 0 0
program/226 0 1 1 1 1 1 1 0 1 1 1 1 1 1 1 1 1 1 1 0 1 1 1 0 0 1 1
program/227 0 0 0 0 0 0 0 0 0 0 0 0 0 0 0 0 0 0 0 0 0 1 0 0 0 0 0
program/224 0 0 0 1 0 0 0 0 0 0 0 1 0 0 1 1 0 0 0 0 0 0 0 0 0 0 0
program/225 0 1 1 1 1 1 1 0 1 1 1 1 1 1 1 1 1 1 1 0 1 1 1 0 0 1 1
program/543 0 1 1 0 1 1 1 0 1 1 1 0 1 1 0 0 1 1 1 0 1 1 1 0 0 1 1
program/228 0 0 0 1 0 0 0 0 0 0 0 1 0 0 1 1 0 0 0 0 0 0 0 0 0 0 0
program/229 0 0 0 1 0 0 0 0 0 0 0 1 0 0 1 1 0 0 0 0 0 0 0 0 0 0 0
program/547 0 1 1 0 1 1 1 0 1 1 1 0 1 1 0 0 1 1 1 0 1 1 1 0 0 1 1
program/546 0 0 0 0 0 0 0 0 1 1 1 0 1 1 0 0 1 1 1 0 1 1 1 0 0 1 1
program/544 0 1 1 0 1 1 1 0 1 1 1 0 1 1 0 0 1 1 1 0 1 1 1 0 0 1 1
program/841 0 0 0 0 0 0 0 0 1 1 1 0 1 1 0 0 1 1 1 0 1 1 1 0 0 1 1
program/518 0 1 1 0 1 1 1 0 1 1 1 0 1 1 0 0 1 1 1 0 1 1 1 0 0 1 1
program/84 0 0 0 1 0 0 0 0 1 1 1 1 1 1 1 1 1 1 1 0 1 1 1 0 0 1 1
program/323 0 1 1 1 1 1 1 0 1 1 1 1 1 1 1 1 1 1 1 0 1 1 1 0 0 1 1
program/322 0 1 1 1 1 1 1 0 1 1 1 1 1 1 1 1 1 1 1 0 1 1 1 0 0 1 1
program/321 0 1 1 1 1 1 1 0 1 1 1 1 1 1 1 1 1 1 1 0 1 1 1 0 0 1 1
program/320 0 1 1 1 1 1 1 0 1 1 1 1 1 1 1 1 1 1 1 0 1 1 1 0 0 1 1
program/49 1 1 1 1 1 1 1 1 1 1 1 1 1 1 1 1 1 1 1 0 1 1 1 0 0 1 1
program/48 1 1 1 1 1 1 1 1 1 1 1 1 1 1 1 1 1 1 1 0 1 1 1 0 0 1 1
program/673 0 0 0 0 0 0 0 0 1 1 1 0 1 1 0 0 1 1 1 0 1 1 1 0 0 1 1
program/45 1 1 1 1 1 1 1 1 1 1 1 1 1 1 1 1 1 1 1 0 1 1 1 0 0 1 1
program/44 1 1 1 1 1 1 1 1 1 1 1 1 1 1 1 1 1 1 1 0 1 1 1 0 0 1 1
program/47 0 0 0 1 0 0 0 0 1 1 1 1 0 0 1 0 1 1 1 0 1 1 1 0 0 1 1
program/46 0 0 0 1 0 0 0 0 1 1 1 1 1 1 1 1 1 1 1 0 1 1 1 0 0 1 1
program/41 0 0 0 1 0 0 0 0 1 1 1 1 1 1 1 1 1 1 1 0 1 1 1 0 0 1 1
program/40 1 1 1 1 1 1 1 1 1 1 1 1 1 1 1 1 1 1 1 0 1 1 1 0 0 1 1
program/43 0 0 0 1 0 0 0 0 1 1 1 1 1 1 1 1 1 1 1 0 1 1 1 0 0 1 1
program/42 0 0 0 1 0 0 0 0 1 1 1 1 1 1 1 1 1 1 1 0 1 1 1 0 0 1 1
program/486 0 1 1 0 1 1 1 0 1 1 1 0 1 1 0 0 1 1 1 0 1 1 1 0 0 1 1
program/487 0 1 1 0 1 1 1 0 1 1 1 0 1 1 0 0 1 1 1 0 1 1 1 0 0 1 1
program/484 0 1 1 0 1 1 1 0 1 1 1 0 1 1 0 0 1 1 1 0 1 1 1 0 0 1 1
program/485 0 1 1 0 1 1 1 0 1 1 1 0 1 1 0 0 1 1 1 0 1 1 1 0 0 1 1
program/482 0 1 1 0 1 1 1 0 1 1 1 0 1 1 0 0 1 1 1 0 1 1 1 0 0 1 1
program/483 0 1 1 0 1 1 1 0 1 1 1 0 1 1 0 0 1 1 1 0 1 1 1 0 0 1 1
program/480 0 1 1 0 1 1 1 0 1 1 1 0 1 1 0 0 1 1 1 0 1 1 1 0 0 1 1
program/481 0 1 1 0 1 1 1 0 1 1 1 0 1 1 0 0 1 1 1 0 1 1 1 0 0 1 1
program/767 0 0 0 0 0 0 0 0 1 1 1 0 1 0 0 0 1 0 1 0 0 1 0 0 0 1 0
program/766 0 0 0 0 0 0 0 0 1 1 1 0 1 1 0 0 1 1 1 0 1 1 1 0 0 1 1
program/765 0 0 0 0 0 0 0 0 1 1 1 0 1 0 0 0 1 1 1 0 1 1 1 0 0 1 1
program/764 0 0 0 0 0 0 0 0 1 1 1 0 1 0 0 0 1 1 1 0 1 1 1 0 0 1 1
program/763 0 0 0 0 0 0 0 0 1 1 1 0 1 0 0 0 1 1 1 0 1 1 1 0 0 1 1
program/762 0 0 0 0 0 0 0 0 1 1 1 0 1 0 0 0 1 1 1 0 1 1 1 0 0 1 1
program/488 0 1 1 0 1 1 1 0 1 1 1 0 1 1 0 0 1 1 1 0 1 1 1 0 0 1 1
program/489 0 1 1 0 1 1 1 0 1 1 1 0 1 1 0 0 1 1 1 0 1 1 1 0 0 1 1
program/640 0 0 0 0 0 0 0 0 1 1 1 0 1 1 0 0 1 1 1 0 1 1 1 0 0 1 1
program/641 0 0 0 0 0 0 0 0 1 1 1 0 1 1 0 0 1 1 1 0 1 1 1 0 0 1 1
program/138 0 0 0 1 0 0 0 0 1 1 1 1 1 1 1 1 1 1 1 0 1 1 1 0 0 1 1
program/139 0 0 0 1 0 0 0 0 1 1 1 1 1 1 1 1 1 1 1 0 1 1 1 0 0 1 1
program/644 0 0 0 0 0 0 0 0 1 1 1 0 1 1 0 0 1 1 1 0 1 1 1 0 0 1 1
program/645 0 0 0 0 0 0 0 0 1 1 1 0 0 0 0 0 1 1 1 0 1 1 1 0 0 1 1
program/646 0 0 0 0 0 0 0 0 1 1 1 0 1 1 0 0 1 1 1 0 1 1 1 0 0 1 1
program/647 0 0 0 0 0 0 0 0 1 1 1 0 1 1 0 0 1 1 1 0 1 1 1 0 0 1 1
program/132 0 0 0 1 0 0 0 0 1 1 1 1 1 1 1 1 1 1 1 0 1 1 1 0 0 1 1
program/133 0 0 0 1 0 0 0 0 1 1 1 1 0 0 1 0 1 1 1 0 1 1 1 0 0 1 1
program/130 0 0 0 1 0 0 0 0 1 1 1 1 0 0 1 0 1 1 1 0 1 1 1 0 0 1 1
program/131 0 0 0 1 0 0 0 0 1 1 1 1 1 1 1 1 1 1 1 0 1 1 1 0 0 1 1
program/136 0 0 0 1 0 0 0 0 1 1 1 1 1 1 1 1 1 1 1 0 1 1 1 0 0 1 1
program/137 0 0 0 0 0 0 0 0 1 1 0 0 0 0 0 0 1 0 1 0 0 0 0 0 0 1 0
program/134 0 0 0 0 0 0 0 0 1 1 0 0 0 0 0 0 1 0 1 0 0 0 0 0 0 1 0
program/135 0 0 0 1 0 0 0 0 1 1 1 1 1 1 1 1 1 1 1 0 1 1 1 0 0 1 1
program/768 0 0 0 0 0 0 0 0 1 1 1 0 1 0 0 0 1 1 1 0 1 1 1 0 0 1 1
program/781 0 0 0 0 0 0 0 0 1 1 1 0 1 0 0 0 1 1 1 0 1 1 1 0 0 1 1
program/780 0 0 0 0 0 0 0 0 1 1 1 0 1 0 0 0 1 1 1 0 1 1 1 0 0 1 1
program/819 0 0 0 0 0 0 0 0 1 1 1 0 1 1 0 0 1 1 1 0 1 1 1 0 0 1 1
program/818 0 0 0 0 0 0 0 0 1 1 1 0 1 0 0 0 1 1 1 0 1 1 1 0 0 1 1
program/815 0 0 0 0 0 0 0 0 1 1 1 0 1 0 0 0 1 1 1 0 1 1 1 0 0 1 1
program/814 0 0 0 0 0 0 0 0 1 1 1 0 1 0 0 0 1 1 1 0 1 1 1 0 0 1 1
program/817 0 0 0 0 0 0 0 0 1 1 1 0 1 0 0 0 1 1 1 0 1 1 1 0 0 1 1
program/816 0 0 0 0 0 0 0 0 1 1 1 0 1 0 0 0 1 1 1 0 1 1 1 0 0 1 1
program/811 0 0 0 0 0 0 0 0 1 1 1 0 1 0 0 0 1 1 1 0 1 1 1 0 0 1 1
program/810 0 0 0 0 0 0 0 0 1 1 1 0 1 0 0 0 1 1 1 0 1 1 1 0 0 1 1
program/813 0 0 0 0 0 0 0 0 1 1 1 0 1 0 0 0 1 1 1 0 1 1 1 0 0 1 1
program/812 0 0 0 0 0 0 0 0 1 1 1 0 1 0 0 0 1 1 1 0 1 1 1 0 0 1 1
program/268 0 1 1 1 1 1 1 0 1 1 1 1 1 1 1 1 1 1 1 0 1 1 1 0 0 1 1
program/269 0 1 1 1 1 1 1 0 1 1 1 1 1 1 1 1 1 1 1 0 1 1 1 0 0 1 1
program/266 0 1 1 1 1 1 1 0 1 1 1 1 1 1 1 1 1 1 1 0 1 1 1 0 0 1 1
program/267 0 1 1 1 1 1 1 0 1 1 1 1 1 1 1 1 1 1 1 0 1 1 1 0 0 1 1
program/264 0 1 1 1 1 1 1 0 1 1 1 1 1 1 1 1 1 1 1 0 1 1 1 0 0 1 1
program/265 0 1 1 1 1 1 1 0 1 1 1 1 1 1 1 1 1 1 1 0 1 1 1 0 0 1 1
program/262 0 1 1 1 1 1 1 0 1 1 1 1 1 1 1 1 1 1 1 0 1 1 1 0 0 1 1
program/263 0 1 1 1 1 1 1 0 1 1 1 1 1 1 1 1 1 1 1 0 1 1 1 0 0 1 1
program/260 0 1 1 1 1 1 1 0 1 1 1 1 1 1 1 1 1 1 1 0 1 1 1 0 0 1 1
program/261 0 1 1 1 1 1 1 0 1 1 1 1 1 1 1 1 1 1 1 0 1 1 1 0 0 1 1
program/468 0 1 1 0 1 1 1 0 1 1 1 0 1 1 0 0 1 1 1 0 1 1 1 0 0 1 1
program/469 0 1 1 0 1 1 1 0 1 1 1 0 1 1 0 0 1 1 1 0 1 1 1 0 0 1 1
program/505 0 1 1 0 1 1 1 0 1 1 1 0 1 1 0 0 1 1 1 0 1 1 1 0 0 1 1
program/504 0 1 1 0 1 1 1 0 1 1 1 0 1 1 0 0 1 1 1 0 1 1 1 0 0 1 1
program/503 0 1 1 0 1 1 1 0 1 1 1 0 1 1 0 0 1 1 1 0 1 1 1 0 0 1 1
program/502 0 1 1 0 1 1 1 0 1 1 1 0 1 1 0 0 1 1 1 0 1 1 1 0 0 1 1
program/501 0 1 1 0 1 1 1 0 1 1 1 0 1 1 0 0 1 1 1 0 1 1 1 0 0 1 1
program/500 0 1 1 0 1 1 1 0 1 1 1 0 1 1 0 0 1 1 1 0 1 1 1 0 0 1 1
program/460 0 1 1 0 1 1 1 0 1 1 1 0 1 1 0 0 1 1 1 0 1 1 1 0 0 1 1
program/461 0 1 1 0 1 1 1 0 1 1 1 0 1 1 0 0 1 1 1 0 1 1 1 0 0 1 1
program/462 0 1 1 0 1 1 1 0 1 1 1 0 1 1 0 0 1 1 1 0 1 1 1 0 0 1 1
program/463 0 1 1 0 1 1 1 0 1 1 1 0 1 1 0 0 1 1 1 0 1 1 1 0 0 1 1
program/464 0 1 1 0 1 1 1 0 1 1 1 0 1 1 0 0 1 1 1 0 1 1 1 0 0 1 1
program/465 0 1 1 0 1 1 1 0 1 1 1 0 1 1 0 0 1 1 1 0 1 1 1 0 0 1 1
program/466 0 1 1 0 1 1 1 0 1 1 1 0 1 1 0 0 1 1 1 0 1 1 1 0 0 1 1
program/467 0 1 1 0 1 1 1 0 1 1 1 0 1 1 0 0 1 1 1 0 1 1 1 0 0 1 1
program/750 0 0 0 0 0 0 0 0 1 1 1 0 1 1 0 0 1 1 1 0 1 1 1 0 0 1 1
program/34 0 0 0 1 0 0 0 0 1 1 1 1 1 1 1 1 1 1 1 0 1 1 1 0 0 1 1
program/35 0 0 0 1 0 0 0 0 1 1 1 1 1 1 1 1 1 1 1 0 1 1 1 0 0 1 1
program/37 0 0 0 1 0 0 0 0 1 1 1 1 1 1 1 1 1 1 1 0 1 1 1 0 0 1 1
program/30 1 1 1 1 1 1 1 1 1 1 1 1 1 1 1 1 1 1 1 0 1 1 1 0 0 1 1
program/31 1 1 1 1 1 1 1 1 1 1 1 1 1 1 1 1 1 1 1 0 1 1 1 0 0 1 1
program/32 1 1 1 1 1 1 1 1 1 1 1 1 1 1 1 1 1 1 1 0 1 1 1 0 0 1 1
program/33 1 1 1 1 1 1 1 1 1 1 1 1 1 1 1 1 1 1 1 0 1 1 1 0 0 1 1
program/38 1 1 1 1 1 1 1 1 1 1 1 1 1 1 1 1 1 1 1 0 1 1 1 0 0 1 1
program/39 1 1 1 1 1 1 1 1 1 1 1 1 1 1 1 1 1 1 1 0 1 1 1 0 0 1 1
program/719 0 0 0 0 0 0 0 0 1 1 1 0 1 0 0 0 1 1 1 0 1 1 1 0 0 1 1
program/219 0 0 0 1 0 0 0 0 0 0 0 1 0 0 1 1 0 0 0 0 0 0 0 0 0 0 0
program/218 0 0 0 1 0 0 0 0 0 0 0 1 0 0 1 1 0 0 0 0 0 0 0 0 0 0 0
program/213 0 1 1 1 1 1 1 0 1 1 1 1 1 1 1 1 1 1 1 0 1 1 1 0 0 1 1
program/212 0 1 1 1 1 1 1 0 1 1 1 1 1 1 1 1 1 1 1 0 1 1 1 0 0 1 1
program/211 0 0 0 1 0 0 0 0 1 1 1 1 1 1 1 1 1 1 1 0 1 1 1 0 0 1 1
program/210 0 0 0 1 0 0 0 0 1 1 1 1 1 1 1 1 1 1 1 0 1 1 1 0 0 1 1
program/217 0 1 1 1 1 1 1 0 1 1 1 1 1 1 1 1 1 1 1 0 1 1 1 0 0 1 1
program/216 0 1 1 1 1 1 1 0 1 1 1 1 1 1 1 1 1 1 1 0 1 1 1 0 0 1 1
program/215 0 0 0 1 0 0 0 0 0 0 0 1 0 0 1 0 0 0 0 0 0 1 0 0 0 0 0
program/214 0 0 0 0 0 0 0 0 0 0 0 0 0 0 0 0 0 0 0 0 0 1 0 0 0 0 0
program/712 0 0 0 0 0 0 0 0 1 1 1 0 0 1 0 0 1 1 1 0 1 1 1 0 0 1 1
program/761 0 0 0 0 0 0 0 0 1 1 1 0 1 0 0 0 1 1 1 0 1 1 1 0 0 1 1
program/713 0 0 0 0 0 0 0 0 1 1 1 0 1 1 0 0 1 1 1 0 1 1 1 0 0 1 1
program/608 0 0 0 0 0 0 0 0 1 1 1 0 1 1 0 0 1 1 1 0 1 1 1 0 0 1 1
program/609 0 0 0 0 0 0 0 0 1 1 1 0 1 1 0 0 1 1 1 0 1 1 1 0 0 1 1
program/604 0 0 0 0 0 0 0 0 1 1 1 0 1 1 0 0 1 1 1 0 1 1 1 0 0 1 1
program/605 0 0 0 0 0 0 0 0 1 1 1 0 1 1 0 0 1 1 1 0 1 1 1 0 0 1 1
program/606 0 0 0 0 0 0 0 0 1 1 1 0 1 1 0 0 1 1 1 0 1 1 1 0 0 1 1
program/607 0 0 0 0 0 0 0 0 1 1 1 0 1 1 0 0 1 1 1 0 1 1 1 0 0 1 1
program/600 0 0 0 0 0 0 0 0 1 1 1 0 1 1 0 0 1 1 1 0 1 1 1 0 0 1 1
program/601 0 0 0 0 0 0 0 0 1 1 1 0 1 1 0 0 1 1 1 0 1 1 1 0 0 1 1
program/602 0 0 0 0 0 0 0 0 1 1 1 0 1 1 0 0 1 1 1 0 1 1 1 0 0 1 1
program/603 0 0 0 0 0 0 0 0 1 1 1 0 1 1 0 0 1 1 1 0 1 1 1 0 0 1 1
program/176 0 0 0 1 0 0 0 0 1 1 1 1 1 1 1 1 1 1 1 0 1 1 1 0 0 1 1
program/177 0 0 0 1 0 0 0 0 1 1 1 1 1 1 1 1 1 1 1 0 1 1 1 0 0 1 1
program/172 0 0 0 1 0 0 0 0 1 1 1 1 1 1 1 1 1 1 1 0 1 1 1 0 0 1 1
program/170 0 0 0 1 0 0 0 0 1 1 1 1 1 1 1 1 1 1 1 0 1 1 1 0 0 1 1
program/171 0 0 0 1 0 0 0 0 1 1 1 1 1 1 1 1 1 1 1 0 1 1 1 0 0 1 1
program/178 0 0 0 1 0 0 0 0 1 1 1 1 1 1 1 1 1 1 1 0 1 1 1 0 0 1 1
program/376 0 1 1 0 1 1 1 0 1 1 1 0 1 1 0 0 1 1 1 0 1 1 1 0 0 1 1
program/377 0 1 1 0 1 1 1 0 1 1 1 0 1 1 0 0 1 1 1 0 1 1 1 0 0 1 1
program/378 0 0 0 0 0 0 0 0 1 1 1 0 0 0 0 0 1 0 0 0 1 1 0 0 0 0 1
program/654 0 0 0 0 0 0 0 0 1 1 1 0 1 1 0 0 1 1 1 0 1 1 1 0 0 1 1
program/743 0 0 0 0 0 0 0 0 1 1 1 0 1 1 0 0 1 1 1 0 1 1 1 0 0 1 1
program/730 0 0 0 0 0 0 0 0 1 1 1 0 0 1 0 0 1 1 1 0 1 1 1 0 0 1 1
program/732 0 0 0 0 0 0 0 0 1 1 1 0 0 1 0 0 1 1 1 0 1 1 1 0 0 1 1
program/733 0 0 0 0 0 0 0 0 1 1 1 0 1 1 0 0 1 1 1 0 1 1 1 0 0 1 1
program/734 0 0 0 0 0 0 0 0 1 1 1 0 1 1 0 0 1 1 1 0 1 1 1 0 0 1 1
program/735 0 0 0 0 0 0 0 0 1 1 1 0 1 0 0 0 1 1 1 0 1 1 1 0 0 1 1
program/736 0 0 0 0 0 0 0 0 1 1 1 0 1 1 0 0 1 1 1 0 1 1 1 0 0 1 1
program/737 0 0 0 0 0 0 0 0 1 1 1 0 1 1 0 0 1 1 1 0 1 1 1 0 0 1 1
program/738 0 0 0 0 0 0 0 0 1 1 1 0 1 1 0 0 1 1 1 0 1 1 1 0 0 1 1
program/739 0 0 0 0 0 0 0 0 1 1 1 0 1 1 0 0 1 1 1 0 1 1 1 0 0 1 1
program/103 0 0 0 1 0 0 0 0 1 1 1 1 1 1 1 1 1 1 1 0 1 1 1 0 0 1 1
program/102 0 0 0 1 0 0 0 0 1 1 1 1 1 1 1 1 1 1 1 0 1 1 1 0 0 1 1
program/101 0 0 0 1 0 0 0 0 1 1 1 1 1 1 1 1 1 1 1 0 1 1 1 0 0 1 1
program/100 0 0 0 1 0 0 0 0 1 1 1 1 1 1 1 1 1 1 1 0 1 1 1 0 0 1 1
program/107 0 0 0 1 0 0 0 0 1 1 1 1 1 1 1 1 1 1 1 0 1 1 1 0 0 1 1
program/106 0 0 0 1 0 0 0 0 1 1 1 1 1 1 1 1 1 1 1 0 1 1 1 0 0 1 1
program/105 0 0 0 1 0 0 0 0 1 1 1 1 1 1 1 1 1 1 1 0 1 1 1 0 0 1 1
program/104 0 0 0 1 0 0 0 0 1 1 1 1 1 1 1 1 1 1 1 0 1 1 1 0 0 1 1
program/109 0 0 0 1 0 0 0 0 1 1 1 1 1 1 1 1 1 1 1 0 1 1 1 0 0 1 1
program/108 0 0 0 1 0 0 0 0 1 1 1 1 1 1 1 1 1 1 1 0 1 1 1 0 0 1 1
program/677 0 0 0 0 0 0 0 0 1 1 1 0 1 1 0 0 1 1 1 0 1 1 1 0 0 1 1
program/748 0 0 0 0 0 0 0 0 1 1 1 0 0 1 0 0 1 1 1 0 1 1 1 0 0 1 1
program/559 0 0 0 0 0 0 0 0 1 1 1 0 1 1 0 0 1 1 1 0 1 1 1 0 0 1 1
program/667 0 0 0 0 0 0 0 0 1 1 1 0 1 1 0 0 1 1 1 0 1 1 1 0 0 1 1
program/424 0 0 0 0 0 0 0 0 1 1 1 0 0 0 0 0 1 1 0 0 1 0 0 0 0 0 1
program/425 0 1 1 0 1 1 1 0 1 1 1 0 1 1 0 0 1 1 1 0 1 1 1 0 0 1 1
program/426 0 1 1 0 1 1 1 0 0 0 0 0 1 1 0 0 0 1 1 0 1 1 1 0 0 1 1
program/427 0 1 1 0 1 1 1 0 1 1 1 0 1 1 0 0 1 1 1 0 1 1 1 0 0 1 1
program/420 0 1 1 0 1 1 1 0 0 0 0 0 1 1 0 0 0 1 1 0 1 1 1 0 0 1 1
program/421 0 0 0 0 0 0 0 0 1 1 1 0 0 0 0 0 1 1 0 0 1 0 0 0 0 0 1
program/422 0 1 1 0 1 1 1 0 1 1 1 0 1 1 0 0 1 1 1 0 1 1 1 0 0 1 1
program/423 0 1 1 0 1 1 1 0 0 0 0 0 1 1 0 0 0 1 1 0 1 1 1 0 0 1 1
program/785 0 0 0 0 0 0 0 0 1 1 1 0 1 0 0 0 1 1 1 0 1 1 1 0 0 1 1
program/784 0 0 0 0 0 0 0 0 1 1 1 0 1 0 0 0 1 1 1 0 1 1 1 0 0 1 1
program/787 0 0 0 0 0 0 0 0 1 1 1 0 1 0 0 0 1 1 1 0 1 1 1 0 0 1 1
program/786 0 0 0 0 0 0 0 0 1 1 1 0 1 0 0 0 1 1 1 0 1 1 1 0 0 1 1
program/428 0 0 0 0 0 0 0 0 1 1 1 0 0 0 0 0 1 0 0 0 0 0 0 0 0 0 0
program/429 0 1 1 0 1 1 1 0 0 0 0 0 1 1 0 0 0 1 1 0 1 1 1 0 0 1 1
program/783 0 0 0 0 0 0 0 0 1 1 1 0 1 1 0 0 1 1 1 0 1 1 1 0 0 1 1
program/782 0 0 0 0 0 0 0 0 1 1 1 0 1 1 0 0 1 1 1 0 1 1 1 0 0 1 1
program/198 0 0 0 1 0 0 0 0 1 1 1 1 1 1 1 1 1 1 1 0 1 1 1 0 0 1 1
program/199 0 0 0 1 0 0 0 0 1 1 1 1 1 1 1 1 1 1 1 0 1 1 1 0 0 1 1
program/92 0 0 0 1 0 0 0 0 1 1 1 1 0 0 1 0 1 1 1 0 1 1 1 0 0 1 0
program/551 0 1 1 0 1 1 1 0 1 1 1 0 1 1 0 0 1 1 1 0 1 1 1 0 0 1 1
program/190 0 0 0 1 0 0 0 0 1 1 1 1 0 0 1 1 1 1 1 0 1 1 1 0 0 1 1
program/191 0 0 0 1 0 0 0 0 1 1 1 1 0 0 1 1 1 1 1 0 1 1 1 0 0 1 1
program/192 0 0 0 1 0 0 0 0 1 1 1 1 0 0 1 1 1 1 1 0 1 1 1 0 0 1 1
program/193 0 0 0 1 0 0 0 0 1 1 1 1 1 1 1 1 1 1 1 0 1 1 1 0 0 1 1
program/194 0 0 0 1 0 0 0 0 1 1 1 1 1 1 1 1 1 1 1 0 1 1 1 0 0 1 1
program/195 0 0 0 1 0 0 0 0 1 1 1 1 1 1 1 1 1 1 1 0 1 1 1 0 0 1 1
program/196 0 0 0 1 0 0 0 0 1 1 1 1 1 1 1 1 1 1 1 0 1 1 1 0 0 1 1
program/197 0 0 0 1 0 0 0 0 1 1 1 1 0 0 1 0 1 1 1 0 1 1 1 0 0 1 1
program/93 0 0 0 1 0 0 0 0 1 1 1 1 0 0 1 1 1 1 1 0 1 1 1 0 0 1 1
program/81 0 0 0 1 0 0 0 0 1 1 1 1 1 1 1 1 1 1 1 0 1 1 1 0 0 1 1
program/556 0 0 0 0 0 0 0 0 1 1 1 0 1 1 0 0 1 1 1 0 1 1 1 0 0 1 1
program/80 0 0 0 1 0 0 0 0 1 1 1 1 0 0 1 1 1 0 1 0 1 0 1 0 0 1 1
program/557 0 0 0 0 0 0 0 0 1 1 1 0 1 1 0 0 1 1 1 0 1 1 1 0 0 1 1
program/83 0 0 0 1 0 0 0 0 1 1 1 1 1 1 1 1 1 1 1 0 1 1 1 0 0 1 1
program/257 0 1 1 1 1 1 1 0 1 1 1 1 1 1 1 1 1 1 1 0 1 1 1 0 0 1 1
program/256 0 1 1 1 1 1 1 0 1 1 1 1 1 1 1 1 1 1 1 0 1 1 1 0 0 1 1
program/255 0 1 1 1 1 1 1 0 0 0 0 1 0 0 1 1 0 0 0 0 0 0 0 0 0 0 0
program/254 0 0 0 0 0 0 0 0 0 0 0 0 0 0 0 1 0 0 0 0 0 0 0 0 0 0 0
program/253 0 0 0 1 0 0 0 0 0 0 0 1 0 0 1 1 0 0 0 0 0 0 0 0 0 0 0
program/252 0 0 0 1 0 0 0 0 0 0 0 1 0 0 1 1 0 0 0 0 0 0 0 0 0 0 0
program/251 0 0 0 1 0 0 0 0 0 0 0 1 0 0 1 1 0 0 0 0 0 0 0 0 0 0 0
program/250 0 0 0 1 0 0 0 0 0 0 0 1 0 0 1 1 0 0 0 0 0 0 0 0 0 0 0
program/550 0 1 1 0 1 1 1 0 1 1 1 0 1 1 0 0 1 1 1 0 1 1 1 0 0 1 1
program/85 0 0 0 1 0 0 0 0 1 1 1 1 1 1 1 1 1 1 1 0 1 1 1 0 0 1 1
program/552 0 1 1 0 1 1 1 0 1 1 1 0 1 1 0 0 1 1 1 0 1 1 1 0 0 1 1
program/553 0 1 1 0 1 1 1 0 1 1 1 0 1 1 0 0 1 1 1 0 1 1 1 0 0 1 1
program/554 0 1 1 0 1 1 1 0 1 1 1 0 1 1 0 0 1 1 1 0 1 1 1 0 0 1 1
program/555 0 1 1 0 1 1 1 0 1 1 1 0 1 1 0 0 1 1 1 0 1 1 1 0 0 1 1
program/259 0 1 1 1 1 1 1 0 1 1 1 1 1 1 1 1 1 1 1 0 1 1 1 0 0 1 1
program/258 0 1 1 1 1 1 1 0 1 1 1 1 1 1 1 1 1 1 1 0 1 1 1 0 0 1 1
program/859 0 0 0 0 0 0 0 0 1 1 1 0 1 1 0 0 1 1 1 0 1 1 1 0 0 1 1
program/87 0 0 0 1 0 0 0 0 1 1 1 1 1 1 1 1 1 1 1 0 1 1 1 0 0 1 1
program/851 0 0 0 0 0 0 0 0 1 1 1 0 1 1 0 0 1 1 1 0 1 1 1 0 0 1 1
program/850 0 0 0 0 0 0 0 0 1 1 1 0 1 1 0 0 1 1 1 0 1 1 1 0 0 1 1
program/718 0 0 0 0 0 0 0 0 1 1 1 0 1 1 0 0 1 1 1 0 1 1 1 0 0 1 1
program/86 0 0 0 1 0 0 0 0 1 1 1 1 0 0 1 1 1 0 1 0 1 0 1 0 0 1 0
program/855 0 0 0 0 0 0 0 0 1 1 1 0 1 1 0 0 1 1 1 0 1 1 1 0 0 1 1
program/854 0 0 0 0 0 0 0 0 1 1 1 0 1 1 0 0 1 1 1 0 1 1 1 0 0 1 1
program/857 0 0 0 0 0 0 0 0 1 1 1 0 1 1 0 0 1 1 1 0 1 1 1 0 0 1 1
program/856 0 0 0 0 0 0 0 0 1 1 1 0 1 1 0 0 1 1 1 0 1 1 1 0 0 1 1
program/507 0 1 1 0 1 1 1 0 1 1 1 0 1 1 0 0 1 1 1 0 1 1 1 0 0 1 1
program/506 0 1 1 0 1 1 1 0 1 1 1 0 1 1 0 0 1 1 1 0 1 1 1 0 0 1 1
program/338 0 0 0 0 0 0 0 0 0 0 0 0 1 1 0 0 0 0 0 0 0 0 0 0 0 0 0
program/339 0 1 1 0 1 1 1 0 1 1 1 0 0 0 0 0 1 1 1 0 1 1 1 0 0 1 1
program/334 0 0 0 0 0 0 0 0 0 0 0 0 1 1 0 0 0 0 0 0 0 0 0 0 0 0 0
program/335 0 0 0 0 0 0 0 0 0 0 0 0 1 1 0 0 0 0 0 0 0 0 0 0 0 0 0
program/336 0 1 1 0 1 1 1 0 1 1 1 0 0 0 0 0 1 1 1 0 1 1 1 0 0 1 1
program/337 0 1 1 1 1 1 1 0 1 1 1 1 1 1 1 1 1 1 1 0 1 1 1 0 0 1 1
program/853 0 0 0 0 0 0 0 0 1 1 1 0 1 1 0 0 1 1 1 0 1 1 1 0 0 1 1
program/332 0 0 0 0 0 0 0 0 0 0 0 1 0 0 1 0 0 0 0 0 0 0 0 0 0 0 0
program/333 0 1 1 0 1 1 1 0 1 1 1 0 0 0 0 0 1 1 1 0 1 1 1 0 0 1 1
program/852 0 0 0 0 0 0 0 0 1 1 1 0 0 0 0 0 1 1 1 0 1 1 1 0 0 1 1
program/70 0 0 0 1 0 0 0 0 1 1 1 1 0 0 1 1 1 0 1 0 1 0 1 0 0 1 1
program/71 0 0 0 1 0 0 0 0 1 1 1 1 1 1 1 1 1 1 1 0 1 1 1 0 0 1 1
program/72 0 0 0 1 0 0 0 0 1 1 1 1 1 1 1 1 1 1 1 0 1 1 1 0 0 1 1
program/73 0 0 0 1 0 0 0 0 1 1 1 1 0 0 1 1 1 0 1 0 1 0 1 0 0 1 1
program/74 0 0 0 1 0 0 0 0 1 1 1 1 1 1 1 1 1 1 1 0 1 1 1 0 0 1 1
program/75 0 0 0 0 0 0 0 0 1 1 1 0 0 0 0 0 1 0 1 0 0 0 0 0 0 1 0
program/76 0 0 0 1 0 0 0 0 1 1 1 1 1 1 1 1 1 1 1 0 1 1 1 0 0 1 1
program/78 0 0 0 1 0 0 0 0 1 1 1 1 1 1 1 1 1 1 1 0 1 1 1 0 0 1 1
program/79 0 0 0 1 0 0 0 0 1 1 1 1 1 1 1 1 1 1 1 0 1 1 1 0 0 1 1
program/778 0 0 0 0 0 0 0 0 1 1 1 0 1 1 0 0 1 1 1 0 1 1 1 0 0 1 1
program/779 0 0 0 0 0 0 0 0 1 1 1 0 1 0 0 0 1 1 1 0 1 1 1 0 0 1 1
program/774 0 0 0 0 0 0 0 0 1 1 1 0 0 0 0 0 1 1 1 0 1 1 1 0 0 1 1
program/775 0 0 0 0 0 0 0 0 1 1 1 0 1 0 0 0 1 1 1 0 1 1 1 0 0 1 1
program/776 0 0 0 0 0 0 0 0 1 1 1 0 1 0 0 0 1 1 1 0 1 1 1 0 0 1 1
program/777 0 0 0 0 0 0 0 0 1 1 1 0 1 0 0 0 1 1 1 0 1 1 1 0 0 1 1
program/770 0 0 0 0 0 0 0 0 1 1 1 0 1 0 0 0 1 1 1 0 1 1 1 0 0 1 1
program/771 0 0 0 0 0 0 0 0 1 1 1 0 1 0 0 0 1 1 1 0 1 1 1 0 0 1 1
program/772 0 0 0 0 0 0 0 0 1 1 1 0 1 0 0 0 1 1 1 0 1 1 1 0 0 1 1
program/773 0 0 0 0 0 0 0 0 1 1 1 0 0 0 0 0 1 1 1 0 1 1 1 0 0 1 1
program/675 0 0 0 0 0 0 0 0 1 1 1 0 1 1 0 0 1 1 1 0 1 1 1 0 0 1 1
program/674 0 0 0 0 0 0 0 0 1 1 1 0 1 1 0 0 1 1 1 0 1 1 1 0 0 1 1
program/98 0 0 0 1 0 0 0 0 1 1 1 1 1 1 1 1 1 1 1 0 1 1 1 0 0 1 1
program/99 0 0 0 1 0 0 0 0 1 1 1 1 1 1 1 1 1 1 1 0 1 1 1 0 0 1 1
program/671 0 0 0 0 0 0 0 0 1 1 1 0 1 1 0 0 1 1 1 0 1 1 1 0 0 1 1
program/509 0 0 0 1 0 0 0 0 0 0 0 1 0 0 1 1 0 0 0 0 0 0 0 0 0 0 0
program/149 0 0 0 1 0 0 0 0 1 1 1 1 0 0 1 0 1 1 1 0 1 1 1 0 0 1 1
program/148 0 0 0 1 0 0 0 0 1 1 1 1 0 0 1 0 1 1 1 0 1 1 1 0 0 1 1
program/147 0 0 0 1 0 0 0 0 1 1 1 1 0 0 1 0 1 1 1 0 1 1 1 0 0 1 1
program/146 0 0 0 1 0 0 0 0 1 1 1 1 1 1 1 1 1 1 1 0 1 1 1 0 0 1 1
program/145 0 0 0 1 0 0 0 0 1 1 1 1 1 1 1 1 1 1 1 0 1 1 1 0 0 1 1
program/91 0 0 0 1 0 0 0 0 1 1 1 1 1 1 1 1 1 1 1 0 1 1 1 0 0 1 1
program/96 0 0 0 1 0 0 0 0 1 1 1 1 1 1 1 1 1 1 1 0 1 1 1 0 0 1 1
program/97 0 0 0 1 0 0 0 0 1 1 1 1 1 1 1 1 1 1 1 0 1 1 1 0 0 1 1
program/94 0 0 0 1 0 0 0 0 1 1 1 1 1 1 1 1 1 1 1 0 1 1 1 0 0 1 1
program/95 0 0 0 1 0 0 0 0 1 1 1 1 1 1 1 1 1 1 1 0 1 1 1 0 0 1 1
program/389 0 1 1 0 1 1 1 0 1 1 1 0 1 1 0 0 1 1 1 0 1 1 1 0 0 1 1
program/388 0 0 0 0 0 0 0 0 1 1 1 0 0 0 0 0 1 0 0 0 0 1 0 0 0 0 0
program/381 0 0 0 0 0 0 0 0 1 1 1 0 0 1 0 0 1 0 1 0 1 1 1 0 0 1 1
program/383 0 1 1 0 1 1 1 0 1 1 1 0 1 1 0 0 1 1 1 0 1 1 1 0 0 1 1
program/382 0 1 1 0 1 1 1 0 1 1 1 0 1 1 0 0 1 1 1 0 1 1 1 0 0 1 1
program/384 0 1 1 0 1 1 1 0 1 1 1 0 1 1 0 0 1 1 1 0 1 1 1 0 0 1 1
program/387 0 0 0 0 0 0 0 0 1 0 1 0 0 1 0 0 1 0 1 0 1 1 1 0 0 1 1
program/386 0 0 0 0 0 0 0 0 1 0 1 0 0 1 0 0 1 0 1 0 1 1 1 0 0 1 1
program/589 0 0 0 0 0 0 0 0 1 1 1 0 1 1 0 0 1 1 1 0 1 1 1 0 0 1 1
program/588 0 0 0 0 0 0 0 0 1 1 1 0 1 1 0 0 1 1 1 0 1 1 1 0 0 1 1
program/587 0 0 0 0 0 0 0 0 1 1 1 0 1 1 0 0 1 1 1 0 1 1 1 0 0 1 1
program/586 0 0 0 0 0 0 0 0 1 1 1 0 1 1 0 0 1 1 1 0 1 1 1 0 0 1 1
program/585 0 0 0 0 0 0 0 0 1 1 1 0 1 1 0 0 1 1 1 0 1 1 1 0 0 1 1
program/584 0 0 0 0 0 0 0 0 1 1 1 0 1 1 0 0 1 1 1 0 1 1 1 0 0 1 1
program/583 0 0 0 0 0 0 0 0 1 1 1 0 1 1 0 0 1 1 1 0 1 1 1 0 0 1 1
program/582 0 0 0 0 0 0 0 0 1 1 1 0 1 1 0 0 1 1 1 0 1 1 1 0 0 1 1
program/581 0 0 0 0 0 0 0 0 1 1 1 0 1 1 0 0 1 1 1 0 1 1 1 0 0 1 1
program/580 0 0 0 0 0 0 0 0 1 1 1 0 1 1 0 0 1 1 1 0 1 1 1 0 0 1 1
program/648 0 0 0 0 0 0 0 0 1 1 1 0 1 1 0 0 1 1 1 0 1 1 1 0 0 1 1
program/2 1 1 1 1 1 1 1 1 1 1 1 1 1 1 1 1 1 1 1 0 1 1 1 0 0 1 1
program/3 1 1 1 1 1 1 1 1 1 1 1 1 1 1 1 1 1 1 1 0 1 1 1 0 0 1 1
program/5 1 1 1 1 1 1 1 1 1 1 1 1 1 1 1 1 1 1 1 0 1 1 1 0 0 1 1
program/6 1 1 1 1 1 1 1 1 1 1 1 1 1 1 1 1 1 1 1 0 1 1 1 0 0 1 1
program/7 1 1 1 1 1 1 1 1 1 1 1 1 1 1 1 1 1 1 1 0 1 1 1 0 0 1 1
program/8 1 1 1 1 1 1 1 1 1 1 1 1 1 1 1 1 1 1 1 0 1 1 1 0 0 1 1
program/9 1 1 1 1 1 1 1 1 1 1 1 1 1 1 1 1 1 1 1 0 1 1 1 0 0 1 1
program/649 0 0 0 0 0 0 0 0 1 1 1 0 1 1 0 0 1 1 1 0 1 1 1 0 0 1 1
program/802 0 0 0 0 0 0 0 0 1 1 1 0 1 0 0 0 1 1 1 0 1 1 1 0 0 1 1
program/803 0 0 0 0 0 0 0 0 1 1 1 0 1 0 0 0 1 1 1 0 1 1 1 0 0 1 1
program/800 0 0 0 0 0 0 0 0 1 1 1 0 1 0 0 0 1 1 1 0 1 1 1 0 0 1 1
program/801 0 0 0 0 0 0 0 0 1 1 1 0 1 0 0 0 1 1 1 0 1 1 1 0 0 1 1
program/806 0 0 0 0 0 0 0 0 1 1 1 0 1 0 0 0 1 1 1 0 1 1 1 0 0 1 1
program/807 0 0 0 0 0 0 0 0 1 1 1 0 1 0 0 0 1 1 1 0 1 1 1 0 0 1 1
program/804 0 0 0 0 0 0 0 0 1 1 1 0 1 0 0 0 1 1 1 0 1 1 1 0 0 1 1
program/805 0 0 0 0 0 0 0 0 1 1 1 0 1 0 0 0 1 1 1 0 1 1 1 0 0 1 1
program/808 0 0 0 0 0 0 0 0 1 1 1 0 1 0 0 0 1 1 1 0 1 1 1 0 0 1 1
program/809 0 0 0 0 0 0 0 0 1 1 1 0 1 0 0 0 1 1 1 0 1 1 1 0 0 1 1
program/293 0 1 1 1 1 1 1 0 1 1 1 1 1 1 1 1 1 1 1 0 1 1 1 0 0 1 1
program/292 0 1 1 1 1 1 1 0 1 1 1 1 1 1 1 1 1 1 1 0 1 1 1 0 0 1 1
program/291 0 1 1 1 1 1 1 0 1 1 1 1 1 1 1 1 1 1 1 0 1 1 1 0 0 1 1
program/290 0 1 1 1 1 1 1 0 1 1 1 1 1 1 1 1 1 1 1 0 1 1 1 0 0 1 1
program/297 0 1 1 1 1 1 1 0 1 1 1 1 1 1 1 1 1 1 1 0 1 1 1 0 0 1 1
program/296 0 1 1 1 1 1 1 0 1 1 1 1 1 1 1 1 1 1 1 0 1 1 1 0 0 1 1
program/295 0 1 1 1 1 1 1 0 1 1 1 1 1 1 1 1 1 1 1 0 1 1 1 0 0 1 1
program/294 0 1 1 1 1 1 1 0 1 1 1 1 1 1 1 1 1 1 1 0 1 1 1 0 0 1 1
program/299 0 1 1 1 1 1 1 0 1 1 1 1 1 1 1 1 1 1 1 0 1 1 1 0 0 1 1
program/298 0 1 1 1 1 1 1 0 1 1 1 1 1 1 1 1 1 1 1 0 1 1 1 0 0 1 1
program/514 0 0 0 1 0 0 0 0 0 0 0 1 0 0 1 1 0 0 0 0 0 0 0 0 0 0 0
program/515 0 0 0 1 0 0 0 0 0 0 0 1 0 0 1 1 0 0 0 0 0 0 0 0 0 0 0
program/516 0 0 0 1 0 0 0 0 0 0 0 1 0 0 1 1 0 0 0 0 0 0 0 0 0 0 0
program/517 0 1 1 0 1 1 1 0 1 1 1 0 1 1 0 0 1 1 1 0 1 1 1 0 0 1 1
program/459 0 1 1 0 1 1 1 0 1 1 1 0 1 1 0 0 1 1 1 0 1 1 1 0 0 1 1
program/458 0 1 1 0 1 1 1 0 1 1 1 0 1 1 0 0 1 1 1 0 1 1 1 0 0 1 1
program/512 0 0 0 1 0 0 0 0 0 0 0 1 0 0 1 1 0 0 0 0 0 0 0 0 0 0 0
program/513 0 0 0 1 0 0 0 0 0 0 0 1 0 0 1 1 0 0 0 0 0 0 0 0 0 0 0
program/455 0 1 1 0 1 1 1 0 1 1 1 0 1 1 0 0 1 1 1 0 1 1 1 0 0 1 1
program/454 0 1 1 0 1 1 1 0 1 1 1 0 1 1 0 0 1 1 1 0 1 1 1 0 0 1 1
program/457 0 1 1 0 1 1 1 0 1 1 1 0 1 1 0 0 1 1 1 0 1 1 1 0 0 1 1
program/456 0 1 1 0 1 1 1 0 1 1 1 0 1 1 0 0 1 1 1 0 1 1 1 0 0 1 1
program/451 0 1 1 0 1 1 1 0 1 1 1 0 1 1 0 0 1 1 1 0 1 1 1 0 0 1 1
program/450 0 1 1 0 1 1 1 0 1 1 1 0 1 1 0 0 1 1 1 0 1 1 1 0 0 1 1
program/453 0 1 1 0 1 1 1 0 1 1 1 0 1 1 0 0 1 1 1 0 1 1 1 0 0 1 1
program/452 0 1 1 0 1 1 1 0 1 1 1 0 1 1 0 0 1 1 1 0 1 1 1 0 0 1 1
program/895 0 1 1 0 1 1 1 0 1 1 1 0 1 1 0 0 1 1 1 0 1 1 1 0 0 1 1
program/894 0 1 1 0 1 1 1 0 1 1 1 0 1 1 0 0 1 1 1 0 1 1 1 0 0 1 1
program/896 0 1 1 1 1 1 1 0 1 1 1 1 1 1 1 1 1 1 1 0 1 1 1 0 0 1 1
program/891 0 0 0 0 0 0 0 0 1 1 1 0 0 0 0 0 1 1 1 0 1 1 1 0 0 1 1
program/890 0 0 0 0 0 0 0 0 1 1 1 0 1 1 0 0 1 1 1 0 1 1 1 0 0 1 1
program/893 0 0 0 0 0 0 0 0 1 1 1 0 1 1 0 0 1 1 1 0 1 1 1 0 0 1 1
program/892 0 0 0 0 0 0 0 0 1 1 1 0 1 1 0 0 1 1 1 0 1 1 1 0 0 1 1
program/208 0 0 0 1 0 0 0 0 1 1 1 1 1 1 1 1 1 1 1 0 1 1 1 0 0 1 1
program/209 0 0 0 1 0 0 0 0 1 1 1 1 0 0 1 1 1 1 1 0 1 1 1 0 0 1 1
program/200 0 0 0 1 0 0 0 0 1 1 1 1 1 1 1 1 1 1 1 0 1 1 1 0 0 1 1
program/201 0 0 0 1 0 0 0 0 1 1 1 1 0 0 1 1 1 1 1 0 1 1 1 0 0 1 1
program/202 0 0 0 1 0 0 0 0 1 1 1 1 1 1 1 1 1 1 1 0 1 1 1 0 0 1 1
program/203 0 0 0 1 0 0 0 0 1 1 1 1 1 1 1 1 1 1 1 0 1 1 1 0 0 1 1
program/204 0 0 0 1 0 0 0 0 1 1 1 1 1 1 1 1 1 1 1 0 1 1 1 0 0 1 1
program/205 0 0 0 1 0 0 0 0 1 1 1 1 0 0 1 1 1 1 1 0 1 1 1 0 0 1 1
program/206 0 0 0 1 0 0 0 0 1 1 1 1 0 0 1 1 1 1 1 0 1 1 1 0 0 1 1
program/207 0 0 0 1 0 0 0 0 1 1 1 1 1 1 1 1 1 1 1 0 1 1 1 0 0 1 1
program/631 0 0 0 0 0 0 0 0 1 1 1 0 1 1 0 0 1 1 1 0 1 1 1 0 0 1 1
program/630 0 0 0 0 0 0 0 0 1 1 1 0 1 1 0 0 1 1 1 0 1 1 1 0 0 1 1
program/633 0 0 0 0 0 0 0 0 1 1 1 0 1 1 0 0 1 1 1 0 1 1 1 0 0 1 1
program/632 0 0 0 0 0 0 0 0 1 1 1 0 1 1 0 0 1 1 1 0 1 1 1 0 0 1 1
program/635 0 0 0 0 0 0 0 0 1 1 1 0 1 1 0 0 1 1 1 0 1 1 1 0 0 1 1
program/637 0 0 0 0 0 0 0 0 1 1 1 0 1 1 0 0 1 1 1 0 1 1 1 0 0 1 1
program/636 0 0 0 0 0 0 0 0 1 1 1 0 1 1 0 0 1 1 1 0 1 1 1 0 0 1 1
program/639 0 0 0 0 0 0 0 0 1 1 1 0 1 1 0 0 1 1 1 0 1 1 1 0 0 1 1
program/638 0 0 0 0 0 0 0 0 1 1 1 0 1 1 0 0 1 1 1 0 1 1 1 0 0 1 1
program/344 0 1 1 1 1 1 1 0 0 0 0 1 1 1 1 1 0 0 0 0 0 0 0 0 0 0 0
program/347 0 1 1 1 1 1 1 0 1 1 1 1 0 0 1 0 1 1 1 0 1 1 1 0 0 1 1
program/346 0 1 1 0 1 1 1 0 1 1 1 0 1 1 0 0 1 1 1 0 1 1 1 0 0 1 1
program/341 0 0 0 0 0 0 0 0 0 0 0 0 1 1 0 0 0 0 0 0 0 0 0 0 0 0 0
program/340 0 1 1 1 1 1 1 0 1 1 1 1 1 1 1 1 1 1 1 0 1 1 1 0 0 1 1
program/343 0 1 1 0 1 1 1 0 1 1 1 0 0 0 0 0 1 1 1 0 1 1 1 0 0 1 1
program/342 0 1 1 1 1 1 1 0 1 1 1 1 1 1 1 1 1 1 1 0 1 1 1 0 0 1 1
program/349 0 1 1 0 1 1 1 0 1 1 1 0 0 0 0 0 1 1 1 0 1 1 1 0 0 1 1
program/348 0 1 1 0 1 1 1 0 1 1 1 0 1 1 0 0 1 1 1 0 1 1 1 0 0 1 1
program/29 1 1 1 1 1 1 1 1 1 1 1 1 1 1 1 1 1 1 1 0 1 1 1 0 0 1 1
program/28 1 1 1 1 1 1 1 1 1 1 1 1 1 1 1 1 1 1 1 0 1 1 1 0 0 1 1
program/22 1 1 1 1 1 1 1 1 1 1 1 1 1 1 1 1 1 1 1 0 1 1 1 0 0 1 1
program/21 1 1 1 1 1 1 1 1 1 1 1 1 1 1 1 1 1 1 1 0 1 1 1 0 0 1 1
program/26 1 1 1 1 1 1 1 1 1 1 1 1 1 1 1 1 1 1 1 0 1 1 1 0 0 1 1
program/25 1 1 1 1 1 1 1 1 1 1 1 1 1 1 1 1 1 1 1 0 1 1 1 0 0 1 1
program/24 0 0 0 1 0 0 0 0 1 1 1 1 1 1 1 1 1 1 1 0 1 1 1 0 0 1 1
program/705 0 0 0 0 0 0 0 0 1 1 1 0 1 0 0 0 1 1 1 0 1 1 1 0 0 1 1
program/707 0 0 0 0 0 0 0 0 1 1 1 0 1 1 0 0 1 1 1 0 1 1 1 0 0 1 1
program/706 0 0 0 0 0 0 0 0 1 1 1 0 1 0 0 0 1 1 1 0 1 1 1 0 0 1 1
program/700 0 0 0 0 0 0 0 0 1 1 1 0 1 1 0 0 1 1 1 0 1 1 1 0 0 1 1
program/709 0 0 0 0 0 0 0 0 1 1 1 0 1 1 0 0 1 1 1 0 1 1 1 0 0 1 1
program/708 0 0 0 0 0 0 0 0 1 1 1 0 1 1 0 0 1 1 1 0 1 1 1 0 0 1 1
program/110 0 0 0 1 0 0 0 0 1 1 1 1 1 1 1 1 1 1 1 0 1 1 1 0 0 1 1
program/111 0 0 0 1 0 0 0 0 1 1 1 1 1 1 1 1 1 1 1 0 1 1 1 0 0 1 1
program/112 0 0 0 1 0 0 0 0 1 1 1 1 1 1 1 1 1 1 1 0 1 1 1 0 0 1 1
program/116 0 0 0 1 0 0 0 0 1 1 1 1 1 1 1 1 1 1 1 0 1 1 1 0 0 1 1
program/117 0 0 0 1 0 0 0 0 1 1 1 1 1 1 1 1 1 1 1 0 1 1 1 0 0 1 1
program/419 0 1 1 0 1 1 1 0 0 0 0 0 1 1 0 0 0 1 1 0 1 1 1 0 0 1 1
program/418 0 0 0 0 0 0 0 0 1 1 1 0 0 0 0 0 1 0 0 0 0 0 0 0 0 0 0
program/789 0 0 0 0 0 0 0 0 1 1 1 0 1 0 0 0 1 1 1 0 1 1 1 0 0 1 1
program/792 0 0 0 0 0 0 0 0 1 1 1 0 1 0 0 0 1 1 1 0 1 1 1 0 0 1 1
program/793 0 0 0 0 0 0 0 0 1 1 1 0 1 0 0 0 1 1 1 0 1 1 1 0 0 1 1
program/790 0 0 0 0 0 0 0 0 1 1 1 0 1 0 0 0 1 1 1 0 1 1 1 0 0 1 1
program/791 0 0 0 0 0 0 0 0 1 1 1 0 1 0 0 0 1 1 1 0 1 1 1 0 0 1 1
program/796 0 0 0 0 0 0 0 0 1 1 1 0 1 0 0 0 1 1 1 0 1 1 1 0 0 1 1
program/797 0 0 0 0 0 0 0 0 1 1 1 0 1 0 0 0 1 1 1 0 1 1 1 0 0 1 1
program/794 0 0 0 0 0 0 0 0 1 1 1 0 1 1 0 0 1 1 1 0 1 1 1 0 0 1 1
program/795 0 0 0 0 0 0 0 0 1 1 1 0 1 0 0 0 1 1 1 0 1 1 1 0 0 1 1
program/798 0 0 0 0 0 0 0 0 1 1 1 0 1 0 0 0 1 1 1 0 1 1 1 0 0 1 1
program/799 0 0 0 0 0 0 0 0 1 1 1 0 1 0 0 0 1 1 1 0 1 1 1 0 0 1 1
program/788 0 0 0 0 0 0 0 0 1 1 1 0 1 0 0 0 1 1 1 0 1 1 1 0 0 1 1
program/839 0 0 0 0 0 0 0 0 1 1 1 0 1 1 0 0 1 1 1 0 1 1 1 0 0 1 1
program/838 0 0 0 0 0 0 0 0 1 1 1 0 1 1 0 0 1 1 1 0 1 1 1 0 0 1 1
program/833 0 0 0 0 0 0 0 0 1 1 1 0 1 1 0 0 1 1 1 0 1 1 1 0 0 1 1
program/832 0 0 0 0 0 0 0 0 1 1 1 0 0 0 0 0 1 1 1 0 1 1 1 0 0 1 1
program/831 0 0 0 0 0 0 0 0 1 1 1 0 1 1 0 0 1 1 1 0 1 1 1 0 0 1 1
program/830 0 0 0 0 0 0 0 0 1 1 1 0 0 0 0 0 1 1 1 0 1 1 1 0 0 1 1
program/837 0 0 0 0 0 0 0 0 1 1 1 0 1 1 0 0 1 1 1 0 1 1 1 0 0 1 1
program/836 0 0 0 0 0 0 0 0 1 1 1 0 1 1 0 0 1 1 1 0 1 1 1 0 0 1 1
program/835 0 0 0 0 0 0 0 0 1 1 1 0 0 0 0 0 1 1 1 0 1 1 1 0 0 1 1
program/834 0 0 0 0 0 0 0 0 1 1 1 0 0 0 0 0 1 1 1 0 1 1 1 0 0 1 1
program/548 0 1 1 0 1 1 1 0 1 1 1 0 1 1 0 0 1 1 1 0 1 1 1 0 0 1 1
program/244 0 1 1 1 1 1 1 0 1 1 1 1 1 1 1 1 1 1 1 0 1 1 1 0 0 1 1
program/245 0 1 1 1 1 1 1 0 1 1 1 1 1 1 1 1 1 1 1 0 1 1 1 0 0 1 1
program/246 0 0 0 1 0 0 0 0 0 0 0 1 0 0 1 1 0 0 0 0 0 0 0 0 0 0 0
program/247 0 0 0 1 0 0 0 0 0 0 0 1 0 0 1 1 0 0 0 0 0 0 0 0 0 0 0
program/240 0 0 0 0 0 0 0 0 0 0 0 0 0 0 0 1 0 0 0 0 0 0 0 0 0 0 0
program/241 0 1 1 1 1 1 1 0 0 0 0 1 0 0 1 1 0 0 0 0 0 0 0 0 0 0 0
program/242 0 1 1 1 1 1 1 0 1 1 1 1 1 1 1 1 1 1 1 0 1 1 1 0 0 1 1
program/243 0 1 1 1 1 1 1 0 1 1 1 1 1 1 1 1 1 1 1 0 1 1 1 0 0 1 1
program/565 0 0 0 0 0 0 0 0 1 1 1 0 1 1 0 0 1 1 1 0 1 1 1 0 0 1 1
program/564 0 0 0 0 0 0 0 0 1 1 1 0 1 1 0 0 1 1 1 0 1 1 1 0 0 1 1
program/567 0 1 1 0 1 1 1 0 1 1 1 0 1 1 0 0 1 1 1 0 1 1 1 0 0 1 1
program/566 0 1 1 0 1 1 1 0 1 1 1 0 1 1 0 0 1 1 1 0 1 1 1 0 0 1 1
program/248 0 0 0 1 0 0 0 0 0 0 0 1 0 0 1 1 0 0 0 0 0 0 0 0 0 0 0
program/249 0 0 0 1 0 0 0 0 0 0 0 1 0 0 1 1 0 0 0 0 0 0 0 0 0 0 0
program/563 0 0 0 0 0 0 0 0 1 1 1 0 1 1 0 0 1 1 1 0 1 1 1 0 0 1 1
program/562 0 1 1 0 1 1 1 0 1 1 1 0 1 1 0 0 1 1 1 0 1 1 1 0 0 1 1
program/676 0 0 0 0 0 0 0 0 1 1 1 0 1 1 0 0 1 1 1 0 1 1 1 0 0 1 1
program/848 0 0 0 0 0 0 0 0 1 1 1 0 0 0 0 0 1 1 1 0 1 1 1 0 0 1 1
program/849 0 0 0 0 0 0 0 0 1 1 1 0 0 0 0 0 1 1 1 0 1 1 1 0 0 1 1
program/846 0 0 0 0 0 0 0 0 1 1 1 0 1 1 0 0 1 1 1 0 1 1 1 0 0 1 1
program/847 0 0 0 0 0 0 0 0 1 1 1 0 1 1 0 0 1 1 1 0 1 1 1 0 0 1 1
program/844 0 0 0 0 0 0 0 0 1 1 1 0 0 0 0 0 1 1 1 0 1 1 1 0 0 1 1
program/845 0 0 0 0 0 0 0 0 1 1 1 0 1 1 0 0 1 1 1 0 1 1 1 0 0 1 1
program/842 0 0 0 0 0 0 0 0 1 1 1 0 1 1 0 0 1 1 1 0 1 1 1 0 0 1 1
program/843 0 0 0 0 0 0 0 0 1 1 1 0 1 1 0 0 1 1 1 0 1 1 1 0 0 1 1
program/840 0 0 0 0 0 0 0 0 1 1 1 0 0 0 0 0 1 1 1 0 1 1 1 0 0 1 1
program/670 0 0 0 0 0 0 0 0 1 1 1 0 1 1 0 0 1 1 1 0 1 1 1 0 0 1 1
program/13 1 1 1 1 1 1 1 1 1 1 1 1 1 1 1 1 1 1 1 0 1 1 1 0 0 1 1
program/10 1 1 1 1 1 1 1 1 1 1 1 1 1 1 1 1 1 1 1 0 1 1 1 0 0 1 1
program/540 0 1 1 0 1 1 1 0 1 1 1 0 1 1 0 0 1 1 1 0 1 1 1 0 0 1 1
program/17 1 1 1 1 1 1 1 1 1 1 1 1 1 1 1 1 1 1 1 0 1 1 1 0 0 1 1
program/18 1 1 1 1 1 1 1 1 1 1 1 1 1 1 1 1 1 1 1 0 1 1 1 0 0 1 1
program/672 0 0 0 0 0 0 0 0 1 1 1 0 1 1 0 0 1 1 1 0 1 1 1 0 0 1 1
program/301 0 1 1 1 1 1 1 0 1 1 1 1 1 1 1 1 1 1 1 0 1 1 1 0 0 1 1
program/300 0 1 1 1 1 1 1 0 1 1 1 1 1 1 1 1 1 1 1 0 1 1 1 0 0 1 1
program/303 0 1 1 1 1 1 1 0 1 1 1 1 1 1 1 1 1 1 1 0 1 1 1 0 0 1 1
program/302 0 1 1 1 1 1 1 0 1 1 1 1 1 1 1 1 1 1 1 0 1 1 1 0 0 1 1
program/305 0 1 1 1 1 1 1 0 1 1 1 1 1 1 1 1 1 1 1 0 1 1 1 0 0 1 1
program/304 0 1 1 1 1 1 1 0 1 1 1 1 1 1 1 1 1 1 1 0 1 1 1 0 0 1 1
program/307 0 1 1 1 1 1 1 0 1 1 1 1 1 1 1 1 1 1 1 0 1 1 1 0 0 1 1
program/306 0 1 1 1 1 1 1 0 1 1 1 1 1 1 1 1 1 1 1 0 1 1 1 0 0 1 1
program/309 0 1 1 1 1 1 1 0 1 1 1 1 1 1 1 1 1 1 1 0 1 1 1 0 0 1 1
program/308 0 1 1 1 1 1 1 0 1 1 1 1 1 1 1 1 1 1 1 0 1 1 1 0 0 1 1
program/90 0 0 0 1 0 0 0 0 1 1 1 1 1 1 1 1 1 1 1 0 1 1 1 0 0 1 1
program/144 0 0 0 1 0 0 0 0 1 1 1 1 1 1 1 1 1 1 1 0 1 1 1 0 0 1 1
program/143 0 0 0 1 0 0 0 0 1 1 1 1 0 0 1 0 1 1 1 0 1 1 1 0 0 1 1
program/678 0 0 0 0 0 0 0 0 1 1 1 0 1 1 0 0 1 1 1 0 1 1 1 0 0 1 1
program/67 0 0 0 1 0 0 0 0 1 1 1 1 1 1 1 1 1 1 1 0 1 1 1 0 0 1 1
program/66 0 0 0 1 0 0 0 0 1 1 1 1 0 0 1 1 1 0 1 0 1 0 1 0 0 1 1
program/65 0 0 0 1 0 0 0 0 1 1 1 1 0 0 1 1 1 0 1 0 1 0 1 0 0 1 1
program/64 0 0 0 1 0 0 0 0 1 1 1 1 1 1 1 1 1 1 1 0 1 1 1 0 0 1 1
program/63 0 0 0 1 0 0 0 0 1 1 1 1 1 1 1 1 1 1 1 0 1 1 1 0 0 1 1
program/141 0 0 0 1 0 0 0 0 1 1 1 1 1 1 1 1 1 1 1 0 1 1 1 0 0 1 1
program/140 0 0 0 1 0 0 0 0 1 1 1 1 0 0 1 0 1 1 1 0 1 1 1 0 0 1 1
program/69 0 0 0 1 0 0 0 0 1 1 1 1 0 0 1 1 1 0 1 0 1 0 1 0 0 1 1
program/68 0 0 0 1 0 0 0 0 1 1 1 1 1 1 1 1 1 1 1 0 1 1 1 0 0 1 1
program/741 0 0 0 0 0 0 0 0 1 1 1 0 0 1 0 0 1 1 1 0 1 1 1 0 0 1 1
program/740 0 0 0 0 0 0 0 0 1 1 1 0 1 1 0 0 1 1 1 0 1 1 1 0 0 1 1
program/668 0 0 0 0 0 0 0 0 1 1 1 0 1 1 0 0 1 1 1 0 1 1 1 0 0 1 1
program/669 0 0 0 0 0 0 0 0 1 1 1 0 1 1 0 0 1 1 1 0 1 1 1 0 0 1 1
program/745 0 0 0 0 0 0 0 0 1 1 1 0 1 0 0 0 1 1 1 0 1 1 1 0 0 1 1
program/744 0 0 0 0 0 0 0 0 1 1 1 0 1 0 0 0 1 1 1 0 1 1 1 0 0 1 1
program/746 0 0 0 0 0 0 0 0 1 1 1 0 1 1 0 0 1 1 1 0 1 1 1 0 0 1 1
program/662 0 0 0 0 0 0 0 0 1 1 1 0 1 1 0 0 1 1 1 0 1 1 1 0 0 1 1
program/663 0 0 0 0 0 0 0 0 1 1 1 0 1 1 0 0 1 1 1 0 1 1 1 0 0 1 1
program/660 0 0 0 0 0 0 0 0 1 1 1 0 1 1 0 0 1 1 1 0 1 1 1 0 0 1 1
program/661 0 0 0 0 0 0 0 0 1 1 1 0 1 1 0 0 1 1 1 0 1 1 1 0 0 1 1
program/570 0 1 1 0 1 1 1 0 1 1 1 0 1 1 0 0 1 1 1 0 1 1 1 0 0 1 1
program/664 0 0 0 0 0 0 0 0 1 1 1 0 1 1 0 0 1 1 1 0 1 1 1 0 0 1 1
program/89 0 0 0 1 0 0 0 0 1 1 1 1 1 1 1 1 1 1 1 0 1 1 1 0 0 1 1
program/88 0 0 0 0 0 0 0 0 1 1 1 0 0 0 0 0 1 0 1 0 0 0 0 0 0 1 0
program/571 0 1 1 0 1 1 1 0 1 1 1 0 1 1 0 0 1 1 1 0 1 1 1 0 0 1 1
program/158 0 0 0 1 0 0 0 0 1 1 1 1 1 1 1 1 1 1 1 0 1 1 1 0 0 1 1
program/159 0 0 0 1 0 0 0 0 1 1 1 1 1 1 1 1 1 1 1 0 1 1 1 0 0 1 1
program/154 0 0 0 1 0 0 0 0 1 1 1 1 1 1 1 1 1 1 1 0 1 1 1 0 0 1 1
program/155 0 0 0 1 0 0 0 0 1 1 1 1 1 1 1 1 1 1 1 0 1 1 1 0 0 1 1
program/156 0 0 0 1 0 0 0 0 1 1 1 1 1 1 1 1 1 1 1 0 1 1 1 0 0 1 1
program/157 0 0 0 1 0 0 0 0 1 1 1 1 1 1 1 1 1 1 1 0 1 1 1 0 0 1 1
program/150 0 0 0 1 0 0 0 0 1 1 1 1 1 1 1 1 1 1 1 0 1 1 1 0 0 1 1
program/151 0 0 0 1 0 0 0 0 1 1 1 1 1 1 1 1 1 1 1 0 1 1 1 0 0 1 1
program/152 0 0 0 1 0 0 0 0 1 1 1 1 1 1 1 1 1 1 1 0 1 1 1 0 0 1 1
program/153 0 0 0 1 0 0 0 0 1 1 1 1 0 0 1 0 1 0 1 0 1 0 1 0 0 1 1
program/529 0 1 1 0 1 1 1 0 1 1 1 0 1 1 0 0 1 1 1 0 1 1 1 0 0 1 1
program/528 0 1 1 0 1 1 1 0 1 1 1 0 1 1 0 0 1 1 1 0 1 1 1 0 0 1 1
program/396 0 1 1 0 1 1 1 0 1 1 1 0 1 1 0 0 1 1 1 0 1 1 1 0 0 1 1
program/394 0 1 1 0 1 1 1 0 1 1 1 0 1 1 0 0 1 1 1 0 1 1 1 0 0 1 1
program/395 0 1 1 0 1 1 1 0 1 1 1 0 1 1 0 0 1 1 1 0 1 1 1 0 0 1 1
program/392 0 0 0 0 0 0 0 0 0 0 1 0 0 0 0 0 0 0 0 0 0 0 0 0 0 0 0
program/393 0 1 1 0 1 1 1 0 1 1 1 0 1 1 0 0 1 1 1 0 1 1 1 0 0 1 1
program/390 0 1 1 0 1 1 1 0 1 1 1 0 1 1 0 0 1 1 1 0 1 1 1 0 0 1 1
program/391 0 0 0 0 0 0 0 0 0 0 1 0 0 0 0 0 0 0 0 0 0 0 0 0 0 0 0
program/578 0 0 0 0 0 0 0 0 1 1 1 0 1 1 0 0 1 1 1 0 1 1 1 0 0 1 1
program/579 0 0 0 0 0 0 0 0 1 1 1 0 1 1 0 0 1 1 1 0 1 1 1 0 0 1 1
program/598 0 0 0 0 0 0 0 0 1 1 1 0 1 1 0 0 1 1 1 0 1 1 1 0 0 1 1
program/599 0 0 0 0 0 0 0 0 1 1 1 0 1 1 0 0 1 1 1 0 1 1 1 0 0 1 1
program/594 0 0 0 0 0 0 0 0 1 1 1 0 1 1 0 0 1 1 1 0 1 1 1 0 0 1 1
program/595 0 0 0 0 0 0 0 0 1 1 1 0 1 1 0 0 1 1 1 0 1 1 1 0 0 1 1
program/596 0 0 0 0 0 0 0 0 1 1 1 0 1 1 0 0 1 1 1 0 1 1 1 0 0 1 1
program/597 0 0 0 0 0 0 0 0 1 1 1 0 1 1 0 0 1 1 1 0 1 1 1 0 0 1 1
program/590 0 0 0 0 0 0 0 0 1 1 1 0 1 1 0 0 1 1 1 0 1 1 1 0 0 1 1
program/591 0 0 0 0 0 0 0 0 1 1 1 0 1 1 0 0 1 1 1 0 1 1 1 0 0 1 1
program/592 0 0 0 0 0 0 0 0 1 1 1 0 1 1 0 0 1 1 1 0 1 1 1 0 0 1 1
program/593 0 0 0 0 0 0 0 0 1 1 1 0 1 1 0 0 1 1 1 0 1 1 1 0 0 1 1
program/521 0 1 1 0 1 1 1 0 1 1 1 0 1 1 0 0 1 1 1 0 1 1 1 0 0 1 1
program/520 0 1 1 0 1 1 1 0 1 1 1 0 1 1 0 0 1 1 1 0 1 1 1 0 0 1 1
program/697 0 0 0 0 0 0 0 0 1 1 1 0 1 1 0 0 1 1 1 0 1 1 1 0 0 1 1
program/696 0 0 0 0 0 0 0 0 1 1 1 0 1 1 0 0 1 1 1 0 1 1 1 0 0 1 1
program/695 0 0 0 0 0 0 0 0 1 1 1 0 1 1 0 0 1 1 1 0 1 1 1 0 0 1 1
program/694 0 0 0 0 0 0 0 0 1 1 1 0 1 1 0 0 1 1 1 0 1 1 1 0 0 1 1
program/693 0 0 0 0 0 0 0 0 1 1 1 0 1 1 0 0 1 1 1 0 1 1 1 0 0 1 1
program/692 0 0 0 0 0 0 0 0 1 1 1 0 1 1 0 0 1 1 1 0 1 1 1 0 0 1 1
program/691 0 0 0 0 0 0 0 0 1 1 1 0 1 1 0 0 1 1 1 0 1 1 1 0 0 1 1
program/690 0 0 0 0 0 0 0 0 1 1 1 0 1 1 0 0 1 1 1 0 1 1 1 0 0 1 1
program/699 0 0 0 0 0 0 0 0 1 1 1 0 1 1 0 0 1 1 1 0 1 1 1 0 0 1 1
program/698 0 0 0 0 0 0 0 0 1 1 1 0 1 1 0 0 1 1 1 0 1 1 1 0 0 1 1
program/877 0 0 0 0 0 0 0 0 1 1 1 0 1 1 0 0 1 1 1 0 1 1 1 0 0 1 1
program/876 0 0 0 0 0 0 0 0 1 1 1 0 1 1 0 0 1 1 1 0 1 1 1 0 0 1 1
program/875 0 0 0 0 0 0 0 0 1 1 1 0 1 1 0 0 1 1 1 0 1 1 1 0 0 1 1
program/874 0 0 0 0 0 0 0 0 1 1 1 0 0 0 0 0 1 1 1 0 1 1 1 0 0 1 1
program/873 0 0 0 0 0 0 0 0 1 1 1 0 0 0 0 0 1 1 1 0 1 1 1 0 0 1 1
program/872 0 0 0 0 0 0 0 0 1 1 1 0 0 0 0 0 1 1 1 0 1 1 1 0 0 1 1
program/871 0 0 0 0 0 0 0 0 1 1 1 0 1 1 0 0 1 1 1 0 1 1 1 0 0 1 1
program/870 0 0 0 0 0 0 0 0 1 1 1 0 0 0 0 0 1 1 1 0 1 1 1 0 0 1 1
program/888 0 0 0 0 0 0 0 0 1 1 1 0 0 0 0 0 1 1 1 0 1 1 1 0 0 1 1
program/879 0 0 0 0 0 0 0 0 1 1 1 0 0 0 0 0 1 1 1 0 1 1 1 0 0 1 1
program/878 0 0 0 0 0 0 0 0 1 1 1 0 1 1 0 0 1 1 1 0 1 1 1 0 0 1 1
program/280 0 1 1 1 1 1 1 0 1 1 1 1 1 1 1 1 1 1 1 0 1 1 1 0 0 1 1
program/281 0 1 1 1 1 1 1 0 1 1 1 1 1 1 1 1 1 1 1 0 1 1 1 0 0 1 1
program/282 0 1 1 1 1 1 1 0 1 1 1 1 1 1 1 1 1 1 1 0 1 1 1 0 0 1 1
program/283 0 1 1 1 1 1 1 0 1 1 1 1 1 1 1 1 1 1 1 0 1 1 1 0 0 1 1
program/284 0 1 1 1 1 1 1 0 1 1 1 1 1 1 1 1 1 1 1 0 1 1 1 0 0 1 1
program/285 0 1 1 1 1 1 1 0 1 1 1 1 1 1 1 1 1 1 1 0 1 1 1 0 0 1 1
program/286 0 1 1 1 1 1 1 0 1 1 1 1 1 1 1 1 1 1 1 0 1 1 1 0 0 1 1
program/287 0 1 1 1 1 1 1 0 1 1 1 1 1 1 1 1 1 1 1 0 1 1 1 0 0 1 1
program/288 0 1 1 1 1 1 1 0 1 1 1 1 1 1 1 1 1 1 1 0 1 1 1 0 0 1 1
program/289 0 1 1 1 1 1 1 0 1 1 1 1 1 1 1 1 1 1 1 0 1 1 1 0 0 1 1
program/523 0 1 1 0 1 1 1 0 1 1 1 0 1 1 0 0 1 1 1 0 1 1 1 0 0 1 1
program/522 0 1 1 0 1 1 1 0 1 1 1 0 1 1 0 0 1 1 1 0 1 1 1 0 0 1 1
program/525 0 1 1 0 1 1 1 0 1 1 1 0 1 1 0 0 1 1 1 0 1 1 1 0 0 1 1
program/524 0 1 1 0 1 1 1 0 1 1 1 0 1 1 0 0 1 1 1 0 1 1 1 0 0 1 1
program/527 0 1 1 0 1 1 1 0 1 1 1 0 1 1 0 0 1 1 1 0 1 1 1 0 0 1 1
program/526 0 1 1 0 1 1 1 0 1 1 1 0 1 1 0 0 1 1 1 0 1 1 1 0 0 1 1
program/442 0 1 1 0 1 1 1 0 0 0 0 0 1 1 0 0 0 0 1 0 0 1 1 0 0 1 0
program/443 0 1 1 0 1 1 1 0 1 1 1 0 1 1 0 0 1 1 1 0 1 1 1 0 0 1 1
program/440 0 1 1 0 1 1 1 0 1 1 1 0 1 1 0 0 1 0 1 0 0 1 1 0 0 1 0
program/441 0 0 0 0 0 0 0 0 0 0 0 0 0 0 0 0 0 1 0 0 1 0 0 0 0 0 1
program/446 0 1 1 0 1 1 1 0 1 1 1 0 1 1 0 0 1 1 1 0 1 1 1 0 0 1 1
program/447 0 1 1 0 1 1 1 0 1 1 1 0 1 1 0 0 1 1 1 0 1 1 1 0 0 1 1
program/444 0 1 1 0 1 1 1 0 1 1 1 0 1 1 0 0 1 1 1 0 1 1 1 0 0 1 1
program/445 0 1 1 0 1 1 1 0 1 1 1 0 1 1 0 0 1 1 1 0 1 1 1 0 0 1 1
program/882 0 0 0 0 0 0 0 0 1 1 1 0 1 1 0 0 1 1 1 0 1 1 1 0 0 1 1
program/883 0 0 0 0 0 0 0 0 1 1 1 0 0 0 0 0 1 1 1 0 1 1 1 0 0 1 1
program/448 0 1 1 0 1 1 1 0 1 1 1 0 1 1 0 0 1 1 1 0 1 1 1 0 0 1 1
program/449 0 1 1 0 1 1 1 0 1 1 1 0 1 1 0 0 1 1 1 0 1 1 1 0 0 1 1
program/886 0 0 0 0 0 0 0 0 1 1 1 0 1 1 0 0 1 1 1 0 1 1 1 0 0 1 1
program/887 0 0 0 0 0 0 0 0 1 1 1 0 0 0 0 0 1 1 1 0 1 1 1 0 0 1 1
program/884 0 0 0 0 0 0 0 0 1 1 1 0 1 1 0 0 1 1 1 0 1 1 1 0 0 1 1
program/885 0 0 0 0 0 0 0 0 1 1 1 0 1 1 0 0 1 1 1 0 1 1 1 0 0 1 1
program/880 0 0 0 0 0 0 0 0 1 1 1 0 1 1 0 0 1 1 1 0 1 1 1 0 0 1 1
program/881 0 0 0 0 0 0 0 0 1 1 1 0 1 1 0 0 1 1 1 0 1 1 1 0 0 1 1
program/239 0 1 1 1 1 1 1 0 1 1 1 1 1 1 1 1 1 1 1 0 1 1 1 0 0 1 1
program/238 0 1 1 1 1 1 1 0 1 1 1 1 1 1 1 1 1 1 1 0 1 1 1 0 0 1 1
program/235 0 0 0 0 0 0 0 0 0 0 0 0 1 0 0 0 0 0 0 0 0 1 0 0 0 0 0
program/234 0 0 0 1 0 0 0 0 0 0 0 1 0 0 1 1 0 0 0 0 0 0 0 0 0 0 0
program/237 0 0 0 1 0 0 0 0 0 0 0 1 0 0 1 0 0 0 0 0 0 0 0 0 0 0 0
program/236 0 1 1 1 1 1 1 0 0 0 0 1 1 0 1 0 0 0 0 0 0 1 0 0 0 0 0
program/231 0 1 1 1 1 1 1 0 1 1 1 1 1 1 1 1 1 1 1 0 1 1 1 0 0 1 1
program/230 0 0 0 0 0 0 0 0 0 0 0 0 1 0 0 0 0 0 0 0 0 1 0 0 0 0 0
program/233 0 1 1 1 1 1 1 0 1 1 1 1 1 1 1 1 1 1 1 0 1 1 1 0 0 1 1
program/232 0 1 1 1 1 1 1 0 1 1 1 1 1 1 1 1 1 1 1 0 1 1 1 0 0 1 1
program/889 0 0 0 0 0 0 0 0 1 1 1 0 1 1 0 0 1 1 1 0 1 1 1 0 0 1 1
program/626 0 0 0 0 0 0 0 0 1 1 1 0 1 1 0 0 1 1 1 0 1 1 1 0 0 1 1
program/627 0 0 0 0 0 0 0 0 1 1 1 0 1 1 0 0 1 1 1 0 1 1 1 0 0 1 1
program/624 0 0 0 0 0 0 0 0 1 1 1 0 1 1 0 0 1 1 1 0 1 1 1 0 0 1 1
program/622 0 0 0 0 0 0 0 0 1 1 1 0 1 1 0 0 1 1 1 0 1 1 1 0 0 1 1
program/623 0 0 0 0 0 0 0 0 1 1 1 0 1 1 0 0 1 1 1 0 1 1 1 0 0 1 1
program/620 0 0 0 0 0 0 0 0 1 1 1 0 1 1 0 0 1 1 1 0 1 1 1 0 0 1 1
program/628 0 0 0 0 0 0 0 0 1 1 1 0 1 1 0 0 1 1 1 0 1 1 1 0 0 1 1
program/629 0 0 0 0 0 0 0 0 1 1 1 0 1 1 0 0 1 1 1 0 1 1 1 0 0 1 1
program/358 0 1 1 1 1 1 1 0 1 1 1 1 1 1 1 1 1 1 1 0 1 1 1 0 0 1 1
program/359 0 1 1 1 1 1 1 0 1 1 1 1 1 1 1 1 1 1 1 0 1 1 1 0 0 1 1
program/352 0 1 1 0 1 1 1 0 1 1 1 0 1 1 0 0 1 1 1 0 1 1 1 0 0 1 1
program/353 0 1 1 0 1 1 1 0 1 1 1 0 0 0 0 0 1 1 1 0 1 1 1 0 0 1 1
program/350 0 1 1 1 1 1 1 0 1 1 1 1 0 0 1 1 1 1 1 0 1 1 1 0 0 1 1
program/351 0 1 1 0 1 1 1 0 1 1 1 0 0 0 0 0 1 1 1 0 1 1 1 0 0 1 1
program/357 0 0 0 0 0 0 0 0 0 0 0 1 1 1 1 1 0 0 0 0 0 0 0 0 0 0 0
program/354 0 1 1 1 1 1 1 0 1 1 1 1 1 1 1 1 1 1 1 0 1 1 1 0 0 1 1
program/355 0 1 1 0 1 1 1 0 1 1 1 0 1 1 0 0 1 1 1 0 1 1 1 0 0 1 1
program/56 0 0 0 1 0 0 0 0 1 1 1 1 1 1 1 1 1 1 1 0 1 1 1 0 0 1 1
program/57 0 0 0 1 0 0 0 0 1 1 1 1 1 1 1 1 1 1 1 0 1 1 1 0 0 1 1
program/52 0 0 0 1 0 0 0 0 1 1 1 1 1 1 1 1 1 1 1 0 1 1 1 0 0 1 1
program/50 0 0 0 1 0 0 0 0 1 1 1 1 1 1 1 1 1 1 1 0 1 1 1 0 0 1 1
program/51 0 0 0 1 0 0 0 0 1 1 1 1 1 1 1 1 1 1 1 0 1 1 1 0 0 1 1
program/491 0 1 1 0 1 1 1 0 1 1 1 0 1 1 0 0 1 1 1 0 1 1 1 0 0 1 1
program/490 0 1 1 0 1 1 1 0 1 1 1 0 1 1 0 0 1 1 1 0 1 1 1 0 0 1 1
program/493 0 1 1 0 1 1 1 0 1 1 1 0 1 1 0 0 1 1 1 0 1 1 1 0 0 1 1
program/492 0 1 1 0 1 1 1 0 1 1 1 0 1 1 0 0 1 1 1 0 1 1 1 0 0 1 1
program/495 0 1 1 0 1 1 1 0 1 1 1 0 1 1 0 0 1 1 1 0 1 1 1 0 0 1 1
program/494 0 1 1 0 1 1 1 0 1 1 1 0 1 1 0 0 1 1 1 0 1 1 1 0 0 1 1
program/497 0 1 1 0 1 1 1 0 1 1 1 0 1 1 0 0 1 1 1 0 1 1 1 0 0 1 1
program/496 0 1 1 0 1 1 1 0 1 1 1 0 1 1 0 0 1 1 1 0 1 1 1 0 0 1 1
program/499 0 1 1 0 1 1 1 0 1 1 1 0 1 1 0 0 1 1 1 0 1 1 1 0 0 1 1
program/498 0 1 1 0 1 1 1 0 1 1 1 0 1 1 0 0 1 1 1 0 1 1 1 0 0 1 1
program/710 0 0 0 0 0 0 0 0 1 1 1 0 1 1 0 0 1 1 1 0 1 1 1 0 0 1 1
program/711 0 0 0 0 0 0 0 0 1 1 1 0 1 1 0 0 1 1 1 0 1 1 1 0 0 1 1
program/716 0 0 0 0 0 0 0 0 1 1 1 0 0 1 0 0 1 1 1 0 1 1 1 0 0 1 1
program/714 0 0 0 0 0 0 0 0 1 1 1 0 1 1 0 0 1 1 1 0 1 1 1 0 0 1 1
program/715 0 0 0 0 0 0 0 0 1 1 1 0 1 1 0 0 1 1 1 0 1 1 1 0 0 1 1
program/653 0 0 0 0 0 0 0 0 1 1 1 0 1 1 0 0 1 1 1 0 1 1 1 0 0 1 1
program/652 0 0 0 0 0 0 0 0 1 1 1 0 1 1 0 0 1 1 1 0 1 1 1 0 0 1 1
program/657 0 0 0 0 0 0 0 0 1 1 1 0 1 1 0 0 1 1 1 0 1 1 1 0 0 1 1
program/656 0 0 0 0 0 0 0 0 1 1 1 0 1 1 0 0 1 1 1 0 1 1 1 0 0 1 1
program/655 0 0 0 0 0 0 0 0 1 1 1 0 1 1 0 0 1 1 1 0 1 1 1 0 0 1 1
program/508 0 1 1 0 1 1 1 0 1 1 1 0 1 1 0 0 1 1 1 0 1 1 1 0 0 1 1
program/659 0 0 0 0 0 0 0 0 1 1 1 0 1 1 0 0 1 1 1 0 1 1 1 0 0 1 1
program/658 0 0 0 0 0 0 0 0 1 1 1 0 1 1 0 0 1 1 1 0 1 1 1 0 0 1 1
program/125 0 0 0 1 0 0 0 0 1 1 1 1 0 0 1 0 1 1 1 0 1 1 1 0 0 1 1
program/124 0 0 0 1 0 0 0 0 1 1 1 1 1 1 1 1 1 1 1 0 1 1 1 0 0 1 1
program/127 0 0 0 1 0 0 0 0 1 1 1 1 1 1 1 1 1 1 1 0 1 1 1 0 0 1 1
program/126 0 0 0 1 0 0 0 0 1 1 1 1 0 0 1 0 1 1 1 0 1 1 1 0 0 1 1
program/123 0 0 0 1 0 0 0 0 1 1 1 1 1 1 1 1 1 1 1 0 1 1 1 0 0 1 1
program/129 0 0 0 1 0 0 0 0 1 1 1 1 0 0 1 0 1 1 1 0 1 1 1 0 0 1 1
program/128 0 0 0 1 0 0 0 0 1 1 1 1 1 1 1 1 1 1 1 0 1 1 1 0 0 1 1
program/408 0 1 1 0 1 1 1 0 1 1 1 0 1 1 0 0 1 1 1 0 1 1 1 0 0 1 1
program/406 0 0 0 0 0 0 0 0 0 0 1 0 0 0 0 0 0 0 0 0 0 0 0 0 0 0 0
program/407 0 1 1 0 1 1 1 0 1 1 1 0 1 1 0 0 1 1 1 0 1 1 1 0 0 1 1
program/405 0 0 0 0 0 0 0 0 0 0 1 0 0 0 0 0 0 0 0 0 0 0 0 0 0 0 0
program/769 0 0 0 0 0 0 0 0 1 1 1 0 1 0 0 0 1 1 1 0 1 1 1 0 0 1 1
program/828 0 0 0 0 0 0 0 0 1 1 1 0 0 0 0 0 1 1 1 0 1 1 1 0 0 1 1
program/829 0 0 0 0 0 0 0 0 1 1 1 0 1 1 0 0 1 1 1 0 1 1 1 0 0 1 1
program/820 0 0 0 0 0 0 0 0 1 1 1 0 1 1 0 0 1 1 1 0 1 1 1 0 0 1 1
program/823 0 0 0 0 0 0 0 0 1 1 1 0 1 1 0 0 1 1 1 0 1 1 1 0 0 1 1
program/824 0 0 0 0 0 0 0 0 1 1 1 0 1 1 0 0 1 1 1 0 1 1 1 0 0 1 1
program/825 0 0 0 0 0 0 0 0 1 1 1 0 1 1 0 0 1 1 1 0 1 1 1 0 0 1 1
program/826 0 0 0 0 0 0 0 0 1 1 1 0 0 0 0 0 1 1 1 0 1 1 1 0 0 1 1
program/827 0 0 0 0 0 0 0 0 1 1 1 0 1 1 0 0 1 1 1 0 1 1 1 0 0 1 1
program/279 0 1 1 1 1 1 1 0 1 1 1 1 1 1 1 1 1 1 1 0 1 1 1 0 0 1 1
program/278 0 1 1 1 1 1 1 0 1 1 1 1 1 1 1 1 1 1 1 0 1 1 1 0 0 1 1
program/271 0 1 1 1 1 1 1 0 1 1 1 1 1 1 1 1 1 1 1 0 1 1 1 0 0 1 1
program/270 0 1 1 1 1 1 1 0 1 1 1 1 1 1 1 1 1 1 1 0 1 1 1 0 0 1 1
program/273 0 1 1 1 1 1 1 0 1 1 1 1 1 1 1 1 1 1 1 0 1 1 1 0 0 1 1
program/272 0 1 1 1 1 1 1 0 1 1 1 1 1 1 1 1 1 1 1 0 1 1 1 0 0 1 1
program/275 0 1 1 1 1 1 1 0 1 1 1 1 1 1 1 1 1 1 1 0 1 1 1 0 0 1 1
program/274 0 1 1 1 1 1 1 0 1 1 1 1 1 1 1 1 1 1 1 0 1 1 1 0 0 1 1
program/277 0 1 1 1 1 1 1 0 1 1 1 1 1 1 1 1 1 1 1 0 1 1 1 0 0 1 1
program/276 0 1 1 1 1 1 1 0 1 1 1 1 1 1 1 1 1 1 1 0 1 1 1 0 0 1 1
program/572 0 0 0 0 0 0 0 0 1 1 1 0 1 1 0 0 1 1 1 0 1 1 1 0 0 1 1
program/573 0 0 0 0 0 0 0 0 1 1 1 0 1 1 0 0 1 1 1 0 1 1 1 0 0 1 1
program/479 0 1 1 0 1 1 1 0 1 1 1 0 1 1 0 0 1 1 1 0 1 1 1 0 0 1 1
program/478 0 1 1 0 1 1 1 0 1 1 1 0 1 1 0 0 1 1 1 0 1 1 1 0 0 1 1
program/576 0 0 0 0 0 0 0 0 1 1 1 0 1 1 0 0 1 1 1 0 1 1 1 0 0 1 1
program/577 0 0 0 0 0 0 0 0 1 1 1 0 1 1 0 0 1 1 1 0 1 1 1 0 0 1 1
program/574 0 0 0 0 0 0 0 0 1 1 1 0 1 1 0 0 1 1 1 0 1 1 1 0 0 1 1
program/575 0 0 0 0 0 0 0 0 1 1 1 0 1 1 0 0 1 1 1 0 1 1 1 0 0 1 1
program/473 0 1 1 0 1 1 1 0 1 1 1 0 1 1 0 0 1 1 1 0 1 1 1 0 0 1 1
program/472 0 1 1 0 1 1 1 0 1 1 1 0 1 1 0 0 1 1 1 0 1 1 1 0 0 1 1
program/471 0 1 1 0 1 1 1 0 1 1 1 0 1 1 0 0 1 1 1 0 1 1 1 0 0 1 1
program/470 0 1 1 0 1 1 1 0 1 1 1 0 1 1 0 0 1 1 1 0 1 1 1 0 0 1 1
program/477 0 1 1 0 1 1 1 0 1 1 1 0 1 1 0 0 1 1 1 0 1 1 1 0 0 1 1
program/476 0 1 1 0 1 1 1 0 1 1 1 0 1 1 0 0 1 1 1 0 1 1 1 0 0 1 1
program/475 0 1 1 0 1 1 1 0 1 1 1 0 1 1 0 0 1 1 1 0 1 1 1 0 0 1 1
program/474 0 1 1 0 1 1 1 0 1 1 1 0 1 1 0 0 1 1 1 0 1 1 1 0 0 1 1
program/679 0 0 0 0 0 0 0 0 1 1 1 0 1 1 0 0 1 1 1 0 1 1 1 0 0 1 1
program/316 0 1 1 1 1 1 1 0 1 1 1 1 1 1 1 1 1 1 1 0 1 1 1 0 0 1 1
program/317 0 1 1 1 1 1 1 0 1 1 1 1 1 1 1 1 1 1 1 0 1 1 1 0 0 1 1
program/314 0 1 1 1 1 1 1 0 1 1 1 1 1 1 1 1 1 1 1 0 1 1 1 0 0 1 1
program/315 0 1 1 1 1 1 1 0 1 1 1 1 1 1 1 1 1 1 1 0 1 1 1 0 0 1 1
program/312 0 1 1 1 1 1 1 0 1 1 1 1 1 1 1 1 1 1 1 0 1 1 1 0 0 1 1
program/313 0 1 1 1 1 1 1 0 1 1 1 1 1 1 1 1 1 1 1 0 1 1 1 0 0 1 1
program/310 0 1 1 1 1 1 1 0 1 1 1 1 1 1 1 1 1 1 1 0 1 1 1 0 0 1 1
program/311 0 1 1 1 1 1 1 0 1 1 1 1 1 1 1 1 1 1 1 0 1 1 1 0 0 1 1
program/760 0 0 0 0 0 0 0 0 1 1 1 0 1 1 0 0 1 1 1 0 1 1 1 0 0 1 1
program/318 0 1 1 1 1 1 1 0 1 1 1 1 1 1 1 1 1 1 1 0 1 1 1 0 0 1 1
program/319 0 1 1 1 1 1 1 0 1 1 1 1 1 1 1 1 1 1 1 0 1 1 1 0 0 1 1
program/642 0 0 0 0 0 0 0 0 1 1 1 0 1 1 0 0 1 1 1 0 1 1 1 0 0 1 1
program/749 0 0 0 0 0 0 0 0 1 1 1 0 1 0 0 0 1 1 1 0 1 1 1 0 0 1 1
program/643 0 0 0 0 0 0 0 0 1 1 1 0 1 1 0 0 1 1 1 0 1 1 1 0 0 1 1
