ktestSM MFI_KLEE_TOPDIR_TEST_TEMPLATE.sh-out/klee-out-0/test000001.ktest MFI_KLEE_TOPDIR_TEST_TEMPLATE.sh-out/klee-out-0/test000006.ktest MFI_KLEE_TOPDIR_TEST_TEMPLATE.sh-out/klee-out-0/test000002.ktest MFI_KLEE_TOPDIR_TEST_TEMPLATE.sh-out/klee-out-0/test000007.ktest MFI_KLEE_TOPDIR_TEST_TEMPLATE.sh-out/klee-out-0/test000003.ktest MFI_KLEE_TOPDIR_TEST_TEMPLATE.sh-out/klee-out-0/test000005.ktest MFI_KLEE_TOPDIR_TEST_TEMPLATE.sh-out/klee-out-0/test000004.ktest MFI_KLEE_TOPDIR_TEST_TEMPLATE.sh-out/klee-out-0/test000008.ktest heldout-input-pos10-out/Dev-out-0/devtest.ktest heldout-input-pos11-out/Dev-out-0/devtest.ktest heldout-input-pos12-out/Dev-out-0/devtest.ktest heldout-input-pos13-out/Dev-out-0/devtest.ktest heldout-input-pos16-out/Dev-out-0/devtest.ktest heldout-input-pos17-out/Dev-out-0/devtest.ktest heldout-input-pos18-out/Dev-out-0/devtest.ktest heldout-input-pos19-out/Dev-out-0/devtest.ktest heldout-input-pos2-out/Dev-out-0/devtest.ktest heldout-input-pos20-out/Dev-out-0/devtest.ktest heldout-input-pos3-out/Dev-out-0/devtest.ktest heldout-input-pos4-out/Dev-out-0/devtest.ktest heldout-input-pos6-out/Dev-out-0/devtest.ktest heldout-input-pos8-out/Dev-out-0/devtest.ktest heldout-input-pos9-out/Dev-out-0/devtest.ktest input-neg1-out/Dev-out-0/devtest.ktest input-pos1-out/Dev-out-0/devtest.ktest input-pos2-out/Dev-out-0/devtest.ktest input-pos3-out/Dev-out-0/devtest.ktest input-pos4-out/Dev-out-0/devtest.ktest input-pos5-out/Dev-out-0/devtest.ktest input-pos6-out/Dev-out-0/devtest.ktest input-pos7-out/Dev-out-0/devtest.ktest
program/756 0 1 1 1 1 1 1 1 0 1 1 1 1 1 0 1 0 1 1 0 1 0 1 0 1 0 0 0 1 0 0
program/757 0 1 1 1 1 1 1 1 0 1 1 1 1 1 0 1 0 1 0 0 1 0 1 0 1 0 0 0 1 0 1
program/754 0 1 1 1 1 1 1 1 1 1 1 1 1 1 1 1 1 1 1 1 1 1 1 1 1 0 0 0 1 0 0
program/755 0 1 1 1 1 1 1 1 1 1 1 1 1 1 1 1 1 1 0 1 1 1 1 1 1 0 0 0 1 0 1
program/752 0 1 1 1 1 1 1 1 1 1 1 1 1 1 1 1 1 1 1 1 1 1 1 1 1 0 0 0 1 0 1
program/753 0 1 1 1 1 1 1 1 0 1 1 1 1 1 0 1 0 1 0 0 1 0 1 0 1 0 0 0 1 0 0
program/619 0 1 1 1 1 1 1 1 1 1 1 1 1 1 1 1 1 1 1 1 1 1 1 1 1 0 0 0 1 0 1
program/618 0 1 0 1 0 0 1 1 1 1 1 1 1 1 1 1 1 1 1 1 1 1 0 1 0 0 0 0 0 0 0
program/617 0 1 1 1 1 1 1 1 0 1 1 1 1 1 0 1 0 1 1 0 1 0 1 0 1 0 0 0 1 0 1
program/616 0 1 1 1 1 1 1 0 1 1 1 1 1 1 1 1 1 1 1 1 1 1 0 1 0 0 0 0 0 0 0
program/615 0 1 1 1 1 1 1 1 1 1 1 1 1 1 1 1 1 1 1 1 1 1 1 1 1 0 0 0 1 0 1
program/614 0 1 1 1 1 1 1 1 1 1 1 1 1 1 1 1 1 1 1 1 1 1 1 1 1 0 0 0 1 0 1
program/613 0 1 1 1 1 1 1 1 1 1 1 1 1 1 1 1 1 1 1 1 1 1 1 1 1 0 0 0 1 0 1
program/612 0 1 1 1 1 1 1 1 1 1 1 1 1 1 1 1 1 1 1 1 1 1 1 1 1 0 0 0 1 0 1
program/611 0 1 1 1 1 1 1 1 1 1 1 1 1 1 1 1 1 1 1 1 1 1 1 1 1 0 0 0 1 0 1
program/610 0 1 1 1 1 1 1 1 1 1 1 1 1 1 1 1 1 1 1 1 1 1 1 1 1 0 0 0 1 0 1
program/161 1 1 1 1 1 1 1 0 1 1 1 0 1 0 1 1 1 0 1 1 1 1 0 1 0 0 0 0 1 0 0
program/160 1 1 1 1 1 1 1 1 1 1 0 1 1 1 1 1 1 1 1 1 1 1 0 1 0 0 0 0 1 0 0
program/163 1 1 1 1 1 1 1 0 1 1 0 1 1 1 1 1 1 1 1 1 1 1 0 1 0 0 0 0 1 0 0
program/162 1 1 1 1 1 1 1 0 1 1 1 0 1 0 1 1 1 0 1 1 1 1 0 1 0 0 0 0 1 0 0
program/165 1 1 1 1 1 1 1 0 1 1 1 0 1 0 1 1 1 0 1 1 1 1 0 1 0 0 0 0 1 0 0
program/164 1 1 1 1 1 1 1 0 1 1 0 1 1 1 1 1 1 1 1 1 1 1 0 1 0 0 0 0 1 0 0
program/167 1 1 0 1 0 1 1 0 1 1 0 1 1 1 1 1 1 1 1 1 1 1 0 1 0 0 0 0 0 0 0
program/166 1 1 0 1 0 1 1 0 1 1 1 0 1 0 1 1 1 0 1 1 1 1 0 1 0 0 0 0 0 0 0
program/169 1 1 0 1 0 1 1 0 1 1 1 0 1 0 1 1 1 0 1 1 1 1 0 1 0 0 0 0 0 0 0
program/168 1 1 0 1 0 1 1 0 1 1 0 1 1 1 1 1 1 1 1 1 1 1 0 1 0 0 0 0 0 0 0
program/363 0 1 0 1 0 1 1 1 0 1 1 1 1 1 0 1 0 1 1 0 1 0 1 0 0 0 0 0 0 0 0
program/362 0 1 0 1 0 1 1 1 1 1 1 1 1 1 1 1 0 1 1 1 1 1 0 1 0 0 0 0 0 0 0
program/361 0 1 0 1 0 1 1 1 1 1 1 1 1 1 1 1 1 1 1 1 1 1 1 1 1 0 0 0 1 0 0
program/360 0 1 0 1 0 1 1 1 1 1 1 1 1 1 1 1 0 1 1 1 1 0 0 0 0 0 0 0 0 0 0
program/367 0 1 0 1 0 1 0 1 0 1 1 1 1 1 0 1 0 1 1 0 0 0 0 0 0 0 0 0 0 0 0
program/366 0 1 0 1 0 0 1 1 1 1 1 1 1 1 1 1 0 1 1 1 1 1 0 1 0 0 0 0 0 0 0
program/365 0 1 0 1 0 0 1 1 1 1 1 1 1 1 1 1 1 1 1 1 1 1 0 1 1 0 0 0 1 0 0
program/364 0 1 0 1 0 1 1 1 1 1 1 1 1 1 1 1 1 1 1 1 1 1 1 1 1 0 0 0 1 0 0
program/369 0 1 0 1 0 1 1 1 1 1 1 1 1 1 1 1 0 1 1 1 1 1 0 1 0 0 0 0 0 0 0
program/368 0 1 0 1 0 1 1 1 0 1 1 1 1 1 0 1 0 1 1 0 1 0 1 0 0 0 0 0 0 0 0
program/723 0 1 1 1 1 1 1 1 1 1 1 1 1 1 1 1 1 1 1 1 1 1 1 1 1 0 0 0 1 0 1
program/722 0 1 0 1 0 1 0 0 0 1 1 1 1 1 0 1 0 1 1 0 1 0 1 0 1 0 0 0 1 0 1
program/721 0 1 1 1 1 1 1 1 1 1 1 1 1 1 1 1 1 1 1 1 1 1 1 1 1 0 0 0 1 0 1
program/720 0 1 0 1 0 1 0 0 0 1 1 1 1 1 0 1 0 1 1 0 1 0 1 0 1 0 0 0 1 0 1
program/727 0 1 0 1 0 1 0 0 0 1 1 1 1 1 0 1 0 1 1 0 1 0 1 0 1 0 0 0 1 0 1
program/726 0 1 1 1 1 1 1 1 1 1 1 1 1 1 1 1 1 1 1 1 1 1 1 1 1 0 0 0 1 0 1
program/725 0 1 0 1 0 1 0 0 0 1 1 1 1 1 0 1 0 1 1 0 1 0 1 0 1 0 0 0 1 0 1
program/724 0 1 1 1 1 1 1 1 1 1 1 1 1 1 1 1 1 1 1 1 1 1 1 1 1 0 0 0 1 0 1
program/569 0 1 1 1 1 1 1 1 1 1 1 1 1 1 1 1 1 1 1 1 1 1 1 1 1 0 0 0 1 0 0
program/729 0 1 0 1 0 1 0 0 0 1 1 1 1 1 0 1 0 1 1 0 1 0 1 0 1 0 0 0 1 0 1
program/728 0 1 1 1 1 1 1 1 1 1 1 1 1 1 1 1 1 1 1 1 1 1 1 1 1 0 0 0 1 0 1
program/568 0 1 1 1 1 1 1 1 1 1 1 1 1 1 1 1 1 1 0 1 1 1 1 1 1 0 0 0 1 0 0
program/684 0 1 0 1 0 0 1 1 1 1 1 1 1 1 1 1 1 1 1 1 1 1 0 1 0 0 0 0 0 0 0
program/685 0 1 1 1 1 1 1 1 1 1 1 1 1 1 1 1 1 1 1 1 1 1 1 1 1 0 0 0 1 0 1
program/686 0 1 0 1 0 0 1 1 1 1 1 1 1 1 1 1 1 1 1 1 1 1 0 1 0 0 0 0 0 0 0
program/687 0 1 1 1 1 1 1 1 1 1 1 1 1 1 1 1 1 1 1 1 1 1 1 1 1 0 0 0 1 0 1
program/680 0 1 1 1 1 1 1 1 1 1 1 1 1 1 1 1 1 1 1 1 1 1 1 1 1 0 0 0 1 0 1
program/681 0 1 0 1 0 0 1 1 1 1 0 0 0 1 1 1 1 0 0 1 1 1 0 1 0 0 0 0 0 0 0
program/682 0 1 1 1 1 1 1 1 1 1 1 1 1 1 1 1 1 1 1 1 1 1 1 1 1 0 0 0 1 0 1
program/683 0 1 0 1 0 0 1 1 1 1 1 1 1 1 1 1 1 1 1 1 1 1 0 1 0 0 0 0 0 0 0
program/688 0 1 1 1 1 1 1 1 1 1 1 1 1 1 1 1 1 1 1 1 1 1 0 1 0 0 0 0 0 0 0
program/689 0 1 0 1 0 0 1 1 1 1 0 0 0 1 1 1 1 0 0 1 1 1 0 1 0 0 0 0 0 0 0
program/561 0 1 0 1 0 1 1 1 1 1 1 1 1 1 1 1 1 1 0 1 1 1 1 1 1 0 0 0 1 0 0
program/560 0 1 1 1 1 1 1 1 0 1 1 1 1 1 0 1 0 1 1 0 1 0 1 0 1 0 0 0 1 0 1
program/538 0 1 0 1 0 1 1 1 1 1 1 1 1 1 1 1 1 1 1 1 1 1 1 1 1 0 0 0 1 0 0
program/539 0 1 0 1 0 1 1 1 1 1 1 1 1 1 1 1 1 1 1 1 1 1 1 1 1 0 0 0 1 0 0
program/536 0 1 0 1 0 1 0 1 1 1 1 1 1 1 1 1 1 1 1 1 1 0 1 0 1 0 0 0 1 0 0
program/537 0 1 0 1 0 1 1 1 1 1 1 1 1 1 1 1 1 1 1 1 1 1 1 1 1 0 0 0 1 0 0
program/534 0 1 0 1 0 1 0 1 1 1 1 1 1 1 1 1 1 1 1 1 1 0 1 0 1 0 0 0 1 0 0
program/535 0 1 0 1 0 1 0 1 1 1 1 1 1 1 1 1 1 1 1 1 1 0 1 0 1 0 0 0 1 0 0
program/532 0 1 0 1 0 1 0 1 1 1 1 1 1 1 1 1 1 1 1 1 1 0 1 0 1 0 0 0 1 0 0
program/533 0 1 0 1 0 1 1 1 1 1 1 1 1 1 1 1 1 1 1 1 1 1 1 1 1 0 0 0 1 0 0
program/530 0 1 0 1 0 1 0 1 1 1 1 1 1 1 1 1 1 1 1 1 1 0 1 0 1 0 0 0 1 0 0
program/531 0 1 0 1 0 1 1 1 1 1 1 1 1 1 1 1 1 1 1 1 1 1 1 1 1 0 0 0 1 0 0
program/437 0 1 0 1 0 0 1 1 1 1 1 1 1 1 1 1 1 1 1 1 1 1 1 1 1 0 0 0 1 0 0
program/436 0 1 0 1 0 1 0 0 0 0 1 0 0 0 1 0 1 1 0 0 0 0 0 0 0 0 0 0 1 0 0
program/435 0 1 0 1 0 0 0 1 1 1 1 1 1 1 1 1 1 1 1 1 0 0 1 0 1 0 0 0 1 0 0
program/434 0 1 0 1 0 1 0 1 1 1 0 0 1 0 1 1 1 0 1 1 0 0 1 0 0 0 0 0 0 0 0
program/433 0 1 0 1 0 1 1 0 1 1 1 1 1 1 1 1 1 1 1 1 1 1 0 1 0 0 0 0 1 0 0
program/432 0 1 0 1 0 0 1 1 1 1 1 1 1 1 1 1 1 1 1 1 0 0 1 0 1 0 0 0 1 0 0
program/431 0 1 0 1 0 1 1 1 1 1 0 0 1 0 1 1 1 0 1 1 0 0 1 0 0 0 0 0 0 0 0
program/430 0 1 0 1 0 0 0 1 1 1 1 1 1 1 1 1 1 1 1 1 0 0 1 0 1 0 0 0 1 0 0
program/439 0 1 0 1 0 0 1 1 1 1 1 1 1 1 1 1 1 1 1 1 0 0 1 0 1 0 0 0 1 0 0
program/438 0 1 0 1 0 0 1 1 1 1 1 1 1 1 1 1 1 1 1 1 0 0 1 0 1 0 0 0 1 0 0
program/188 1 1 0 1 0 1 0 1 0 0 0 0 0 0 0 0 0 0 0 0 0 0 0 0 0 0 0 0 0 0 0
program/182 1 1 1 1 1 1 1 1 1 1 1 1 1 1 1 1 1 1 1 1 1 1 1 1 1 0 0 0 1 0 1
program/181 1 1 1 1 1 1 1 1 1 1 1 1 1 1 1 1 1 1 1 1 1 1 1 1 1 0 0 0 1 0 1
program/180 1 1 1 1 1 1 1 0 1 0 0 0 0 0 0 0 1 0 1 1 1 1 0 1 1 0 0 0 1 0 0
program/186 0 0 0 0 0 0 0 1 0 0 0 0 0 0 0 0 0 0 0 0 0 0 0 0 0 0 0 0 0 0 0
program/185 1 0 0 0 0 0 0 0 0 0 0 0 0 0 0 0 0 0 0 0 0 0 0 0 0 0 0 0 0 0 0
program/184 1 0 0 0 0 0 0 0 0 0 0 0 0 0 0 0 0 0 0 0 0 0 0 0 0 0 0 0 0 0 0
program/510 0 1 0 1 0 0 0 0 0 1 1 1 1 1 0 1 0 1 1 0 1 0 0 0 0 0 0 0 0 0 0
program/82 0 1 1 1 1 1 1 1 1 1 1 1 1 1 1 1 1 1 1 1 1 1 1 1 1 0 0 0 1 0 1
program/511 0 1 0 1 0 0 1 0 1 1 1 1 1 1 1 1 1 1 1 1 1 1 0 1 0 0 0 0 0 0 0
program/222 1 1 1 1 1 1 1 0 1 1 1 1 1 1 1 1 1 1 1 1 1 1 0 1 0 0 0 0 0 0 0
program/223 0 1 0 1 0 1 0 1 0 1 1 1 1 1 0 1 0 1 1 0 1 0 0 0 0 0 0 0 0 0 0
program/220 0 1 0 1 0 1 0 1 0 1 1 1 1 1 0 1 0 1 1 0 1 0 0 0 0 0 0 0 0 0 0
program/221 1 1 1 1 1 1 1 0 1 1 1 1 1 1 1 1 1 1 1 1 1 1 0 1 0 0 0 0 0 0 0
program/226 1 1 1 1 1 1 1 1 0 0 0 0 0 0 0 0 0 0 0 0 0 1 0 1 0 0 0 0 0 0 0
program/227 0 1 0 1 0 1 0 1 0 1 1 1 1 1 0 1 0 1 1 0 1 0 0 0 0 0 0 0 0 0 0
program/224 0 1 1 1 1 1 1 1 0 0 0 0 0 0 0 0 0 0 0 0 0 1 0 1 0 0 0 0 0 0 0
program/225 1 1 1 1 1 1 1 1 0 1 1 1 1 1 0 1 0 1 0 0 1 1 0 1 0 0 0 0 0 0 0
program/543 0 1 0 1 0 1 1 1 1 1 1 1 1 1 1 1 1 1 1 1 1 1 1 1 1 0 0 0 1 0 0
program/542 0 1 0 1 0 1 1 1 1 1 1 1 1 1 1 1 1 1 1 1 1 1 1 1 1 0 0 0 1 0 0
program/228 1 1 1 1 1 1 1 1 1 1 1 1 1 1 1 1 1 1 1 1 1 1 0 1 0 0 0 0 0 0 0
program/229 1 1 1 1 1 1 1 1 1 0 0 0 0 0 0 0 0 0 0 0 0 1 0 1 0 0 0 0 0 0 0
program/547 0 1 0 1 0 1 1 1 1 1 1 1 1 1 1 1 1 1 1 1 1 1 1 1 1 0 0 0 1 0 0
program/546 0 1 0 1 0 1 1 1 1 1 1 1 1 1 1 1 1 1 1 1 1 1 1 1 1 0 0 0 1 0 0
program/545 0 1 0 1 0 1 0 1 1 1 1 1 1 1 1 1 1 1 1 1 1 0 1 0 1 0 0 0 1 0 0
program/544 0 1 0 1 0 1 1 1 1 1 1 1 1 1 1 1 1 1 1 1 1 1 1 1 1 0 0 0 1 0 0
program/518 0 1 0 1 0 0 1 0 1 1 1 1 1 1 1 1 1 1 1 1 1 1 0 1 0 0 0 0 0 0 0
program/519 0 1 0 1 0 0 0 0 0 1 1 1 1 1 0 1 0 1 1 0 1 0 0 0 0 0 0 0 0 0 0
program/329 0 1 0 1 0 1 1 1 1 1 1 1 1 1 1 1 1 1 1 0 1 0 1 0 0 0 0 0 0 0 0
program/328 0 1 0 1 0 1 1 1 0 1 1 1 1 1 0 1 0 1 1 1 1 0 1 0 0 0 0 0 0 0 0
program/327 0 1 0 1 0 1 1 1 0 1 0 0 1 0 0 0 0 1 1 1 1 0 0 0 0 0 0 0 0 0 0
program/326 0 1 0 1 0 1 1 1 1 0 0 1 1 0 1 1 0 1 1 0 1 0 0 0 0 0 0 0 0 0 0
program/325 0 1 0 1 0 1 1 0 1 1 1 1 1 1 1 1 1 1 1 1 1 1 0 1 0 0 0 0 0 0 0
program/324 0 1 0 1 0 1 1 1 0 1 1 1 1 1 1 1 0 1 1 0 1 0 1 0 0 0 0 0 0 0 0
program/323 0 1 0 1 0 1 0 1 0 1 1 1 1 1 1 1 0 1 1 0 1 0 1 0 0 0 0 0 0 0 0
program/322 0 1 0 1 0 1 1 1 1 1 1 1 1 1 1 1 0 1 0 1 0 0 0 0 0 0 0 0 0 0 0
program/321 0 1 0 1 0 1 1 1 1 1 1 1 1 1 1 1 0 1 1 1 1 1 0 1 0 0 0 0 0 0 0
program/320 0 1 0 1 0 1 1 1 1 1 1 1 1 1 1 1 0 1 1 1 1 0 0 0 0 0 0 0 0 0 0
program/49 0 1 1 1 1 1 1 1 0 1 0 1 1 1 1 1 0 1 1 0 1 0 1 0 1 0 0 0 1 0 0
program/48 0 1 0 1 0 1 1 1 0 1 0 1 1 1 1 1 0 1 1 0 1 0 1 0 1 0 0 0 1 0 0
program/673 0 1 1 1 1 1 1 1 1 1 1 1 1 1 1 1 1 1 1 1 1 1 1 1 1 0 0 0 1 0 1
program/44 0 1 1 1 1 1 1 1 1 1 1 1 1 1 1 1 1 1 1 1 1 1 1 1 1 0 0 0 1 0 1
program/41 1 1 1 1 1 1 1 1 1 1 1 1 1 1 1 1 1 1 1 1 1 1 1 1 1 0 0 0 1 0 1
program/40 1 1 1 1 1 1 1 1 0 1 1 1 1 1 1 1 0 1 1 0 1 0 1 0 1 0 0 0 1 0 0
program/43 0 1 1 1 1 1 1 1 1 1 1 1 1 1 1 1 1 1 1 1 1 1 1 1 1 0 0 0 1 0 1
program/42 0 1 1 1 1 1 1 1 0 1 1 1 1 1 1 1 0 1 1 0 1 0 1 0 1 0 0 0 1 0 0
program/486 0 1 0 1 0 0 0 0 0 1 1 1 1 1 0 1 0 1 1 0 1 0 0 0 0 0 0 0 0 0 0
program/487 0 1 0 1 0 0 1 0 1 1 1 1 1 1 1 1 1 1 1 1 1 1 0 1 0 0 0 0 0 0 0
program/484 0 1 0 1 0 0 1 1 0 1 1 1 1 1 0 1 0 1 1 0 1 0 0 0 0 0 0 0 0 0 0
program/485 0 1 0 1 0 0 1 1 1 1 1 1 1 1 1 1 1 1 1 1 1 1 0 1 0 0 0 0 0 0 0
program/769 0 1 1 1 1 1 1 1 1 1 1 1 1 1 1 1 1 1 1 1 1 1 1 1 1 0 0 0 1 0 1
program/483 0 1 0 1 0 0 1 1 1 1 1 1 1 1 1 1 1 1 1 1 1 1 0 1 0 0 0 0 0 0 0
program/480 0 1 0 1 0 0 1 0 1 1 1 1 1 1 1 1 1 1 1 1 1 1 0 1 0 0 0 0 0 0 0
program/768 0 1 1 1 1 1 1 1 1 1 1 1 1 1 1 1 1 1 1 1 1 1 1 1 1 0 0 0 1 0 1
program/767 0 1 1 1 1 1 1 1 1 1 1 1 1 1 1 1 1 1 1 1 1 1 1 1 1 0 0 0 1 0 1
program/766 0 1 1 1 1 1 1 1 1 1 1 1 1 1 1 1 1 1 1 1 1 1 1 1 1 0 0 0 1 0 1
program/765 0 1 1 1 1 1 1 1 1 1 1 1 1 1 1 1 1 1 1 1 1 1 0 1 0 0 0 0 0 0 0
program/764 0 1 1 1 1 1 1 1 1 1 1 1 1 1 1 1 1 1 1 1 1 1 1 1 1 0 0 0 1 0 1
program/763 0 1 1 1 1 1 1 1 0 1 1 1 1 1 0 1 0 1 1 0 1 0 1 0 1 0 0 0 1 0 0
program/762 0 1 1 1 1 1 1 1 0 1 1 1 1 1 0 1 0 1 0 0 1 0 1 0 1 0 0 0 1 0 1
program/488 0 0 0 0 0 0 0 0 0 0 1 1 1 0 0 0 0 1 1 0 0 0 0 0 0 0 0 0 0 0 0
program/489 0 1 0 1 0 0 1 1 1 1 1 1 1 1 1 1 1 1 1 1 1 1 0 1 0 0 0 0 0 0 0
program/640 0 1 0 1 0 0 1 1 1 1 1 1 1 1 1 1 1 1 1 1 1 1 0 1 0 0 0 0 0 0 0
program/641 0 1 1 1 1 1 1 1 1 1 1 1 1 1 1 1 1 1 1 1 1 1 1 1 1 0 0 0 1 0 1
program/138 1 1 1 1 1 1 1 0 1 1 1 1 1 1 1 1 1 1 1 1 1 1 0 1 0 0 0 0 1 0 0
program/139 1 1 1 1 1 1 1 1 0 0 0 0 0 1 0 0 0 0 0 0 0 0 1 0 1 0 0 0 1 0 0
program/644 0 1 1 1 1 1 1 1 1 1 1 1 1 1 1 1 1 1 1 1 1 1 1 1 1 0 0 0 1 0 1
program/645 0 1 1 1 1 1 1 1 1 1 1 1 1 1 1 1 1 1 1 1 1 1 1 1 1 0 0 0 1 0 1
program/646 0 1 0 1 0 0 1 1 1 1 1 1 1 1 1 1 1 1 1 1 1 0 0 0 0 0 0 0 0 0 0
program/647 0 1 1 1 1 1 1 1 0 0 0 0 0 0 0 0 0 0 0 0 0 0 1 0 1 0 0 0 1 0 1
program/132 1 1 1 1 1 1 1 1 0 0 0 0 0 0 0 0 0 0 0 0 0 0 1 0 1 0 0 0 1 0 0
program/133 1 1 0 1 0 1 1 0 1 1 0 1 1 1 1 1 1 1 1 1 1 1 0 1 0 0 0 0 0 0 0
program/130 1 1 1 1 1 1 1 1 0 0 0 0 0 0 0 0 0 0 0 0 0 1 1 1 1 0 0 0 1 0 0
program/131 1 1 1 1 1 1 1 0 0 0 0 0 0 0 0 0 1 0 0 0 1 0 1 0 1 0 0 0 1 0 0
program/136 1 1 1 1 1 1 1 1 0 0 0 0 0 0 0 0 0 0 0 0 0 1 1 1 1 0 0 0 1 0 0
program/137 1 1 1 1 1 1 1 0 0 0 0 0 0 0 0 0 1 0 0 0 1 0 1 0 1 0 0 0 1 0 0
program/134 1 1 0 1 0 1 1 0 1 1 1 0 1 0 1 1 1 0 1 1 1 1 0 1 0 0 0 0 0 0 0
program/135 1 1 1 1 1 1 1 1 0 0 0 0 0 0 0 0 0 0 0 0 0 0 1 0 1 0 0 0 1 0 0
program/787 0 1 1 1 1 1 1 1 0 1 1 1 1 1 0 1 0 1 1 0 1 0 1 0 1 0 0 0 1 0 1
program/781 0 1 1 1 1 1 1 1 1 1 1 1 1 1 1 1 1 1 1 1 1 1 0 1 0 0 0 0 0 0 0
program/780 0 1 1 1 1 1 1 1 1 1 1 1 1 1 1 1 1 1 1 1 1 1 1 1 1 0 0 0 1 0 1
program/810 0 1 1 1 1 1 1 1 1 1 1 1 1 1 1 1 1 1 1 1 1 1 1 1 1 0 0 0 1 0 1
program/268 0 1 0 1 0 1 1 1 1 1 1 1 1 1 1 1 1 1 1 1 1 1 0 1 0 0 0 0 0 0 0
program/269 1 1 1 1 1 1 1 0 1 1 1 1 1 1 1 1 1 1 1 1 1 1 0 1 0 0 0 0 0 0 1
program/266 1 1 1 1 1 1 1 1 1 1 1 1 1 1 1 1 1 1 1 1 1 1 1 1 1 0 0 0 1 0 0
program/267 1 0 1 0 1 0 0 0 0 0 0 0 0 0 0 0 0 0 0 0 0 0 0 0 0 0 0 0 0 0 0
program/264 1 0 1 0 1 0 0 0 0 0 0 0 0 0 0 0 0 0 0 0 0 0 0 0 0 0 0 0 0 0 0
program/265 1 1 1 1 1 1 1 1 1 1 1 1 1 1 1 1 1 1 1 1 1 1 0 1 0 0 0 0 0 0 0
program/262 1 1 1 1 1 1 1 1 1 1 1 1 1 1 1 1 1 1 1 1 1 1 1 1 1 0 0 0 1 0 0
program/263 1 0 1 0 1 0 0 0 0 0 0 0 0 0 0 0 0 0 0 0 0 0 0 0 0 0 0 0 0 0 0
program/260 0 1 0 1 0 1 1 1 0 0 0 0 0 0 0 0 0 0 0 0 1 1 0 1 0 0 0 0 0 0 0
program/261 0 1 0 1 0 1 1 1 0 0 0 0 0 0 0 0 0 0 0 0 0 1 0 1 0 0 0 0 0 0 0
program/468 0 1 0 1 0 0 1 0 1 1 1 1 1 1 1 1 1 1 1 1 1 1 0 1 0 0 0 0 0 0 0
program/469 0 1 0 1 0 0 1 0 1 1 1 1 1 1 1 1 1 1 1 1 1 1 0 1 0 0 0 0 0 0 0
program/505 0 1 0 1 0 0 1 1 1 1 1 1 1 1 1 1 1 1 1 1 1 1 0 1 0 0 0 0 0 0 0
program/504 0 1 0 1 0 0 0 0 0 1 1 1 1 1 0 1 0 1 1 0 1 0 0 0 0 0 0 0 0 0 0
program/503 0 1 0 1 0 0 1 0 1 1 1 1 1 1 1 1 1 1 1 1 1 1 0 1 0 0 0 0 0 0 0
program/502 0 1 0 1 0 0 0 0 0 1 1 1 1 1 0 1 0 1 0 0 1 0 0 0 0 0 0 0 0 0 0
program/501 0 1 0 1 0 0 1 0 1 1 1 1 1 1 1 1 1 1 0 1 1 1 0 1 0 0 0 0 0 0 0
program/500 0 1 0 1 0 0 1 0 1 1 1 1 1 1 1 1 1 1 1 1 1 1 0 1 0 0 0 0 0 0 0
program/460 0 1 0 1 0 0 1 1 0 1 1 1 1 1 1 1 1 1 0 1 0 0 0 0 0 0 0 0 0 0 0
program/461 0 1 0 1 0 0 1 1 0 1 1 1 1 1 1 1 1 1 0 1 0 0 0 0 0 0 0 0 0 0 0
program/462 0 1 0 1 0 0 1 1 0 1 1 1 1 1 1 1 1 1 0 1 0 0 0 0 0 0 0 0 0 0 0
program/463 0 1 0 1 0 0 1 1 0 1 1 1 1 1 1 1 1 1 0 1 0 0 0 0 0 0 0 0 0 0 0
program/465 0 1 0 1 0 0 1 0 1 1 1 1 1 1 1 1 1 1 1 1 1 1 0 1 0 0 0 0 0 0 0
program/466 0 1 0 1 0 0 1 0 1 1 1 1 1 1 1 1 1 1 1 1 1 1 0 1 0 0 0 0 0 0 0
program/467 0 1 0 1 0 0 1 0 1 1 1 1 1 1 1 1 1 1 1 1 1 1 0 1 0 0 0 0 0 0 0
program/750 0 1 1 1 1 1 1 1 1 1 1 1 1 1 1 1 1 1 1 1 1 1 1 1 1 0 0 0 1 0 1
program/34 0 1 1 1 1 1 1 1 0 0 0 0 1 0 1 1 0 1 0 1 1 1 0 1 1 0 0 0 1 0 0
program/35 0 1 1 1 1 1 1 1 1 1 1 1 1 1 1 1 1 1 1 1 1 1 1 1 1 0 0 0 1 0 1
program/36 1 1 1 1 1 1 1 1 1 1 1 1 1 1 1 1 1 1 1 1 1 1 1 1 1 0 0 0 1 0 1
program/37 1 1 1 1 1 1 1 1 1 1 1 1 1 1 1 1 1 1 1 1 1 1 1 1 1 0 0 0 1 0 1
program/30 1 1 1 1 1 1 1 1 0 1 1 1 1 1 1 1 0 1 1 0 1 0 1 0 1 0 0 0 1 0 0
program/31 1 1 1 1 1 1 1 1 1 1 1 1 1 1 1 1 1 1 1 1 1 1 1 1 1 0 0 0 1 0 1
program/32 1 1 1 1 1 1 1 1 0 1 1 1 1 1 1 1 0 1 1 0 1 0 1 0 1 0 0 0 1 0 0
program/33 0 1 1 1 1 1 1 1 0 1 1 1 1 1 1 1 0 1 1 0 1 0 1 0 1 0 0 0 1 0 0
program/678 0 1 0 1 0 0 1 1 1 1 1 1 1 1 1 1 1 1 1 1 1 1 0 1 0 0 0 0 0 0 0
program/38 0 1 1 1 1 1 1 1 0 1 1 1 1 1 1 1 0 1 1 0 1 0 1 0 1 0 0 0 1 0 0
program/39 0 1 0 1 0 1 1 1 0 1 0 1 1 1 1 1 0 1 0 0 1 0 1 0 1 0 0 0 1 0 0
program/719 0 1 1 1 1 1 1 1 1 1 1 1 1 1 1 1 1 1 1 1 1 1 1 1 1 0 0 0 1 0 1
program/751 0 1 1 1 1 1 1 1 1 1 1 1 1 1 1 1 1 1 0 1 1 1 1 1 1 0 0 0 1 0 1
program/219 0 1 0 1 0 1 0 1 0 1 1 1 1 1 0 1 0 1 1 0 1 0 0 0 0 0 0 0 0 0 0
program/218 1 1 1 1 1 1 1 0 1 1 1 1 1 1 1 1 1 1 1 1 1 1 0 1 0 0 0 0 0 0 0
program/213 1 0 1 0 1 1 0 1 0 0 0 0 0 0 0 0 0 0 0 0 0 0 0 0 0 0 0 0 0 0 0
program/212 1 1 1 1 1 1 1 0 1 1 1 1 1 1 1 1 1 1 1 1 1 1 0 1 0 0 0 0 0 0 0
program/211 0 1 0 1 0 1 1 0 1 1 1 1 1 1 1 1 1 1 1 1 1 1 0 1 0 0 0 0 0 0 0
program/210 1 1 1 1 1 1 1 0 1 1 1 1 1 1 1 1 1 1 1 1 1 1 0 1 0 0 0 0 0 0 0
program/217 1 1 1 1 1 1 0 1 0 1 1 1 1 1 0 1 0 1 1 0 1 0 0 0 0 0 0 0 0 0 0
program/216 1 1 1 1 1 1 1 0 1 1 1 1 1 1 1 1 1 1 1 1 1 1 0 1 0 0 0 0 0 0 0
program/215 1 1 1 1 1 1 1 1 0 0 0 0 1 0 0 1 0 0 0 0 1 0 0 0 0 0 0 0 0 0 0
program/214 0 1 1 1 1 1 1 1 1 1 0 0 1 0 1 1 0 0 1 0 0 1 0 1 0 0 0 0 0 0 0
program/712 0 1 0 1 0 1 1 1 0 1 1 1 1 1 0 1 0 1 1 0 1 0 1 0 1 0 0 0 1 0 1
program/761 0 1 1 1 1 1 1 1 1 1 1 1 1 1 1 1 1 1 1 1 1 1 1 1 0 0 0 0 0 0 1
program/713 0 1 1 1 1 1 1 1 1 1 1 1 1 1 1 1 1 1 1 1 1 1 1 1 1 0 0 0 1 0 1
program/62 0 1 0 1 0 1 1 1 1 1 1 1 1 1 1 1 1 1 1 1 1 1 1 1 1 0 0 0 1 0 1
program/177 1 1 1 1 1 1 1 0 1 1 1 1 1 1 1 1 1 1 1 1 1 1 0 1 0 0 0 0 0 0 0
program/174 1 1 1 1 1 1 1 1 1 1 1 1 1 1 1 1 1 1 1 1 1 1 1 1 1 0 0 0 1 0 1
program/175 1 1 1 1 1 1 1 0 0 0 0 0 0 0 0 0 1 0 0 0 1 0 1 0 1 0 0 0 1 0 0
program/172 1 1 1 1 1 1 1 0 0 0 0 0 0 0 0 0 1 0 0 0 1 1 0 1 0 0 0 0 0 0 0
program/173 1 1 1 1 1 1 1 0 0 0 0 0 0 0 0 0 1 0 0 0 1 1 1 1 0 0 0 0 0 0 0
program/170 1 1 0 1 0 1 1 1 1 1 0 1 1 1 0 0 1 1 1 1 1 1 0 1 0 0 0 0 1 0 0
program/171 1 1 0 1 0 1 1 0 1 1 0 1 1 1 0 0 1 1 1 1 1 1 0 1 0 0 0 0 1 0 0
program/178 1 1 1 1 1 1 1 1 1 1 1 1 1 1 1 1 1 1 1 1 1 1 1 1 1 0 0 0 1 0 1
program/179 1 1 1 1 1 1 1 0 1 0 0 0 0 0 0 0 1 0 1 1 1 1 0 1 1 0 0 0 1 0 0
program/370 0 1 0 1 0 1 0 1 0 0 1 1 1 0 0 0 0 1 1 0 0 0 0 0 0 0 0 0 0 0 0
program/371 0 1 0 1 0 1 1 1 1 1 1 1 1 1 1 1 1 1 1 1 1 1 1 1 1 0 0 0 1 0 0
program/372 0 1 0 1 0 1 0 1 1 1 0 1 1 1 1 1 0 1 1 0 1 0 0 0 0 0 0 0 0 0 0
program/373 0 1 0 1 0 1 0 1 1 1 1 1 1 1 1 1 1 1 0 1 1 0 1 0 0 0 0 0 0 0 0
program/374 0 1 0 1 0 1 1 1 0 1 1 1 1 1 0 1 0 1 1 0 1 0 1 0 0 0 0 0 0 0 0
program/375 0 1 0 1 0 1 0 1 1 1 1 1 1 1 1 1 0 1 1 1 0 0 0 0 0 0 0 0 0 0 0
program/376 0 1 0 1 0 1 1 1 0 1 1 1 1 1 0 1 0 1 1 0 1 0 1 0 0 0 0 0 0 0 0
program/377 0 1 0 1 0 1 1 1 1 1 1 1 1 1 1 1 1 1 0 1 1 0 1 0 0 0 0 0 0 0 0
program/378 0 1 0 1 0 1 0 1 1 1 1 1 1 1 1 1 1 1 0 1 1 0 1 0 0 0 0 0 0 0 0
program/379 0 1 0 1 0 1 1 1 0 1 1 1 1 1 0 1 0 1 1 0 1 0 1 0 0 0 0 0 0 0 0
program/654 0 1 1 1 1 1 1 1 1 1 1 1 1 1 1 1 1 1 1 1 1 1 1 1 1 0 0 0 1 0 1
program/743 0 1 0 1 0 1 1 1 1 1 1 1 1 1 1 1 1 1 1 1 1 1 1 1 1 0 0 0 1 0 1
program/730 0 1 1 1 1 1 1 1 1 1 1 1 1 1 1 1 1 1 1 1 1 1 1 1 1 0 0 0 1 0 1
program/731 0 1 1 1 1 1 1 1 1 1 1 1 1 1 1 1 1 1 1 1 1 1 1 1 1 0 0 0 1 0 1
program/732 0 1 0 1 0 0 1 1 1 1 1 1 1 1 1 1 1 1 1 1 1 1 0 1 0 0 0 0 0 0 0
program/733 0 1 1 1 1 1 1 1 1 1 1 1 1 1 1 1 1 1 1 1 1 1 1 1 1 0 0 0 1 0 1
program/734 0 1 0 1 0 0 1 1 1 1 1 1 1 1 1 1 1 1 1 1 1 1 0 1 0 0 0 0 0 0 0
program/735 0 1 1 1 1 1 1 1 1 1 1 1 1 1 1 1 1 1 1 1 1 1 1 1 1 0 0 0 1 0 1
program/736 0 1 1 1 1 1 1 1 1 1 1 1 1 1 1 1 1 1 1 1 1 1 1 1 1 0 0 0 1 0 1
program/737 0 1 0 1 0 0 1 1 1 1 1 1 1 1 1 1 1 1 1 1 1 1 0 1 0 0 0 0 0 0 0
program/738 0 1 1 1 1 1 1 1 1 1 1 1 1 1 1 1 1 1 1 1 1 1 1 1 1 0 0 0 1 0 1
program/739 0 1 0 1 0 0 1 1 1 1 1 1 1 1 1 1 1 1 1 1 1 1 0 1 0 0 0 0 0 0 0
program/103 1 1 1 1 1 1 1 1 0 0 0 0 0 0 0 0 0 0 0 0 0 0 1 0 1 0 0 0 1 0 0
program/102 1 1 0 1 0 1 1 0 1 1 1 1 1 1 1 1 1 1 1 1 1 1 0 1 0 0 0 0 0 0 0
program/101 1 1 0 1 0 1 1 0 1 0 0 0 0 0 1 0 1 0 0 1 0 1 1 1 1 0 0 0 0 0 0
program/100 1 1 1 1 1 1 1 1 0 0 0 0 0 0 0 0 0 0 0 0 0 0 1 0 1 0 0 0 1 0 0
program/107 1 1 1 1 1 1 1 1 0 0 0 0 0 0 0 0 0 0 0 0 0 0 1 0 1 0 0 0 1 0 0
program/106 1 1 1 1 1 1 1 0 1 1 1 1 1 1 1 1 1 1 1 1 1 1 0 1 0 0 0 0 0 0 0
program/105 1 1 1 1 1 1 1 1 1 1 1 1 1 1 1 1 1 1 1 1 1 1 1 1 1 0 0 0 1 0 1
program/104 1 1 1 1 1 1 1 1 0 0 0 0 0 0 0 0 0 0 0 0 0 0 1 0 1 0 0 0 1 0 0
program/109 1 1 1 1 1 1 1 0 1 1 1 1 1 1 1 1 1 1 1 1 0 1 0 1 1 0 0 0 0 0 0
program/108 1 1 1 1 1 1 1 0 0 1 1 1 0 0 0 0 1 0 0 0 1 0 1 0 1 0 0 0 1 0 0
program/749 0 1 1 1 1 1 1 1 0 1 1 1 1 1 0 1 0 1 0 0 0 0 1 0 1 0 0 0 1 0 1
program/748 0 1 1 1 1 1 1 1 1 1 1 1 1 1 1 1 1 1 1 1 1 1 1 1 1 0 0 0 1 0 1
program/667 0 1 1 1 1 1 1 1 1 1 1 1 1 1 1 1 1 1 0 1 1 1 1 1 1 0 0 0 1 0 0
program/424 0 1 0 1 0 0 1 1 1 1 1 1 1 1 1 1 1 1 1 1 1 1 1 1 1 0 0 0 1 0 0
program/677 0 1 1 1 1 1 1 1 1 1 1 1 1 1 1 1 1 1 1 1 1 1 1 1 1 0 0 0 1 0 1
program/426 0 1 0 1 0 1 1 1 1 1 0 0 1 0 1 1 1 0 1 1 0 0 1 0 0 0 0 0 0 0 0
program/427 0 1 0 1 0 0 1 1 1 1 1 1 1 1 1 1 1 1 1 1 0 0 1 0 1 0 0 0 1 0 0
program/420 0 1 0 1 0 0 1 1 1 1 1 1 1 1 1 1 1 1 1 1 1 1 1 1 1 0 0 0 1 0 0
program/421 0 1 0 1 0 0 0 1 1 1 1 1 1 1 1 1 0 1 1 1 0 0 1 0 1 0 0 0 1 0 0
program/422 0 1 0 1 0 0 1 1 1 1 1 1 1 1 1 1 1 1 1 1 1 1 1 1 1 0 0 0 1 0 0
program/423 0 1 0 1 0 1 0 0 0 0 1 0 0 0 1 0 1 1 0 0 0 0 0 0 0 0 0 0 1 0 0
program/785 0 1 1 1 1 1 1 1 0 1 1 1 1 1 0 1 0 1 1 0 1 0 1 0 1 0 0 0 1 0 1
program/784 0 1 1 1 1 1 1 1 0 1 1 1 1 1 0 1 0 1 1 0 1 0 1 0 1 0 0 0 1 0 1
program/758 0 1 1 1 1 1 1 1 1 1 1 1 1 1 1 1 1 1 1 1 1 1 0 1 0 0 0 0 0 0 0
program/786 0 1 1 1 1 1 1 1 1 1 1 1 1 1 1 1 1 1 1 1 1 1 0 1 0 0 0 0 0 0 0
program/428 0 1 0 1 0 0 0 1 1 1 1 1 1 1 1 1 1 1 1 1 0 0 1 0 1 0 0 0 1 0 0
program/429 0 1 0 1 0 0 0 0 1 1 1 1 1 1 1 1 1 1 0 1 1 1 1 1 0 0 0 0 0 0 0
program/783 0 1 1 1 1 1 1 1 1 1 1 1 1 1 1 1 1 1 1 1 1 1 1 1 1 0 0 0 1 0 1
program/782 0 1 1 1 1 1 1 1 1 1 1 1 1 1 1 1 1 1 1 1 1 1 0 1 0 0 0 0 0 0 0
program/198 1 1 1 1 1 1 1 0 1 1 1 1 1 1 1 1 1 1 1 1 1 1 0 1 0 0 0 0 0 0 0
program/199 1 1 1 1 1 1 1 0 1 1 1 1 1 1 1 1 1 1 1 1 1 1 0 1 0 0 0 0 0 0 0
program/92 1 1 0 1 0 1 1 0 1 0 0 0 0 0 1 0 1 0 0 1 0 1 1 1 1 0 0 0 0 0 0
program/551 0 1 0 1 0 1 1 1 1 1 1 1 1 1 1 1 1 1 1 1 1 1 1 1 1 0 0 0 1 0 0
program/190 1 1 1 1 1 1 1 1 0 0 0 0 0 0 0 0 0 0 0 0 1 1 1 1 1 0 0 0 1 0 0
program/191 1 1 1 1 1 1 1 1 0 0 0 0 0 0 0 0 0 0 1 0 0 1 1 1 1 0 0 0 0 0 0
program/192 1 1 1 1 1 1 1 1 0 0 0 0 0 0 0 0 0 0 0 0 0 1 1 1 1 0 0 0 1 0 0
program/193 1 1 1 1 1 1 1 0 1 1 1 0 1 0 1 1 1 0 1 1 1 1 0 1 1 0 0 0 0 0 0
program/194 1 1 1 1 1 1 1 1 1 1 1 0 1 0 1 1 1 1 1 1 0 1 1 0 1 0 0 0 0 0 0
program/195 1 1 1 1 1 1 1 1 1 1 1 1 1 1 1 1 1 1 1 1 1 1 1 1 1 0 0 0 1 0 1
program/196 1 1 1 1 1 1 1 0 1 1 1 1 1 1 1 1 1 1 1 1 1 1 0 1 0 0 0 0 0 0 0
program/197 1 1 1 1 1 1 1 0 1 1 1 1 1 1 1 1 1 1 1 1 1 1 0 1 0 0 0 0 0 0 0
program/759 0 1 1 1 1 1 1 1 1 1 1 1 1 1 1 1 1 1 1 1 1 1 1 1 1 0 0 0 1 0 1
program/93 1 1 1 1 1 1 1 1 1 1 1 1 1 1 1 1 1 1 1 1 1 1 0 1 0 0 0 0 0 0 0
program/81 0 1 1 1 1 1 1 1 1 1 1 1 1 1 1 1 1 1 1 1 1 1 1 1 1 0 0 0 1 0 1
program/80 0 1 0 1 0 1 1 1 1 1 1 1 1 1 1 1 1 1 1 1 1 1 1 1 1 0 0 0 1 0 1
program/557 0 1 1 1 1 1 1 1 1 1 1 1 1 1 1 1 1 1 1 1 1 1 1 1 1 0 0 0 1 0 1
program/83 0 1 0 1 0 1 1 1 1 1 1 1 1 1 1 1 1 1 1 1 1 1 1 1 1 0 0 0 1 0 1
program/558 0 1 0 1 0 1 1 1 0 0 1 1 1 0 0 0 0 1 1 1 1 1 1 1 0 0 0 0 0 0 0
program/559 0 1 1 1 1 1 1 1 1 1 1 1 1 1 1 1 1 1 1 1 1 1 1 1 1 0 0 0 1 0 1
program/255 1 1 1 1 1 1 1 1 0 1 1 1 1 1 0 1 0 1 1 0 1 1 1 1 1 0 0 0 1 0 0
program/254 1 1 1 1 1 1 1 1 0 1 1 1 1 1 0 1 0 1 0 0 1 1 0 1 0 0 0 0 0 0 0
program/253 1 1 1 1 1 1 1 1 1 1 1 1 1 1 1 1 1 1 1 0 1 0 0 0 0 0 0 0 0 0 0
program/252 1 1 1 1 1 1 1 0 1 1 1 1 1 1 1 1 1 1 1 1 1 1 0 1 0 0 0 0 0 0 0
program/251 0 1 0 1 0 1 1 1 0 1 1 1 1 0 0 1 0 1 1 0 1 1 0 1 0 0 0 0 0 0 0
program/250 1 1 1 1 1 1 1 0 1 1 1 1 1 1 1 1 1 1 1 1 1 1 0 1 0 0 0 0 0 0 0
program/550 0 1 0 1 0 1 0 1 1 1 1 1 1 1 1 1 1 1 1 1 1 0 1 0 1 0 0 0 1 0 0
program/85 0 1 1 1 1 1 1 1 0 1 0 1 1 1 1 1 0 1 1 0 1 0 1 0 1 0 0 0 1 0 0
program/552 0 1 0 1 0 1 1 1 1 1 1 1 1 1 1 1 1 1 1 1 1 1 1 1 1 0 0 0 1 0 0
program/553 0 1 0 1 0 1 0 1 1 1 1 1 1 1 1 1 1 1 1 1 1 0 1 0 1 0 0 0 1 0 0
program/554 0 1 0 1 0 1 1 1 1 1 1 1 1 1 1 1 1 1 1 1 1 1 1 1 1 0 0 0 1 0 0
program/555 0 1 0 1 0 1 1 1 0 1 1 1 1 1 0 1 0 1 1 0 1 0 0 0 0 0 0 0 0 0 0
program/556 0 1 1 1 1 1 1 1 1 1 1 1 1 1 1 1 1 1 1 1 1 1 1 1 1 0 0 0 1 0 1
program/258 1 0 1 0 1 0 0 0 0 0 0 0 0 0 0 0 0 0 0 0 0 0 0 0 0 0 0 0 0 0 0
program/87 1 1 1 1 1 1 1 0 0 0 0 0 0 0 0 0 0 0 0 0 1 0 1 0 1 0 0 0 1 0 0
program/718 0 1 1 1 1 1 1 1 1 1 1 1 1 1 1 1 1 1 1 1 1 1 1 1 1 0 0 0 1 0 1
program/86 1 1 1 1 1 1 1 1 0 0 0 0 0 0 1 0 1 0 1 1 0 0 1 0 1 0 0 0 1 0 0
program/507 0 1 0 1 0 0 0 0 0 1 1 1 1 1 0 1 0 1 1 0 1 0 0 0 0 0 0 0 0 0 0
program/506 0 1 0 1 0 0 1 0 1 1 1 1 1 1 1 1 1 1 1 1 1 1 0 1 0 0 0 0 0 0 0
program/338 0 1 0 1 0 1 0 1 0 1 1 1 1 1 1 1 0 1 1 0 1 0 1 0 0 0 0 0 0 0 0
program/339 0 1 0 1 0 1 1 1 0 1 1 1 1 1 1 1 0 1 1 0 1 0 1 0 0 0 0 0 0 0 0
program/334 0 1 0 1 0 1 1 1 1 1 1 1 1 1 1 1 0 1 1 0 1 0 1 0 0 0 0 0 0 0 0
program/335 0 1 0 1 0 1 1 1 0 1 1 1 1 1 0 1 0 1 1 1 1 0 1 0 0 0 0 0 0 0 0
program/336 0 1 0 1 0 1 1 1 0 1 1 1 1 1 0 1 0 1 1 1 1 0 1 0 0 0 0 0 0 0 0
program/337 0 1 0 1 0 1 1 1 1 1 1 1 1 1 1 1 0 1 1 0 1 0 1 0 0 0 0 0 0 0 0
program/330 0 1 0 1 0 1 1 1 1 1 1 1 1 1 1 1 0 1 1 0 1 0 1 0 0 0 0 0 0 0 0
program/331 0 1 0 1 0 0 1 1 0 1 1 1 1 1 0 1 0 1 1 1 1 0 1 0 0 0 0 0 0 0 0
program/332 0 1 0 1 0 0 1 1 0 1 1 1 1 1 0 1 0 1 1 1 1 0 1 0 0 0 0 0 0 0 0
program/333 0 1 0 1 0 1 1 1 1 1 1 1 1 1 1 1 0 1 1 0 1 0 1 0 0 0 0 0 0 0 0
program/70 0 1 1 1 1 1 1 1 1 1 1 1 1 1 1 1 1 1 1 1 1 1 1 1 1 0 0 0 1 0 1
program/71 0 1 0 1 0 1 1 1 0 1 0 1 1 1 1 1 0 1 0 0 1 0 1 0 1 0 0 0 1 0 0
program/72 0 1 1 1 1 1 1 1 1 1 1 1 1 1 1 1 1 1 1 1 1 1 1 1 1 0 0 0 1 0 1
program/73 0 1 1 1 1 1 1 1 1 1 1 1 1 1 1 1 1 1 1 1 1 1 1 1 1 0 0 0 1 0 1
program/74 0 1 1 1 1 1 1 1 1 1 1 1 1 1 1 1 1 1 1 1 1 1 1 1 1 0 0 0 1 0 1
program/75 0 1 0 1 0 1 1 1 1 1 1 1 1 1 1 1 1 1 1 1 1 1 1 1 1 0 0 0 1 0 1
program/76 0 1 1 1 1 1 1 1 1 1 1 1 1 1 1 1 1 1 1 1 1 1 1 1 1 0 0 0 1 0 1
program/77 0 1 1 1 1 1 1 1 1 1 1 1 1 1 1 1 1 1 1 1 1 1 1 1 1 0 0 0 1 0 1
program/78 0 1 1 1 1 1 1 1 1 1 1 1 1 1 1 1 1 1 1 1 1 1 1 1 1 0 0 0 1 0 1
program/79 0 1 0 1 0 1 1 1 1 1 1 1 1 1 1 1 1 1 1 1 1 1 1 1 1 0 0 0 1 0 1
program/778 0 1 1 1 1 1 1 1 1 1 1 1 1 1 1 1 1 1 1 1 1 1 0 1 0 0 0 0 0 0 0
program/779 0 1 1 1 1 1 1 1 1 1 1 1 1 1 1 1 1 1 1 1 1 1 1 1 1 0 0 0 1 0 1
program/774 0 1 1 1 1 1 1 1 0 1 1 1 1 0 1 1 0 1 1 0 1 0 1 0 1 0 0 0 1 0 1
program/775 0 1 1 1 1 1 1 1 0 1 1 1 1 1 1 1 0 1 1 0 1 0 1 0 1 0 0 0 1 0 0
program/776 0 1 1 1 1 1 1 1 1 1 1 1 1 1 1 1 1 1 1 1 1 1 1 1 1 0 0 0 1 0 1
program/777 0 1 1 1 1 1 1 1 1 1 1 1 1 1 1 1 1 1 1 1 1 1 1 1 1 0 0 0 1 0 1
program/770 0 1 1 1 1 1 1 1 1 1 1 1 1 1 1 1 1 1 0 1 1 1 1 1 1 0 0 0 1 0 1
program/771 0 1 1 1 1 1 1 1 1 1 1 1 1 1 1 1 1 1 1 1 1 1 1 1 1 0 0 0 1 0 0
program/772 0 1 1 1 1 1 1 1 1 1 1 1 1 1 1 1 1 1 1 1 1 1 1 1 1 0 0 0 1 0 1
program/773 0 1 1 1 1 1 1 1 1 1 1 1 1 1 1 1 1 1 1 1 1 1 1 1 1 0 0 0 1 0 1
program/675 0 1 1 1 1 1 1 1 1 1 1 1 1 1 1 1 1 1 1 1 1 1 1 1 1 0 0 0 1 0 1
program/674 0 1 0 1 0 1 0 0 0 1 1 1 1 1 0 1 0 1 1 0 1 0 1 0 1 0 0 0 1 0 1
program/98 1 1 0 1 0 1 1 0 1 0 0 0 0 0 1 0 1 0 0 1 0 1 1 1 1 0 0 0 0 0 0
program/99 1 1 1 1 1 1 1 0 1 0 0 0 0 0 1 0 1 0 0 1 0 1 1 1 1 0 0 0 0 0 0
program/671 0 1 1 1 1 1 1 1 1 1 1 1 1 1 1 1 1 1 1 1 1 1 1 1 1 0 0 0 1 0 1
program/509 0 1 0 1 0 0 1 1 1 1 1 1 1 1 1 1 1 1 1 1 1 1 0 1 0 0 0 0 0 0 0
program/149 1 1 1 1 1 1 1 0 1 1 1 1 1 1 1 1 1 1 1 1 1 1 0 1 0 0 0 0 0 0 0
program/148 1 1 1 1 1 1 1 0 1 1 1 1 1 1 1 1 1 1 1 1 1 1 0 1 0 0 0 0 0 0 0
program/147 1 1 1 1 1 1 1 0 0 0 0 0 0 0 0 0 1 0 0 0 1 1 1 1 0 0 0 0 0 0 0
program/146 1 1 1 1 1 1 1 0 0 0 0 0 0 0 0 0 1 0 0 0 1 1 0 1 0 0 0 0 0 0 0
program/145 1 1 0 1 0 1 1 0 1 1 0 1 1 1 0 0 1 1 1 1 1 1 0 1 0 0 0 0 1 0 0
program/91 1 1 1 1 1 1 1 0 1 1 1 1 1 1 1 1 1 1 1 1 1 1 0 1 0 0 0 0 0 0 0
program/96 1 1 1 1 1 1 1 0 1 1 1 1 1 1 1 1 1 1 1 1 1 1 0 1 0 0 0 0 0 0 0
program/97 1 1 0 1 0 1 1 0 1 1 1 1 1 1 1 1 1 1 1 1 1 1 0 1 0 0 0 0 0 0 0
program/141 1 1 1 1 1 1 1 0 0 0 0 0 0 0 0 0 1 0 0 0 1 1 1 1 1 0 0 0 1 0 0
program/95 1 1 1 1 1 1 1 0 1 0 0 0 0 0 1 0 1 0 0 1 0 1 1 1 1 0 0 0 0 0 0
program/389 0 1 0 1 0 1 1 1 1 1 1 1 1 1 1 1 1 1 1 1 1 1 0 1 0 0 0 0 0 0 0
program/388 0 1 0 1 0 1 1 1 1 1 1 1 1 1 1 1 0 1 1 1 1 1 0 1 0 0 0 0 0 0 0
program/381 0 1 0 1 0 1 1 1 0 1 1 1 1 1 0 1 0 1 1 0 1 0 1 0 0 0 0 0 0 0 0
program/380 0 1 0 1 0 1 0 1 1 1 1 1 1 1 1 1 0 1 1 1 0 0 0 0 0 0 0 0 0 0 0
program/383 0 1 0 1 0 1 1 1 0 1 1 1 1 1 0 1 0 1 1 0 1 0 1 0 0 0 0 0 0 0 0
program/382 0 1 0 1 0 1 1 1 0 1 1 1 1 1 0 1 0 1 1 0 1 0 1 0 0 0 0 0 0 0 0
program/385 0 1 0 1 0 0 0 1 0 1 1 1 1 1 1 1 0 1 0 0 0 0 0 0 0 0 0 0 0 0 0
program/384 0 1 0 1 0 1 1 1 0 1 1 1 1 1 0 1 0 1 1 0 1 0 1 0 0 0 0 0 0 0 0
program/387 0 1 0 1 0 1 0 1 1 1 1 1 1 1 1 1 1 1 0 1 1 0 1 0 0 0 0 0 0 0 0
program/386 0 1 0 1 0 1 1 1 0 1 1 1 1 1 0 1 0 1 1 0 1 0 1 0 0 0 0 0 0 0 0
program/589 0 1 1 1 1 1 1 1 1 1 1 1 1 1 1 1 1 1 0 1 1 1 1 1 1 0 0 0 1 0 0
program/588 0 1 1 1 1 1 1 1 1 1 1 1 1 1 1 1 1 1 0 1 1 1 1 1 1 0 0 0 1 0 0
program/587 0 1 1 1 1 1 1 1 0 1 1 1 1 1 0 1 0 1 1 0 1 0 1 0 1 0 0 0 1 0 1
program/586 0 1 1 1 1 1 1 1 0 1 1 1 1 1 0 1 0 1 1 0 1 0 1 0 1 0 0 0 1 0 1
program/585 0 1 1 1 1 1 1 1 1 1 1 1 1 1 1 1 1 1 0 1 1 1 1 1 1 0 0 0 1 0 0
program/584 0 1 1 1 1 1 1 1 0 1 1 1 1 1 0 1 0 1 1 0 1 0 1 0 1 0 0 0 1 0 1
program/583 0 1 1 1 1 1 1 1 1 1 1 1 1 1 1 1 1 1 1 1 1 1 1 1 1 0 0 0 1 0 1
program/582 0 1 0 1 0 1 1 1 0 1 1 1 1 1 0 1 0 1 1 0 1 0 1 0 1 0 0 0 1 0 1
program/581 0 1 0 1 0 1 1 1 1 1 1 1 1 1 1 1 1 1 1 1 1 1 1 1 1 0 0 0 1 0 0
program/580 0 1 1 1 1 1 1 1 1 1 1 1 1 1 1 1 1 1 1 1 1 1 1 1 1 0 0 0 1 0 1
program/648 0 1 1 1 1 1 1 1 1 1 1 1 1 1 1 1 1 1 1 1 1 1 1 1 1 0 0 0 1 0 1
program/2 1 1 1 1 1 1 1 1 0 0 0 0 0 0 0 0 0 0 0 0 0 0 0 0 0 0 0 0 0 0 0
program/3 1 1 1 1 1 1 1 1 1 1 1 1 1 1 1 1 1 1 1 1 1 1 1 1 1 0 0 0 1 0 1
program/5 1 1 1 1 1 1 1 1 1 1 1 1 1 1 1 1 1 1 1 1 1 1 1 1 1 0 0 0 1 0 1
program/9 1 1 1 1 1 1 1 1 1 1 1 1 1 1 1 1 1 1 1 1 1 1 1 1 1 0 0 0 1 0 1
program/649 0 1 1 1 1 1 1 1 1 1 1 1 1 1 1 1 1 1 1 1 1 1 1 1 1 0 0 0 1 0 1
program/802 0 1 1 1 1 1 1 1 1 1 1 1 1 1 1 1 1 1 1 1 1 1 1 1 1 0 0 0 1 0 1
program/803 0 1 1 1 1 1 1 1 1 1 1 1 1 1 1 1 1 1 1 1 1 1 1 1 1 0 0 0 1 0 1
program/800 0 1 1 1 1 1 1 1 1 1 1 1 1 1 1 1 1 1 1 1 1 1 0 1 0 0 0 0 0 0 0
program/801 0 1 1 1 1 1 1 1 0 1 1 1 1 1 0 1 0 1 1 0 1 0 1 0 1 0 0 0 1 0 1
program/806 0 1 1 1 1 1 1 1 1 1 1 1 1 1 1 1 1 1 1 1 1 1 0 1 0 0 0 0 0 0 0
program/807 0 1 1 1 1 1 1 1 0 0 0 0 0 0 0 0 0 0 0 0 0 0 0 0 0 0 0 0 0 0 0
program/804 0 1 1 1 1 1 1 1 1 1 1 1 1 1 1 1 1 1 1 1 1 1 0 1 0 0 0 0 0 0 0
program/805 0 1 1 1 1 1 1 1 1 1 1 1 1 1 1 1 1 1 1 1 1 0 1 0 1 0 0 0 1 0 1
program/808 0 1 1 1 1 1 1 1 1 1 1 1 1 1 1 1 1 1 1 1 1 1 1 1 1 0 0 0 1 0 1
program/809 0 1 1 1 1 1 1 1 1 1 1 1 1 1 1 1 1 1 1 1 1 1 1 1 1 0 0 0 1 0 1
program/742 0 1 1 1 1 1 1 1 1 1 1 1 1 1 1 1 1 1 1 1 1 1 1 1 1 0 0 0 1 0 1
program/293 1 1 1 1 1 1 1 1 1 1 1 1 1 1 1 1 1 1 1 1 1 1 1 1 1 0 0 0 1 0 1
program/292 1 1 1 1 1 1 1 0 1 1 1 1 1 1 1 1 1 1 1 1 1 1 0 1 0 0 0 0 0 0 1
program/291 1 1 1 1 1 0 0 1 0 1 1 1 1 0 0 1 0 1 0 0 1 0 0 0 0 0 0 0 0 0 0
program/290 0 1 0 1 0 1 1 0 1 1 1 1 1 1 1 1 1 1 1 1 1 1 0 1 0 0 0 0 0 0 0
program/297 0 1 0 1 0 1 0 1 0 1 0 0 0 0 0 1 1 0 1 1 0 1 0 1 0 0 0 0 0 0 0
program/296 0 1 0 1 0 1 1 1 1 1 1 1 1 1 1 1 0 1 0 1 0 0 0 0 0 0 0 0 0 0 0
program/295 0 1 0 1 0 1 1 1 1 1 1 1 1 1 1 1 0 1 1 1 1 1 0 1 0 0 0 0 0 0 0
program/294 0 1 0 1 0 1 1 1 1 1 1 1 1 1 1 1 0 1 1 1 1 1 0 1 0 0 0 0 0 0 0
program/299 0 1 0 1 0 1 1 1 0 1 1 1 1 1 0 1 0 1 1 1 1 0 1 0 0 0 0 0 0 0 0
program/298 0 1 0 1 0 1 1 1 1 1 1 1 1 1 1 1 1 1 1 1 0 1 0 1 0 0 0 0 0 0 0
program/514 0 1 0 1 0 0 1 0 1 1 1 1 1 1 1 1 1 1 1 1 1 1 0 1 0 0 0 0 0 0 0
program/515 0 1 0 1 0 0 0 0 0 1 1 1 1 1 0 1 0 1 1 0 1 0 0 0 0 0 0 0 0 0 0
program/516 0 1 0 1 0 0 1 0 1 1 1 1 1 1 1 1 1 1 1 1 1 1 0 1 0 0 0 0 0 0 0
program/517 0 1 0 1 0 0 0 0 0 1 1 1 1 1 0 1 0 1 1 0 1 0 0 0 0 0 0 0 0 0 0
program/459 0 1 0 1 0 0 1 1 0 1 1 1 1 1 1 1 1 1 0 1 0 0 0 0 0 0 0 0 0 0 0
program/458 0 1 0 1 0 0 1 1 0 1 1 1 1 1 1 1 1 1 0 1 0 0 0 0 0 0 0 0 0 0 0
program/512 0 1 0 1 0 0 0 0 0 1 1 1 1 1 0 1 0 1 1 0 1 0 0 0 0 0 0 0 0 0 0
program/513 0 1 0 1 0 0 1 0 1 1 1 1 1 1 1 1 1 1 1 1 1 1 0 1 0 0 0 0 0 0 0
program/455 0 1 0 1 0 0 1 1 0 1 1 1 1 1 1 1 1 1 0 1 0 0 0 0 0 0 0 0 0 0 0
program/454 0 1 0 1 0 0 1 1 0 1 1 1 1 1 1 1 1 1 0 1 0 0 0 0 0 0 0 0 0 0 0
program/457 0 1 0 1 0 0 1 1 0 1 1 1 1 1 1 1 1 1 0 1 0 0 0 0 0 0 0 0 0 0 0
program/456 0 1 0 1 0 0 1 1 0 1 1 1 1 1 1 1 1 1 0 1 0 0 0 0 0 0 0 0 0 0 0
program/451 0 1 0 1 0 0 1 1 0 1 1 1 1 1 1 1 1 1 0 1 0 0 0 0 0 0 0 0 0 0 0
program/450 0 1 0 1 0 0 1 1 0 1 1 1 1 1 1 1 1 1 0 1 0 0 0 0 0 0 0 0 0 0 0
program/453 0 1 0 1 0 0 1 1 0 1 1 1 1 1 1 1 1 1 0 1 0 0 0 0 0 0 0 0 0 0 0
program/452 0 1 0 1 0 0 1 1 0 1 1 1 1 1 1 1 1 1 0 1 0 0 0 0 0 0 0 0 0 0 0
program/590 0 1 1 1 1 1 1 1 0 1 1 1 1 1 0 1 0 1 1 0 1 0 1 0 1 0 0 0 1 0 1
program/208 1 1 1 1 1 1 1 0 1 1 1 1 1 1 1 1 1 1 1 1 1 1 0 1 0 0 0 0 0 0 0
program/209 1 1 1 1 1 1 1 0 1 1 1 1 1 1 1 1 1 1 1 1 1 1 0 1 0 0 0 0 0 0 0
program/200 1 1 1 1 1 1 1 0 1 1 1 1 1 1 1 1 1 1 1 1 1 1 0 1 0 0 0 0 0 0 0
program/201 1 1 1 1 1 1 1 0 1 1 1 1 1 1 1 1 1 1 1 1 1 1 0 1 0 0 0 0 0 0 0
program/202 1 1 1 1 1 1 1 0 1 1 1 1 1 1 1 1 1 1 1 1 1 1 0 1 0 0 0 0 0 0 0
program/203 1 1 1 1 1 1 1 0 1 1 1 1 1 1 1 1 1 1 1 1 1 1 0 1 0 0 0 0 0 0 0
program/204 1 1 1 1 1 1 1 0 1 1 1 1 1 1 1 1 1 1 1 1 1 1 0 1 0 0 0 0 0 0 0
program/205 1 1 1 1 1 1 1 0 1 1 1 1 1 1 1 1 1 1 1 1 1 1 0 1 0 0 0 0 0 0 0
program/206 1 1 1 1 1 1 1 0 1 1 1 1 1 1 1 1 1 1 1 1 1 1 0 1 0 0 0 0 0 0 0
program/207 1 1 1 1 1 1 1 0 1 1 1 1 1 1 1 1 1 1 1 1 1 1 0 1 0 0 0 0 0 0 0
program/631 0 1 1 1 1 1 1 1 1 1 1 1 1 1 1 1 1 1 1 1 1 1 0 1 0 0 0 0 0 0 0
program/630 0 1 1 1 1 1 1 1 0 0 0 0 0 0 0 0 0 0 0 0 0 0 1 0 1 0 0 0 1 0 1
program/633 0 1 1 1 1 1 1 1 1 1 1 1 1 1 1 1 1 1 1 1 1 1 1 1 1 0 0 0 1 0 1
program/632 0 1 0 1 0 0 1 1 0 1 1 1 1 1 0 1 0 1 1 1 1 1 0 1 0 0 0 0 0 0 0
program/635 0 1 1 1 1 1 1 1 1 1 0 0 1 1 1 1 1 0 0 0 1 0 1 0 1 0 0 0 1 0 1
program/634 0 1 0 1 0 1 1 1 0 1 1 1 1 1 0 1 0 1 1 0 1 0 1 0 1 0 0 0 1 0 1
program/637 0 1 1 1 1 1 1 1 1 1 1 1 1 1 1 1 1 1 1 1 1 1 0 1 0 0 0 0 0 0 0
program/636 0 1 1 1 1 1 1 1 0 0 0 0 0 0 0 0 0 0 0 0 0 0 1 0 1 0 0 0 1 0 1
program/639 0 1 1 1 1 1 1 1 1 1 1 1 1 1 1 1 1 1 0 1 1 1 1 1 1 0 0 0 1 0 1
program/638 0 1 1 1 1 1 1 1 1 1 1 1 1 1 1 1 1 1 1 1 1 1 1 1 1 0 0 0 1 0 1
program/345 0 1 0 1 0 1 1 0 1 1 1 1 1 1 1 1 1 1 1 1 1 1 0 1 0 0 0 0 0 0 0
program/344 0 1 0 1 0 1 1 0 1 1 1 1 1 1 1 1 1 1 1 1 1 1 0 1 0 0 0 0 0 0 0
program/347 0 1 0 1 0 1 1 1 1 1 1 1 1 1 1 1 1 1 1 1 1 1 1 1 1 0 0 0 1 0 0
program/346 0 1 0 1 0 1 1 1 1 1 1 1 1 1 1 1 1 1 1 1 1 1 1 1 1 0 0 0 1 0 0
program/341 0 1 0 1 0 1 1 1 0 1 0 0 1 0 0 0 0 1 1 1 1 0 0 0 0 0 0 0 0 0 0
program/340 0 1 0 1 0 1 1 1 1 0 0 1 1 0 1 1 0 1 1 0 1 0 0 0 0 0 0 0 0 0 0
program/343 0 1 0 1 0 1 1 0 1 1 1 1 1 1 1 1 1 1 1 1 1 1 0 1 0 0 0 0 0 0 0
program/342 0 1 0 1 0 1 1 1 1 1 1 1 1 1 1 1 0 1 0 1 0 0 0 0 0 0 0 0 0 0 0
program/29 0 1 1 1 1 1 1 1 0 1 1 1 1 1 1 1 0 1 1 0 1 0 1 0 1 0 0 0 1 0 0
program/23 1 1 1 1 1 1 1 1 0 0 0 0 0 0 0 0 0 0 0 0 0 0 0 0 0 0 0 0 0 0 0
program/22 1 1 1 1 1 1 1 1 0 1 1 1 1 1 1 1 0 1 1 0 1 0 1 0 1 0 0 0 1 0 0
program/21 1 1 1 1 1 1 1 1 0 1 1 1 1 1 1 1 0 1 1 0 1 0 1 0 1 0 0 0 1 0 0
program/20 1 1 1 1 1 1 1 1 0 0 0 0 0 0 0 0 0 0 0 0 0 0 0 0 0 0 0 0 0 0 0
program/27 0 1 1 1 1 1 1 1 0 1 1 1 1 1 1 1 0 1 1 0 1 0 1 0 1 0 0 0 1 0 0
program/26 0 1 1 1 1 1 1 1 1 1 1 1 1 1 1 1 1 1 1 1 1 1 1 1 1 0 0 0 1 0 1
program/25 1 1 1 1 1 1 1 1 1 1 1 1 1 1 1 1 1 1 1 1 1 1 1 1 1 0 0 0 1 0 1
program/24 1 1 1 1 1 1 1 1 0 1 1 1 1 1 1 1 0 1 1 0 1 0 1 0 1 0 0 0 1 0 0
program/705 0 1 1 1 1 1 1 1 1 1 1 1 1 1 1 1 1 1 1 1 1 1 1 1 1 0 0 0 1 0 1
program/704 0 1 1 1 1 1 1 1 1 1 1 1 1 1 1 1 1 1 1 1 1 1 1 1 1 0 0 0 1 0 1
program/707 0 1 0 1 0 1 1 1 0 1 1 1 1 1 0 1 0 1 1 0 1 0 1 0 1 0 0 0 1 0 1
program/706 0 1 1 1 1 1 1 1 1 1 1 1 1 1 1 1 1 1 1 1 1 1 1 1 1 0 0 0 1 0 1
program/701 0 1 1 1 1 1 1 1 1 1 1 1 1 1 1 1 1 1 1 1 1 1 1 1 1 0 0 0 1 0 1
program/700 0 1 1 1 1 1 1 1 1 1 1 1 1 1 1 1 1 1 1 1 1 1 1 1 1 0 0 0 1 0 1
program/703 0 1 1 1 1 1 1 1 1 1 1 1 1 1 1 1 1 1 1 1 1 1 1 1 1 0 0 0 1 0 1
program/702 0 1 0 1 0 0 1 1 1 1 1 1 1 1 1 1 1 1 1 1 1 1 0 1 0 0 0 0 0 0 0
program/709 0 1 0 1 0 1 1 1 0 1 1 1 1 1 0 1 0 1 1 0 1 0 1 0 1 0 0 0 1 0 1
program/708 0 1 1 1 1 1 1 1 1 1 1 1 1 1 1 1 1 1 1 1 1 1 1 1 1 0 0 0 1 0 1
program/110 0 1 1 1 1 1 1 0 0 0 0 0 0 0 0 0 1 0 0 0 1 0 1 0 1 0 0 0 1 0 0
program/111 1 1 1 1 1 1 1 1 0 0 0 0 0 0 0 0 0 0 0 0 0 0 1 0 1 0 0 0 1 0 0
program/112 1 1 0 1 0 1 1 1 0 0 0 0 0 0 0 0 0 0 0 1 1 1 1 1 1 0 0 0 1 0 0
program/113 1 1 0 1 0 1 1 0 1 1 1 1 1 1 1 1 1 1 1 1 1 1 0 1 0 0 0 0 0 0 0
program/114 1 1 1 1 1 1 1 0 1 0 0 0 0 0 0 0 1 0 1 1 1 1 0 1 1 0 0 0 1 0 0
program/115 1 1 1 1 1 1 1 0 1 1 1 1 1 1 1 1 1 1 1 1 1 1 0 1 0 0 0 0 0 0 0
program/116 1 1 1 1 1 1 1 0 1 0 0 0 0 0 1 0 1 0 0 1 0 1 1 1 1 0 0 0 0 0 0
program/117 1 1 1 1 1 1 1 1 0 0 0 0 0 0 0 0 0 0 0 0 0 1 1 1 1 0 0 0 1 0 0
program/118 1 1 1 1 1 1 1 0 0 0 0 0 0 0 0 0 1 0 0 0 1 0 1 0 1 0 0 0 1 0 0
program/119 1 1 0 1 0 1 1 1 0 0 0 0 0 0 0 0 0 0 0 0 0 0 1 0 0 0 0 0 0 0 0
program/419 0 1 0 1 0 1 1 1 0 0 1 1 0 1 1 0 1 1 0 0 0 0 0 0 0 0 0 0 1 0 0
program/418 0 1 0 1 0 0 0 1 1 1 1 1 1 1 1 1 1 1 1 1 0 0 1 0 0 0 0 0 0 0 0
program/789 0 1 1 1 1 1 1 1 0 0 0 0 0 0 0 0 0 0 0 0 0 0 0 0 0 0 0 0 0 0 0
program/411 0 1 0 1 0 0 1 1 1 1 1 1 1 1 1 1 1 1 1 1 0 0 1 0 0 0 0 0 0 0 0
program/413 0 1 0 1 0 0 0 1 1 1 1 1 1 1 1 1 0 1 1 1 0 0 1 0 1 0 0 0 1 0 0
program/412 0 1 0 1 0 0 1 1 1 1 1 1 1 1 1 1 1 1 1 1 0 0 1 0 1 0 0 0 1 0 0
program/415 0 1 0 1 0 1 1 1 1 1 0 0 1 0 1 1 1 0 1 1 0 0 1 0 0 0 0 0 0 0 0
program/414 0 1 0 1 0 0 0 1 1 1 1 1 1 1 1 1 0 1 1 1 0 0 1 0 1 0 0 0 1 0 0
program/417 0 1 0 1 0 0 0 1 1 1 1 1 1 1 1 1 0 1 1 1 0 0 1 0 1 0 0 0 1 0 0
program/416 0 1 0 1 0 0 1 1 1 1 1 1 1 1 1 1 1 1 1 1 0 0 1 0 1 0 0 0 1 0 0
program/792 0 1 1 1 1 1 1 1 1 1 1 1 1 1 1 1 1 1 1 1 1 1 0 1 0 0 0 0 0 0 0
program/793 0 1 1 1 1 1 1 1 0 1 1 1 1 1 0 1 0 1 1 0 1 0 1 0 1 0 0 0 1 0 1
program/790 0 1 1 1 1 1 1 1 1 1 1 1 1 1 1 1 1 1 1 1 1 1 1 1 1 0 0 0 1 0 1
program/791 0 1 1 1 1 1 1 1 1 1 0 0 1 1 1 1 1 0 0 0 1 0 0 0 0 0 0 0 0 0 0
program/796 0 1 1 1 1 1 1 1 1 1 1 1 1 1 1 1 1 1 1 1 1 1 1 1 1 0 0 0 1 0 1
program/797 0 1 1 1 1 1 1 1 1 1 1 1 1 1 1 1 1 1 1 1 1 1 0 1 0 0 0 0 0 0 0
program/794 0 1 1 1 1 1 1 1 1 1 1 1 1 1 1 1 1 1 1 1 1 1 1 1 1 0 0 0 1 0 1
program/795 0 1 1 1 1 1 1 1 0 0 0 0 0 0 0 0 0 0 0 0 0 0 0 0 0 0 0 0 0 0 0
program/798 0 1 1 1 1 1 1 1 1 1 1 1 1 1 1 1 1 1 1 1 1 1 0 1 0 0 0 0 0 0 0
program/799 0 1 1 1 1 1 1 1 1 1 1 1 1 1 1 1 1 1 1 1 1 1 1 1 1 0 0 0 1 0 1
program/788 0 1 1 1 1 1 1 1 1 1 1 1 1 1 1 1 1 1 1 1 1 1 0 1 0 0 0 0 0 0 0
program/549 0 1 0 1 0 1 0 1 1 1 1 1 1 1 1 1 1 1 1 1 1 0 1 0 1 0 0 0 1 0 0
program/548 0 1 0 1 0 1 1 1 1 1 1 1 1 1 1 1 1 1 1 1 1 1 1 1 1 0 0 0 1 0 0
program/244 0 1 0 1 0 1 0 1 0 1 1 1 1 1 0 1 0 1 1 0 1 0 0 0 0 0 0 0 0 0 0
program/245 0 1 0 1 0 1 0 1 0 1 1 1 1 1 0 1 0 1 1 0 1 0 0 0 0 0 0 0 0 0 0
program/246 1 1 1 1 1 1 1 0 1 1 1 1 1 1 1 1 1 1 1 1 1 1 0 1 0 0 0 0 0 0 0
program/247 1 1 1 1 1 1 1 0 1 1 1 1 1 1 1 1 1 1 1 1 1 1 0 1 0 0 0 0 0 0 0
program/240 1 1 1 1 1 1 1 1 0 1 1 1 1 1 0 1 0 1 0 0 1 1 0 1 0 0 0 0 0 0 0
program/241 1 1 1 1 1 1 1 1 0 0 0 0 1 0 0 1 0 0 0 0 1 0 0 0 0 0 0 0 0 0 0
program/242 1 1 1 1 1 1 1 0 1 1 1 1 1 1 1 1 1 1 1 1 1 1 0 1 0 0 0 0 0 0 0
program/243 1 1 1 1 1 1 1 0 1 1 1 1 1 1 1 1 1 1 1 1 1 1 0 1 0 0 0 0 0 0 0
program/565 0 1 1 1 1 1 1 1 0 1 1 1 1 1 0 1 0 1 1 0 1 0 1 0 1 0 0 0 1 0 1
program/564 0 1 1 1 1 1 1 1 1 1 1 1 1 1 1 1 1 1 0 1 1 1 1 1 1 0 0 0 1 0 0
program/567 0 1 0 1 0 1 1 1 1 1 1 1 1 1 1 1 1 1 0 1 1 1 1 1 1 0 0 0 1 0 0
program/566 0 1 0 1 0 1 1 1 0 1 1 1 1 1 0 1 0 1 1 0 1 0 1 0 1 0 0 0 1 0 1
program/248 0 1 0 1 0 1 0 1 0 1 1 1 1 1 0 1 0 1 1 0 1 0 0 0 0 0 0 0 0 0 0
program/249 0 1 0 1 0 1 0 1 0 1 1 1 1 1 0 1 0 1 1 0 1 0 0 0 0 0 0 0 0 0 0
program/563 0 1 1 1 1 1 1 1 1 1 1 1 1 1 1 1 1 1 0 1 1 1 1 1 1 0 0 0 1 0 0
program/562 0 1 1 1 1 1 1 1 0 1 1 1 1 1 0 1 0 1 1 0 1 0 1 0 1 0 0 0 1 0 1
program/676 0 1 1 1 1 1 1 1 1 1 1 1 1 1 1 1 1 1 1 1 1 1 1 1 1 0 0 0 1 0 1
program/541 0 1 0 1 0 0 0 1 0 1 1 1 1 1 0 1 0 1 0 0 0 0 0 0 0 0 0 0 0 0 0
program/670 0 1 0 1 0 1 0 0 0 1 1 1 1 1 0 1 0 1 1 0 1 0 1 0 1 0 0 0 1 0 1
program/13 1 1 1 1 1 1 1 1 0 1 1 1 1 1 1 1 0 1 1 0 1 0 1 0 1 0 0 0 1 0 0
program/10 1 1 1 1 1 1 1 1 1 1 1 1 1 1 1 1 1 1 1 1 1 1 1 1 1 0 0 0 1 0 1
program/540 0 1 0 1 0 1 1 1 1 1 1 1 1 1 1 1 1 1 1 1 1 1 1 1 1 0 0 0 1 0 0
program/16 0 1 1 1 1 1 1 1 0 1 1 1 1 1 1 1 0 1 1 0 1 0 1 0 1 0 0 0 1 0 0
program/17 1 1 1 1 1 1 1 1 0 1 1 1 1 1 1 1 0 1 1 0 1 0 1 0 1 0 0 0 1 0 0
program/14 1 1 1 1 1 1 1 1 1 1 1 1 1 1 1 1 1 1 1 1 1 1 1 1 1 0 0 0 1 0 1
program/18 1 1 1 1 1 1 1 1 1 1 1 1 1 1 1 1 1 1 1 1 1 1 1 1 1 0 0 0 1 0 1
program/672 0 1 1 1 1 1 1 1 1 1 1 1 1 1 1 1 1 1 1 1 1 1 1 1 1 0 0 0 1 0 1
program/301 0 1 0 1 0 1 1 1 0 1 0 0 1 0 0 1 0 0 1 0 1 0 1 0 0 0 0 0 0 0 0
program/300 0 1 0 1 0 1 1 1 1 1 1 1 1 1 1 1 1 1 1 0 1 0 1 0 0 0 0 0 0 0 0
program/303 0 1 0 1 0 0 1 1 0 1 1 1 1 1 0 1 0 1 1 1 1 0 1 0 0 0 0 0 0 0 0
program/302 0 1 0 1 0 0 1 1 1 1 1 1 1 1 1 1 0 1 1 0 1 0 1 0 0 0 0 0 0 0 0
program/305 0 1 0 1 0 0 1 1 1 1 1 1 1 1 1 1 0 1 1 0 1 0 1 0 0 0 0 0 0 0 0
program/304 0 1 0 1 0 1 1 1 0 1 1 1 1 1 0 1 0 1 1 1 1 0 1 0 0 0 0 0 0 0 0
program/307 0 1 0 1 0 1 1 1 0 1 1 1 1 1 0 1 0 1 1 1 1 0 1 0 0 0 0 0 0 0 0
program/306 0 1 0 1 0 1 1 1 1 1 1 1 1 1 1 1 0 1 1 0 1 0 1 0 0 0 0 0 0 0 0
program/309 0 1 0 1 0 1 1 1 1 1 1 1 1 1 1 1 0 1 0 1 0 0 0 0 0 0 0 0 0 0 0
program/308 0 1 0 1 0 1 1 1 1 1 1 1 1 1 1 1 0 1 1 1 1 1 0 1 0 0 0 0 0 0 0
program/90 1 1 1 1 1 1 1 1 0 0 0 0 0 0 0 0 0 0 0 0 0 0 1 0 1 0 0 0 1 0 0
program/144 1 1 0 1 0 1 1 1 1 1 0 1 1 1 0 0 1 1 1 1 1 1 0 1 0 0 0 0 1 0 0
program/143 1 1 1 1 1 1 1 1 0 0 0 0 0 0 0 0 0 0 0 0 1 0 1 0 1 0 0 0 1 0 0
program/142 1 1 1 1 1 1 1 1 0 0 0 0 0 0 0 0 0 0 0 0 0 1 1 1 1 0 0 0 1 0 0
program/67 0 1 1 1 1 1 1 1 1 1 1 1 1 1 1 1 1 1 1 1 1 1 1 1 1 0 0 0 1 0 1
program/66 0 1 0 1 0 1 1 1 1 1 1 1 1 1 1 1 1 1 1 1 1 1 1 1 1 0 0 0 1 0 1
program/65 0 1 0 1 0 1 1 1 1 1 1 1 1 1 1 1 1 1 1 1 1 1 1 1 1 0 0 0 1 0 1
program/64 0 1 0 1 0 1 1 1 1 1 1 1 1 1 1 1 1 1 1 1 1 1 1 1 1 0 0 0 1 0 1
program/63 0 1 1 1 1 1 1 1 1 1 1 1 1 1 1 1 1 1 1 1 1 1 1 1 1 0 0 0 1 0 1
program/94 1 1 1 1 1 1 1 0 1 0 0 0 0 0 1 0 1 0 0 1 0 1 1 1 1 0 0 0 0 0 0
program/61 0 1 1 1 1 1 1 1 1 1 1 1 1 1 1 1 1 1 1 1 1 1 1 1 1 0 0 0 1 0 1
program/60 0 1 0 1 0 1 1 1 1 1 1 1 1 1 1 1 1 1 1 1 1 1 1 1 1 0 0 0 1 0 1
program/140 1 1 1 1 1 1 1 0 0 0 0 0 0 0 0 0 0 0 0 0 0 0 1 0 1 0 0 0 1 0 0
program/69 0 1 1 1 1 1 1 1 1 1 1 1 1 1 1 1 1 1 1 1 1 1 1 1 1 0 0 0 1 0 1
program/68 0 1 1 1 1 1 1 1 1 1 1 1 1 1 1 1 1 1 1 1 1 1 1 1 1 0 0 0 1 0 1
program/741 0 1 0 1 0 0 1 1 1 1 1 1 1 1 1 1 1 1 1 1 1 1 0 1 0 0 0 0 0 0 0
program/740 0 1 1 1 1 1 1 1 1 1 1 1 1 1 1 1 1 1 1 1 1 1 1 1 1 0 0 0 1 0 1
program/668 0 1 0 1 0 1 0 0 0 1 1 1 1 1 0 1 0 1 0 0 1 0 1 0 1 0 0 0 1 0 0
program/669 0 1 1 1 1 1 1 1 1 1 1 1 1 1 1 1 1 1 1 1 1 1 1 1 1 0 0 0 1 0 1
program/745 0 1 1 1 1 1 1 1 0 0 0 0 0 0 0 0 0 0 0 0 0 0 1 0 1 0 0 0 1 0 1
program/744 0 1 1 1 1 1 1 1 1 1 1 1 1 1 1 1 1 1 1 1 1 1 1 1 1 0 0 0 1 0 1
program/747 0 1 1 1 1 1 1 1 1 1 1 1 1 1 1 1 1 1 1 1 1 1 1 1 1 0 0 0 1 0 1
program/746 0 1 1 1 1 1 1 1 0 1 1 1 1 1 0 1 0 1 1 0 1 0 1 0 1 0 0 0 1 0 0
program/662 0 1 1 1 1 1 1 1 1 1 1 1 1 1 1 1 1 1 1 1 1 1 1 1 1 0 0 0 1 0 1
program/663 0 1 0 1 0 1 0 0 0 1 1 1 1 1 0 1 0 1 1 0 1 0 1 0 1 0 0 0 1 0 1
program/660 0 1 1 1 1 1 1 1 0 1 1 1 1 1 0 1 0 1 1 0 1 0 1 0 1 0 0 0 1 0 1
program/661 0 0 0 0 0 1 0 0 0 0 1 1 1 0 0 0 0 1 1 0 0 0 1 0 0 0 0 0 0 0 1
program/666 0 1 1 1 1 1 1 1 1 1 1 1 1 1 1 1 1 1 1 1 1 1 1 1 1 0 0 0 1 0 1
program/570 0 1 0 1 0 1 1 1 1 1 1 1 1 1 1 1 1 1 0 1 1 1 1 1 1 0 0 0 1 0 0
program/664 0 1 1 1 1 1 1 1 1 1 1 1 1 1 1 1 1 1 1 1 1 1 1 1 1 0 0 0 1 0 1
program/665 0 1 1 1 1 1 1 1 1 1 1 1 1 1 1 1 1 1 1 1 1 1 1 1 1 0 0 0 1 0 1
program/89 1 0 0 0 0 1 0 0 0 0 0 0 0 0 0 0 0 0 0 0 0 0 1 0 0 0 0 0 0 0 0
program/88 1 1 1 1 1 1 1 0 0 0 0 0 0 0 0 0 1 0 0 0 1 0 1 0 1 0 0 0 1 0 0
program/571 0 1 0 1 0 1 1 1 0 1 1 1 1 1 0 1 0 1 1 0 1 0 1 0 1 0 0 0 1 0 1
program/158 1 1 0 1 0 1 1 0 1 1 1 1 1 1 1 1 1 1 1 1 1 1 0 1 0 0 0 0 0 0 0
program/159 1 1 1 1 1 1 1 0 1 0 0 0 0 0 1 0 1 0 0 1 0 1 1 1 1 0 0 0 0 0 0
program/154 1 1 0 1 0 1 1 0 1 0 0 0 0 0 1 0 1 0 0 1 0 1 1 1 1 0 0 0 0 0 0
program/155 1 1 0 1 0 1 1 1 1 0 0 0 0 0 1 0 1 0 0 1 0 1 1 1 1 0 0 0 0 0 0
program/156 1 1 0 1 0 1 1 0 1 1 1 1 1 1 1 1 1 1 1 1 1 1 0 1 0 0 0 0 0 0 0
program/157 1 1 0 1 0 1 1 1 0 0 0 0 0 0 0 0 0 0 0 1 1 1 1 1 1 0 0 0 1 0 0
program/150 1 1 1 1 1 1 1 0 1 0 0 0 0 0 1 0 1 0 0 1 0 1 1 1 1 0 0 0 0 0 0
program/151 1 1 1 1 1 1 1 0 1 0 0 0 0 0 1 0 1 0 0 1 0 1 1 1 1 0 0 0 0 0 0
program/152 1 1 1 1 1 1 1 0 1 1 1 1 1 1 1 1 1 1 1 1 1 1 0 1 0 0 0 0 0 0 0
program/153 1 1 0 1 0 1 1 0 1 1 1 1 1 1 1 1 1 1 1 1 1 1 0 1 0 0 0 0 0 0 0
program/398 0 1 0 1 0 1 1 1 0 1 1 1 1 1 0 1 0 1 1 0 1 0 1 0 0 0 0 0 0 0 0
program/399 0 1 0 1 0 1 1 1 0 1 1 1 1 1 0 1 0 1 1 0 1 0 1 0 0 0 0 0 0 0 0
program/396 0 1 0 1 0 1 1 1 0 1 1 1 1 1 0 1 0 1 1 0 1 0 1 0 0 0 0 0 0 0 0
program/397 0 1 0 1 0 1 0 1 1 1 1 1 1 1 1 1 0 1 1 1 0 0 0 0 0 0 0 0 0 0 0
program/394 0 1 0 1 0 1 1 1 1 1 1 1 1 1 1 1 1 1 1 1 1 1 1 1 1 0 0 0 1 0 0
program/395 0 1 0 1 0 1 0 1 1 1 1 1 1 1 1 1 1 1 0 1 1 0 1 0 0 0 0 0 0 0 0
program/392 0 1 0 1 0 1 1 1 0 1 1 1 1 1 0 1 0 1 1 0 1 0 1 0 0 0 0 0 0 0 0
program/393 0 1 0 1 0 1 1 1 1 1 1 1 1 1 1 1 1 1 1 1 1 1 1 1 1 0 0 0 1 0 0
program/390 0 1 0 1 0 1 1 1 0 1 1 1 1 1 0 1 0 1 1 0 1 0 1 0 0 0 0 0 0 0 0
program/391 0 1 0 1 0 1 0 1 1 1 1 1 1 1 1 1 0 1 1 1 0 0 0 0 0 0 0 0 0 0 0
program/578 0 1 1 1 1 1 1 1 1 1 1 1 1 1 1 1 1 1 1 0 1 0 1 0 1 0 0 0 1 0 1
program/579 0 1 1 1 1 1 1 1 1 1 1 1 1 1 1 1 1 1 1 1 1 1 1 1 1 0 0 0 1 0 1
program/594 0 1 0 1 0 1 1 1 0 1 1 1 1 1 0 1 0 1 1 0 1 0 1 0 1 0 0 0 1 0 1
program/595 0 1 0 1 0 1 1 1 1 1 1 1 1 1 1 1 1 1 1 1 1 1 1 1 1 0 0 0 1 0 0
program/596 0 1 0 1 0 1 1 1 0 1 1 1 1 1 0 1 0 1 1 0 1 0 1 0 1 0 0 0 1 0 1
program/597 0 1 1 1 1 1 1 1 1 1 1 1 1 1 1 1 1 1 0 1 1 1 1 1 1 0 0 0 1 0 0
program/84 0 1 1 1 1 1 1 1 1 1 1 1 1 1 1 1 1 1 1 1 1 1 1 1 1 0 0 0 1 0 1
program/591 0 1 0 1 0 1 1 1 0 1 1 1 1 1 0 1 0 1 1 0 1 0 1 0 1 0 0 0 1 0 1
program/592 0 1 0 1 0 1 1 1 1 1 1 1 1 1 1 1 1 1 0 1 1 1 1 1 1 0 0 0 1 0 0
program/593 0 1 0 1 0 1 1 1 1 1 1 1 1 1 1 1 1 1 0 1 1 1 1 1 1 0 0 0 1 0 0
program/521 0 1 0 1 0 1 1 1 1 1 1 1 1 1 1 1 1 1 1 1 1 1 1 1 1 0 0 0 1 0 0
program/520 0 1 0 1 0 0 1 1 1 1 1 1 1 1 1 1 1 1 1 1 1 1 0 1 0 0 0 0 0 0 0
program/697 0 1 1 1 1 1 1 1 1 1 1 1 1 1 1 1 1 1 1 1 1 1 1 1 1 0 0 0 1 0 1
program/696 0 1 0 1 0 0 0 0 0 1 1 1 1 1 0 1 0 1 1 0 1 0 0 0 0 0 0 0 0 0 0
program/695 0 1 1 1 1 1 0 0 0 1 1 1 1 1 0 1 0 1 1 0 1 0 1 0 1 0 0 0 1 0 1
program/694 0 1 1 1 1 1 1 1 1 1 1 1 1 1 1 1 1 1 1 1 1 1 1 1 1 0 0 0 1 0 1
program/693 0 1 1 1 1 1 1 1 1 1 1 1 1 1 1 1 1 1 1 1 1 1 1 1 1 0 0 0 1 0 1
program/692 0 1 1 1 1 1 1 1 1 1 1 1 1 1 1 1 1 1 1 1 1 1 1 1 1 0 0 0 1 0 1
program/691 0 1 0 1 0 0 1 1 1 1 1 1 1 1 1 1 1 1 1 1 1 1 0 1 0 0 0 0 0 0 0
program/690 0 1 1 1 1 1 1 1 1 1 1 1 1 1 1 1 1 1 1 1 1 1 1 1 1 0 0 0 1 0 1
program/699 0 1 1 1 1 1 1 1 1 1 1 1 1 1 1 1 1 1 1 1 1 1 1 1 1 0 0 0 1 0 1
program/698 0 1 0 1 0 0 1 1 1 1 1 1 1 1 1 1 1 1 1 1 1 1 0 1 0 0 0 0 0 0 0
program/529 0 1 0 1 0 1 1 1 1 1 1 1 1 1 1 1 1 1 1 1 1 1 1 1 1 0 0 0 1 0 0
program/281 0 1 0 1 0 1 1 0 1 1 1 1 1 1 1 1 1 1 1 1 1 1 0 1 0 0 0 0 0 0 0
program/282 1 1 1 1 1 1 1 0 1 1 1 1 1 1 1 1 1 1 1 1 1 1 0 1 0 0 0 0 0 0 0
program/283 1 1 1 1 1 1 1 1 1 1 1 1 1 1 1 1 1 1 1 1 1 1 1 1 1 0 0 0 1 0 0
program/284 0 1 0 1 0 1 1 0 1 1 1 1 1 1 1 1 1 1 1 1 1 1 0 1 0 0 0 0 0 0 0
program/285 0 1 0 1 0 1 1 0 1 1 1 1 1 1 1 1 1 1 1 1 1 1 0 1 0 0 0 0 0 0 0
program/286 1 1 1 1 1 1 1 1 1 0 0 0 1 0 0 1 1 1 1 1 1 1 0 1 1 0 0 0 1 0 0
program/287 1 1 1 1 1 1 1 1 1 1 1 1 1 1 1 1 1 1 1 1 1 1 1 1 1 0 0 0 1 0 0
program/288 1 1 1 1 1 1 1 1 1 1 1 1 1 1 1 1 1 1 1 1 1 1 1 1 1 0 0 0 1 0 1
program/289 1 1 1 1 1 1 1 1 1 1 1 1 1 1 1 1 1 1 1 1 1 1 1 1 1 0 0 0 1 0 1
program/523 0 1 0 1 0 1 1 1 1 1 1 1 1 1 1 1 1 1 1 1 1 1 1 1 1 0 0 0 1 0 0
program/522 0 1 0 1 0 1 1 1 1 1 1 1 1 1 1 1 1 1 1 1 1 1 1 1 1 0 0 0 1 0 0
program/527 0 1 0 1 0 1 1 1 1 1 1 1 1 1 1 1 1 1 1 1 1 1 1 1 1 0 0 0 1 0 0
program/526 0 1 0 1 0 1 1 1 0 0 1 1 1 0 0 0 0 1 1 0 0 0 0 0 0 0 0 0 0 0 0
program/442 0 1 0 1 0 1 1 1 1 1 1 1 1 1 1 1 1 1 1 1 0 0 1 0 0 0 0 0 1 0 0
program/443 0 1 0 1 0 0 1 1 1 1 1 1 1 1 1 1 0 1 1 1 0 0 1 0 1 0 0 0 1 0 0
program/440 0 1 0 1 0 0 0 0 1 1 0 0 0 0 1 1 1 0 1 1 1 0 0 0 0 0 0 0 0 0 0
program/441 0 1 0 1 0 0 1 1 1 1 1 1 1 1 1 1 1 1 1 0 1 0 1 0 1 0 0 0 1 0 0
program/446 0 1 0 1 0 0 1 1 0 1 1 1 1 1 1 1 1 1 0 1 0 0 0 0 0 0 0 0 0 0 0
program/447 0 1 0 1 0 0 1 1 0 1 1 1 1 1 1 1 1 1 0 1 0 0 0 0 0 0 0 0 0 0 0
program/444 0 1 0 1 0 0 1 1 0 1 1 1 1 1 1 1 1 1 0 1 0 0 0 0 0 0 0 0 0 0 0
program/445 0 1 0 1 0 0 1 1 1 1 1 1 1 1 1 1 1 1 1 1 1 1 0 1 0 0 0 0 0 0 0
program/448 0 1 0 1 0 0 1 1 0 1 1 1 1 1 1 1 1 1 0 1 0 0 0 0 0 0 0 0 0 0 0
program/449 0 1 0 1 0 0 1 1 0 1 1 1 1 1 1 1 1 1 0 1 0 0 0 0 0 0 0 0 0 0 0
program/239 1 1 1 1 1 1 1 1 1 1 1 1 1 1 1 1 1 1 1 0 1 0 0 0 0 0 0 0 0 0 0
program/238 1 1 1 1 1 1 1 1 1 1 1 1 1 1 1 1 1 1 1 1 1 1 0 1 0 0 0 0 0 0 0
program/235 0 1 0 1 0 1 1 0 1 1 1 1 1 1 1 1 1 1 1 1 1 1 0 1 0 0 0 0 0 0 0
program/234 0 1 0 1 0 1 1 0 0 1 1 1 1 1 1 1 1 1 0 1 1 1 0 1 0 0 0 0 0 0 0
program/237 0 1 0 1 0 1 1 1 0 1 1 1 1 0 0 1 0 1 1 0 1 1 0 1 0 0 0 0 0 0 0
program/236 1 1 1 1 1 1 1 0 1 1 1 1 1 1 1 1 1 1 1 1 1 1 0 1 0 0 0 0 0 0 0
program/231 0 1 0 1 0 1 1 0 1 1 1 1 1 1 1 1 1 1 1 1 1 1 0 1 0 0 0 0 0 0 0
program/230 0 1 1 1 1 1 1 1 0 0 0 0 0 0 0 0 0 0 0 0 0 1 0 1 0 0 0 0 0 0 0
program/233 1 1 1 1 1 1 1 1 1 1 1 1 1 0 0 1 1 1 1 1 1 1 0 1 0 0 0 0 0 0 0
program/232 0 1 1 1 1 1 1 1 1 1 0 0 1 0 1 1 1 0 1 1 1 1 0 1 0 0 0 0 0 0 0
program/528 0 1 0 1 0 1 0 1 1 1 1 1 1 1 1 1 1 1 1 1 1 0 1 0 1 0 0 0 1 0 0
program/626 0 1 0 1 0 1 1 1 0 1 1 1 1 1 0 1 0 1 1 0 1 0 1 0 1 0 0 0 1 0 1
program/627 0 1 1 1 1 1 1 1 1 1 1 1 1 1 1 1 1 1 1 1 1 1 1 1 1 0 0 0 1 0 1
program/624 0 1 1 1 1 1 1 1 1 1 1 1 1 1 1 1 1 1 1 1 1 1 1 1 1 0 0 0 1 0 1
program/625 0 1 0 1 0 1 1 1 0 1 1 1 1 1 0 1 0 1 1 0 1 0 1 0 1 0 0 0 1 0 1
program/622 0 1 1 1 1 1 1 1 1 1 1 1 1 1 1 1 1 1 1 1 1 1 1 1 1 0 0 0 1 0 1
program/623 0 1 1 1 1 1 1 1 1 1 1 1 1 1 1 1 1 1 1 1 1 1 1 1 1 0 0 0 1 0 1
program/620 0 1 1 1 1 1 1 1 1 1 1 1 1 1 1 1 1 1 1 1 1 1 1 1 1 0 0 0 1 0 1
program/621 0 1 0 1 0 0 1 1 0 1 1 1 1 1 0 1 0 1 1 1 1 1 0 1 0 0 0 0 0 0 0
program/628 0 1 0 1 0 1 1 1 0 1 1 1 1 1 0 1 0 1 1 0 1 0 1 0 1 0 0 0 1 0 1
program/629 0 1 1 1 1 1 1 1 1 1 1 1 1 1 1 1 1 1 1 1 1 1 1 1 1 0 0 0 1 0 1
program/358 0 1 0 1 0 1 1 1 0 1 1 1 1 1 0 1 0 1 1 0 1 0 1 0 0 0 0 0 0 0 0
program/359 0 1 0 1 0 1 0 1 0 1 1 1 1 1 0 1 0 1 0 0 1 0 0 0 0 0 0 0 0 0 0
program/350 0 1 0 1 0 0 0 0 0 0 0 0 0 0 0 0 0 0 0 0 0 0 0 0 0 0 0 0 0 0 0
program/357 0 1 0 1 0 1 1 1 1 1 1 1 1 1 1 1 0 1 1 0 1 1 0 1 0 0 0 0 0 0 0
program/354 0 1 0 1 0 0 0 0 0 0 0 0 0 0 0 0 0 0 0 0 0 0 0 0 0 0 0 0 0 0 0
program/355 0 1 0 1 0 1 0 1 0 0 0 0 0 0 0 0 0 0 0 0 0 0 0 0 0 0 0 0 0 0 0
program/58 0 1 0 1 0 1 1 1 1 1 1 1 1 1 1 1 1 1 1 1 1 1 1 1 1 0 0 0 1 0 1
program/59 0 1 1 1 1 1 1 1 1 1 1 1 1 1 1 1 1 1 1 1 1 1 1 1 1 0 0 0 1 0 1
program/56 0 1 1 1 1 1 1 1 1 1 1 1 1 1 1 1 1 1 1 1 1 1 1 1 1 0 0 0 1 0 1
program/57 0 1 1 1 1 1 1 1 0 1 0 0 1 1 1 1 1 1 1 1 1 1 1 1 1 0 0 0 1 0 1
program/55 0 1 1 1 1 1 1 1 0 1 1 1 1 1 1 1 0 1 0 1 1 1 1 1 0 0 0 0 0 0 0
program/52 0 1 1 1 1 1 1 1 1 1 1 1 1 1 1 1 1 1 1 1 1 1 1 1 1 0 0 0 1 0 1
program/50 0 1 1 1 1 1 1 1 1 1 1 1 1 1 1 1 1 1 1 1 1 1 1 1 1 0 0 0 1 0 1
program/51 0 1 1 1 1 1 1 1 1 1 1 1 1 1 1 1 1 1 1 1 1 1 1 1 1 0 0 0 1 0 1
program/491 0 1 0 1 0 0 0 0 0 1 1 1 1 1 0 1 0 1 1 0 1 0 0 0 0 0 0 0 0 0 0
program/490 0 1 0 1 0 0 0 0 0 1 1 1 1 1 0 1 0 1 1 0 1 0 0 0 0 0 0 0 0 0 0
program/493 0 1 0 1 0 0 0 0 0 1 1 1 1 1 0 1 0 1 1 0 1 0 0 0 0 0 0 0 0 0 0
program/492 0 1 0 1 0 0 1 0 1 1 1 1 1 1 1 1 1 1 1 1 1 1 0 1 0 0 0 0 0 0 0
program/495 0 0 0 0 0 0 0 0 0 0 1 1 1 0 0 0 0 1 1 0 0 0 0 0 0 0 0 0 0 0 0
program/494 0 1 0 1 0 0 1 0 1 1 1 1 1 1 1 1 1 1 1 1 1 1 0 1 0 0 0 0 0 0 0
program/497 0 1 0 1 0 0 0 0 0 1 1 1 1 1 0 1 0 1 1 0 1 0 0 0 0 0 0 0 0 0 0
program/496 0 1 0 1 0 0 1 0 1 1 1 1 1 1 1 1 1 1 1 1 1 1 0 1 0 0 0 0 0 0 0
program/499 0 1 0 1 0 0 1 0 1 1 1 1 1 1 1 1 1 1 1 1 1 1 0 1 0 0 0 0 0 0 0
program/498 0 1 0 1 0 0 1 0 1 1 1 1 1 1 1 1 1 1 1 1 1 1 0 1 0 0 0 0 0 0 0
program/710 0 1 1 1 1 1 1 1 1 1 1 1 1 1 1 1 1 1 1 1 1 1 1 1 1 0 0 0 1 0 1
program/711 0 1 1 1 1 1 1 1 1 1 1 1 1 1 1 1 1 1 1 1 1 1 1 1 1 0 0 0 1 0 1
program/716 0 1 0 1 0 0 1 1 1 1 1 1 1 1 1 1 1 1 1 1 1 0 0 0 0 0 0 0 0 0 0
program/717 0 1 1 1 1 1 1 1 0 0 0 0 0 0 0 0 0 0 0 0 0 0 1 0 1 0 0 0 1 0 1
program/714 0 1 0 1 0 1 1 1 0 1 1 1 1 1 0 1 0 1 1 0 1 0 1 0 1 0 0 0 1 0 1
program/715 0 1 1 1 1 1 1 1 1 1 1 1 1 1 1 1 1 1 1 1 1 1 1 1 1 0 0 0 1 0 1
program/653 0 0 0 0 0 1 0 0 0 0 1 1 1 0 0 0 0 1 1 0 0 0 1 0 0 0 0 0 0 0 1
program/652 0 1 1 1 1 1 1 1 1 1 1 1 1 1 1 1 1 1 1 1 1 1 1 1 1 0 0 0 1 0 1
program/651 0 1 1 1 1 1 1 1 1 1 1 1 1 1 1 1 1 1 1 1 1 1 1 1 1 0 0 0 1 0 1
program/650 0 1 0 1 0 1 0 0 0 1 1 1 1 1 0 1 0 1 1 0 1 0 1 0 1 0 0 0 1 0 1
program/657 0 1 1 1 1 1 1 1 1 1 1 1 1 1 1 1 1 1 1 1 1 1 1 1 1 0 0 0 1 0 1
program/656 0 1 0 1 0 1 0 0 0 1 1 1 1 1 0 1 0 1 1 0 1 0 1 0 1 0 0 0 1 0 1
program/655 0 1 0 1 0 1 0 0 0 1 1 1 1 1 0 1 0 1 1 0 1 0 1 0 1 0 0 0 1 0 1
program/508 0 1 0 1 0 0 1 1 1 1 1 1 1 1 1 1 1 1 1 1 1 1 0 1 0 0 0 0 0 0 0
program/659 0 1 1 1 1 1 1 1 1 1 1 1 1 1 1 1 1 1 1 1 1 1 1 1 1 0 0 0 1 0 1
program/658 0 1 0 1 0 1 0 0 0 1 1 1 1 1 0 1 0 1 1 0 1 0 1 0 1 0 0 0 1 0 1
program/125 1 1 1 1 1 1 1 0 1 1 0 1 1 1 1 1 1 1 1 1 1 1 0 1 0 0 0 0 1 0 0
program/124 1 1 1 1 1 1 1 0 1 1 1 0 1 0 1 1 1 0 1 1 1 1 0 1 0 0 0 0 1 0 0
program/127 1 1 1 1 1 1 1 0 1 1 1 0 1 0 1 1 1 0 1 1 1 1 0 1 0 0 0 0 1 0 0
program/126 1 1 1 1 1 1 1 0 1 1 0 1 1 1 1 1 1 1 1 1 1 1 0 1 0 0 0 0 1 0 0
program/121 1 1 1 1 1 1 1 1 1 1 0 1 1 1 1 1 1 1 1 1 1 1 0 1 0 0 0 0 1 0 0
program/120 1 1 1 1 1 1 1 1 0 0 0 0 0 0 0 0 0 0 0 0 0 0 1 0 1 0 0 0 1 0 0
program/123 1 1 0 1 0 1 1 0 1 1 0 0 1 0 1 1 1 0 1 1 1 1 0 1 0 0 0 0 0 0 0
program/122 1 1 1 1 1 1 1 0 1 1 1 0 1 0 1 1 1 0 1 1 1 1 0 1 0 0 0 0 1 0 0
program/129 1 1 0 1 0 1 1 0 1 1 0 1 1 1 1 1 1 1 1 1 1 1 0 1 0 0 0 0 0 0 0
program/128 1 1 0 1 0 1 1 0 1 1 1 0 1 0 1 1 1 0 1 1 1 1 0 1 0 0 0 0 0 0 0
program/408 0 1 0 1 0 1 1 1 1 1 1 1 1 1 1 1 1 1 1 1 1 1 1 1 1 0 0 0 1 0 0
program/406 0 1 0 1 0 1 1 1 0 1 1 1 1 1 0 1 1 1 1 0 1 0 1 0 0 0 0 0 0 0 0
program/407 0 1 0 1 0 1 1 1 0 1 1 1 1 1 0 1 1 1 1 0 1 1 1 1 0 0 0 0 0 0 0
program/404 0 1 0 1 0 1 0 1 1 1 1 1 1 1 1 1 0 1 1 1 0 0 0 0 0 0 0 0 0 0 0
program/405 0 1 0 1 0 1 1 1 1 1 1 1 1 1 1 1 1 1 1 1 1 1 1 1 1 0 0 0 1 0 0
program/402 0 1 0 1 0 1 0 1 1 1 1 1 1 1 1 1 1 1 0 1 1 0 1 0 0 0 0 0 0 0 0
program/403 0 1 0 1 0 1 1 1 0 1 1 1 1 1 0 1 0 1 1 0 1 0 1 0 0 0 0 0 0 0 0
program/400 0 1 0 1 0 1 0 1 1 1 1 1 1 1 1 1 0 1 1 1 0 0 0 0 0 0 0 0 0 0 0
program/401 0 1 0 1 0 1 1 1 0 1 1 1 1 1 0 1 0 1 1 0 1 0 1 0 0 0 0 0 0 0 0
program/279 1 1 1 1 1 1 1 0 1 1 1 1 1 1 1 1 1 1 1 1 1 1 0 1 0 0 0 0 0 0 0
program/278 1 1 1 1 1 1 1 1 1 1 1 1 1 1 1 1 1 1 1 1 1 1 1 1 1 0 0 0 1 0 0
program/271 1 0 1 0 1 0 0 0 0 0 0 0 0 0 0 0 0 0 0 0 0 0 0 0 0 0 0 0 0 0 0
program/270 1 1 1 1 1 1 1 1 1 1 1 1 1 1 1 1 1 1 1 1 1 1 1 1 1 0 0 0 1 0 1
program/273 1 1 1 1 1 1 1 0 1 1 1 1 1 1 1 1 1 1 1 1 1 1 0 1 0 0 0 0 0 0 1
program/272 0 1 0 1 0 1 1 1 0 0 0 0 0 0 0 0 0 0 0 0 0 1 0 1 0 0 0 0 0 0 0
program/275 0 1 0 1 0 1 1 1 0 0 0 0 0 0 0 0 0 0 0 0 0 1 0 1 0 0 0 0 0 0 0
program/274 1 1 1 1 1 1 1 0 1 1 1 1 1 1 1 1 1 1 1 1 1 1 0 1 0 0 0 0 0 0 1
program/277 1 1 1 1 1 1 1 1 1 1 1 1 1 1 1 1 1 1 1 1 1 1 1 1 1 0 0 0 1 0 0
program/276 1 1 1 1 1 1 1 0 1 1 1 1 1 1 1 1 1 1 1 1 1 1 0 1 0 0 0 0 0 0 0
program/572 0 1 1 1 1 1 1 1 1 1 1 1 1 1 1 1 1 1 1 1 1 1 1 1 1 0 0 0 1 0 0
program/573 0 1 1 1 1 1 1 1 1 1 1 1 1 1 1 1 1 1 1 1 1 1 1 1 1 0 0 0 1 0 1
program/479 0 1 0 1 0 0 1 0 1 1 1 1 1 1 1 1 1 1 1 1 1 1 0 1 0 0 0 0 0 0 0
program/478 0 1 0 1 0 0 1 0 1 1 1 1 1 1 1 1 1 1 1 1 1 1 0 1 0 0 0 0 0 0 0
program/576 0 1 1 1 1 1 1 1 1 1 1 1 1 1 1 1 1 1 1 1 1 1 1 1 1 0 0 0 1 0 1
program/577 0 1 1 1 1 1 1 1 1 1 1 1 1 1 1 1 0 1 1 1 1 1 1 1 1 0 0 0 1 0 1
program/574 0 1 1 1 1 1 1 1 1 1 1 1 1 1 1 1 1 1 1 1 1 1 1 1 1 0 0 0 1 0 1
program/575 0 1 1 1 1 1 1 1 0 1 1 1 1 1 0 1 0 1 1 0 1 0 1 0 1 0 0 0 1 0 1
program/473 0 1 0 1 0 0 1 0 1 1 1 1 1 1 1 1 1 1 1 1 1 1 0 1 0 0 0 0 0 0 0
program/472 0 1 0 1 0 0 1 0 1 1 1 1 1 1 1 1 1 1 1 1 1 1 0 1 0 0 0 0 0 0 0
program/471 0 1 0 1 0 0 1 0 1 1 1 1 1 1 1 1 1 1 1 1 1 1 0 1 0 0 0 0 0 0 0
program/470 0 1 0 1 0 0 1 0 1 1 1 1 1 1 1 1 1 1 1 1 1 1 0 1 0 0 0 0 0 0 0
program/477 0 1 0 1 0 0 1 0 1 1 1 1 1 1 1 1 1 1 1 1 1 1 0 1 0 0 0 0 0 0 0
program/476 0 1 0 1 0 0 1 0 1 1 1 1 1 1 1 1 1 1 1 1 1 1 0 1 0 0 0 0 0 0 0
program/475 0 1 0 1 0 0 1 0 1 1 1 1 1 1 1 1 1 1 1 1 1 1 0 1 0 0 0 0 0 0 0
program/474 0 1 0 1 0 0 1 0 1 1 1 1 1 1 1 1 1 1 1 1 1 1 0 1 0 0 0 0 0 0 0
program/679 0 1 1 1 1 1 1 1 1 1 1 1 1 1 1 1 1 1 1 1 1 1 1 1 1 0 0 0 1 0 1
program/316 0 1 0 1 0 1 1 1 1 1 1 1 1 1 1 1 1 1 1 1 1 1 1 1 1 0 0 0 1 0 0
program/317 0 1 0 1 0 0 1 1 0 1 1 1 1 1 0 1 0 1 1 0 1 0 1 0 0 0 0 0 0 0 0
program/314 0 1 0 1 0 1 1 1 1 1 1 1 1 1 1 1 0 1 1 1 1 1 0 1 0 0 0 0 0 0 0
program/315 0 1 0 1 0 1 1 1 1 1 1 1 1 1 1 1 0 1 0 1 0 0 0 0 0 0 0 0 0 0 0
program/312 0 1 0 1 0 1 1 1 1 1 1 1 1 1 1 1 0 1 1 0 1 0 1 0 0 0 0 0 0 0 0
program/313 0 1 0 1 0 1 0 1 1 1 1 1 1 1 1 1 1 1 1 1 0 1 0 1 0 0 0 0 0 0 0
program/310 0 1 0 1 0 1 0 1 1 1 1 1 1 1 1 1 1 1 1 1 0 1 0 1 0 0 0 0 0 0 0
program/311 0 1 0 1 0 1 1 1 0 1 1 1 1 1 0 1 0 1 1 1 1 0 1 0 0 0 0 0 0 0 0
program/760 0 1 1 1 1 1 1 1 1 1 1 1 1 1 1 1 1 1 1 1 1 1 1 1 1 0 0 0 1 0 1
program/318 0 1 0 1 0 1 0 1 1 1 1 1 1 1 1 1 1 1 1 1 1 1 1 1 0 0 0 0 0 0 0
program/319 0 1 0 1 0 1 1 1 1 1 1 1 1 1 1 1 1 1 1 1 1 1 0 1 0 0 0 0 0 0 0
program/642 0 1 0 1 0 1 1 1 0 1 1 1 1 1 0 1 0 1 1 0 1 0 1 0 1 0 0 0 1 0 1
program/643 0 1 1 1 1 1 1 1 1 1 1 1 1 1 1 1 1 1 1 1 1 0 1 0 1 0 0 0 1 0 1
