ktestSM MFI_KLEE_TOPDIR_TEST_TEMPLATE.sh-out/klee-out-0/test000001.ktest MFI_KLEE_TOPDIR_TEST_TEMPLATE.sh-out/klee-out-0/test000006.ktest MFI_KLEE_TOPDIR_TEST_TEMPLATE.sh-out/klee-out-0/test000002.ktest MFI_KLEE_TOPDIR_TEST_TEMPLATE.sh-out/klee-out-0/test000007.ktest MFI_KLEE_TOPDIR_TEST_TEMPLATE.sh-out/klee-out-0/test000009.ktest MFI_KLEE_TOPDIR_TEST_TEMPLATE.sh-out/klee-out-0/test000011.ktest MFI_KLEE_TOPDIR_TEST_TEMPLATE.sh-out/klee-out-0/test000003.ktest MFI_KLEE_TOPDIR_TEST_TEMPLATE.sh-out/klee-out-0/test000005.ktest MFI_KLEE_TOPDIR_TEST_TEMPLATE.sh-out/klee-out-0/test000004.ktest MFI_KLEE_TOPDIR_TEST_TEMPLATE.sh-out/klee-out-0/test000008.ktest MFI_KLEE_TOPDIR_TEST_TEMPLATE.sh-out/klee-out-0/test000010.ktest heldout-input-pos1-out/Dev-out-0/devtest.ktest heldout-input-pos10-out/Dev-out-0/devtest.ktest heldout-input-pos11-out/Dev-out-0/devtest.ktest heldout-input-pos12-out/Dev-out-0/devtest.ktest heldout-input-pos13-out/Dev-out-0/devtest.ktest heldout-input-pos14-out/Dev-out-0/devtest.ktest heldout-input-pos15-out/Dev-out-0/devtest.ktest heldout-input-pos16-out/Dev-out-0/devtest.ktest heldout-input-pos17-out/Dev-out-0/devtest.ktest heldout-input-pos18-out/Dev-out-0/devtest.ktest heldout-input-pos19-out/Dev-out-0/devtest.ktest heldout-input-pos2-out/Dev-out-0/devtest.ktest heldout-input-pos20-out/Dev-out-0/devtest.ktest heldout-input-pos21-out/Dev-out-0/devtest.ktest heldout-input-pos22-out/Dev-out-0/devtest.ktest heldout-input-pos23-out/Dev-out-0/devtest.ktest heldout-input-pos24-out/Dev-out-0/devtest.ktest heldout-input-pos25-out/Dev-out-0/devtest.ktest heldout-input-pos26-out/Dev-out-0/devtest.ktest heldout-input-pos27-out/Dev-out-0/devtest.ktest heldout-input-pos28-out/Dev-out-0/devtest.ktest heldout-input-pos29-out/Dev-out-0/devtest.ktest heldout-input-pos3-out/Dev-out-0/devtest.ktest heldout-input-pos30-out/Dev-out-0/devtest.ktest heldout-input-pos31-out/Dev-out-0/devtest.ktest heldout-input-pos32-out/Dev-out-0/devtest.ktest heldout-input-pos33-out/Dev-out-0/devtest.ktest heldout-input-pos34-out/Dev-out-0/devtest.ktest heldout-input-pos35-out/Dev-out-0/devtest.ktest heldout-input-pos36-out/Dev-out-0/devtest.ktest heldout-input-pos37-out/Dev-out-0/devtest.ktest heldout-input-pos38-out/Dev-out-0/devtest.ktest heldout-input-pos39-out/Dev-out-0/devtest.ktest heldout-input-pos4-out/Dev-out-0/devtest.ktest heldout-input-pos40-out/Dev-out-0/devtest.ktest heldout-input-pos41-out/Dev-out-0/devtest.ktest heldout-input-pos42-out/Dev-out-0/devtest.ktest heldout-input-pos43-out/Dev-out-0/devtest.ktest heldout-input-pos44-out/Dev-out-0/devtest.ktest heldout-input-pos45-out/Dev-out-0/devtest.ktest heldout-input-pos46-out/Dev-out-0/devtest.ktest heldout-input-pos47-out/Dev-out-0/devtest.ktest heldout-input-pos48-out/Dev-out-0/devtest.ktest heldout-input-pos49-out/Dev-out-0/devtest.ktest heldout-input-pos5-out/Dev-out-0/devtest.ktest heldout-input-pos50-out/Dev-out-0/devtest.ktest heldout-input-pos51-out/Dev-out-0/devtest.ktest heldout-input-pos52-out/Dev-out-0/devtest.ktest heldout-input-pos53-out/Dev-out-0/devtest.ktest heldout-input-pos6-out/Dev-out-0/devtest.ktest heldout-input-pos7-out/Dev-out-0/devtest.ktest heldout-input-pos8-out/Dev-out-0/devtest.ktest heldout-input-pos9-out/Dev-out-0/devtest.ktest input-neg1-out/Dev-out-0/devtest.ktest input-pos1-out/Dev-out-0/devtest.ktest input-pos2-out/Dev-out-0/devtest.ktest input-pos3-out/Dev-out-0/devtest.ktest input-pos4-out/Dev-out-0/devtest.ktest input-pos5-out/Dev-out-0/devtest.ktest
program/34 0 0 0 0 0 1 1 1 0 0 0 0 1 0 0 0 1 0 1 1 1 1 1 1 1 1 0 0 0 1 1 0 0 0 0 0 1 1 0 1 0 1 0 1 0 1 1 1 1 0 1 1 0 1 1 1 1 1 0 1 1 0 0 0 1 0 0 0 0 0
program/35 0 0 0 0 0 1 1 1 0 0 0 0 1 0 0 0 1 0 1 1 1 1 1 1 1 1 0 0 0 1 1 0 0 0 0 0 1 1 0 1 0 1 0 1 0 1 1 1 1 0 1 1 0 1 1 1 1 1 0 1 1 0 0 0 1 0 0 0 0 0
program/36 0 0 0 0 0 1 1 1 0 0 0 0 0 0 0 0 0 0 0 0 0 0 0 0 0 0 0 0 0 0 0 0 0 0 0 0 0 0 0 0 0 0 0 0 0 0 0 0 0 0 0 0 0 0 0 0 0 0 0 0 0 0 0 0 0 0 0 0 0 0
program/37 1 1 1 1 1 1 1 1 1 1 1 1 1 1 1 1 1 1 1 1 1 1 1 1 1 1 1 1 1 1 1 1 1 1 1 1 1 1 1 1 1 1 1 1 1 1 1 1 1 1 1 1 1 1 1 1 1 1 1 1 1 1 1 1 1 0 0 0 0 0
program/30 0 0 0 0 0 1 1 1 0 0 0 0 0 0 0 0 0 0 0 0 0 0 0 0 0 0 0 0 0 0 0 0 0 0 0 0 0 0 0 0 0 0 0 0 0 0 0 0 0 0 0 0 0 0 0 0 0 0 0 0 0 0 0 0 0 0 0 0 0 0
program/31 0 0 0 0 0 1 1 1 0 0 0 0 1 0 0 0 1 0 1 1 1 1 1 1 1 1 0 0 0 1 1 0 0 0 0 0 1 1 0 1 0 1 0 1 0 1 1 1 1 0 1 1 0 1 1 1 1 1 0 1 1 0 0 0 1 0 0 0 0 0
program/32 0 1 1 1 1 1 1 1 1 1 1 0 1 0 0 1 1 1 0 0 1 0 1 1 1 1 0 1 1 1 0 1 0 1 1 1 1 1 1 0 0 0 1 1 1 1 1 0 1 1 1 0 1 1 1 1 1 1 1 1 1 1 1 1 1 1 0 0 0 0
program/38 0 1 0 1 0 1 1 1 1 0 0 1 1 1 1 1 1 1 1 1 1 1 1 1 1 1 1 1 1 1 1 1 1 1 1 1 1 1 1 1 1 1 1 1 1 1 1 1 1 1 1 1 1 1 1 1 1 1 1 1 1 1 1 1 1 0 0 0 0 0
program/39 0 1 0 1 0 1 1 1 1 0 0 1 1 1 1 1 1 1 1 1 1 1 1 1 1 1 1 1 1 1 1 1 1 0 1 1 1 1 1 1 1 1 0 1 1 1 1 1 1 1 1 1 1 1 1 1 1 0 1 0 1 1 1 1 1 0 0 0 0 0
program/161 0 0 0 0 0 0 0 0 0 0 0 0 1 0 0 0 1 0 0 0 1 0 1 1 1 1 0 0 0 1 0 0 0 0 0 0 1 1 0 0 0 0 0 1 0 1 1 0 1 0 1 0 0 1 1 1 1 1 0 1 1 0 0 0 1 0 0 0 0 0
program/160 0 0 0 0 0 0 0 0 0 0 0 0 1 0 0 0 1 0 0 0 1 0 1 1 1 1 0 0 0 1 0 0 0 0 0 0 1 1 0 0 0 0 0 1 0 1 1 0 1 0 1 0 0 1 1 1 1 1 0 1 1 0 0 0 1 0 0 0 0 0
program/162 0 0 0 0 0 0 0 0 0 0 0 0 1 0 0 0 1 0 0 0 1 0 1 1 1 1 0 0 0 1 0 0 0 0 0 0 1 1 0 0 0 0 0 1 0 1 1 0 1 0 1 0 0 1 1 1 1 1 0 1 1 0 0 0 1 0 0 0 0 0
program/167 1 1 1 1 1 1 1 1 1 1 1 1 1 1 1 1 1 1 1 1 1 1 1 1 1 1 1 1 1 1 1 1 1 1 1 1 1 1 1 1 1 1 1 1 1 1 1 1 1 1 1 1 1 1 1 1 1 1 1 1 1 1 1 1 1 0 0 0 0 0
program/166 1 0 1 0 1 0 0 0 0 1 1 0 1 0 0 0 1 0 0 0 1 0 1 1 1 1 0 0 0 1 0 0 0 0 0 0 1 1 0 0 0 0 0 1 0 1 1 0 1 0 1 0 0 1 1 1 1 1 0 1 1 0 0 0 1 0 0 0 0 0
program/169 1 1 1 1 1 1 1 1 1 1 1 1 1 1 1 1 1 1 1 1 1 1 1 1 1 1 1 1 1 1 1 1 1 1 1 1 1 1 1 1 1 1 1 1 1 1 1 1 1 1 1 1 1 1 1 1 1 1 1 1 1 1 1 1 1 0 0 0 0 0
program/168 1 1 1 1 1 1 1 1 1 1 1 1 1 1 1 1 1 1 1 1 1 1 1 1 1 1 1 1 1 1 1 1 1 1 1 1 1 1 1 1 1 1 1 1 1 1 1 1 1 1 1 1 1 1 1 1 1 1 1 1 1 1 1 1 1 0 0 0 0 0
program/189 0 0 0 0 0 1 1 1 0 0 0 0 1 0 0 0 1 0 1 1 1 1 1 1 1 1 0 0 0 1 1 0 0 0 0 0 1 1 0 1 0 1 0 1 0 1 1 1 1 0 1 1 0 1 1 1 1 1 0 1 1 0 0 0 1 0 0 0 0 0
program/188 1 1 1 1 1 1 1 1 1 1 1 1 1 1 1 1 1 1 1 1 1 1 1 1 1 1 1 1 1 1 1 1 1 1 1 1 1 1 1 1 1 1 1 1 1 1 1 1 1 1 1 1 1 1 1 1 1 1 1 1 1 1 1 1 1 0 0 0 0 0
program/176 0 0 0 0 0 1 1 1 0 0 0 0 1 0 0 0 1 0 1 1 1 1 1 1 1 1 0 0 0 1 1 0 0 0 0 0 1 1 0 1 0 1 0 1 0 1 1 1 1 0 1 1 0 1 1 1 1 1 0 1 1 0 0 0 1 0 0 0 0 0
program/177 0 0 0 0 0 1 1 1 0 0 0 0 1 0 0 0 1 0 1 1 1 1 1 1 1 1 0 0 0 1 1 0 0 0 0 0 1 1 0 1 0 1 0 1 0 1 1 1 1 0 1 1 0 1 1 1 1 1 0 1 1 0 0 0 1 0 0 0 0 0
program/174 0 0 0 0 0 1 1 1 0 0 0 0 1 0 0 0 1 0 0 0 0 0 0 0 0 0 0 0 0 1 1 0 0 0 0 0 1 0 0 1 0 1 0 0 0 0 0 1 1 0 1 0 0 0 0 0 0 1 0 1 0 0 0 0 0 0 0 0 0 0
program/175 1 1 1 1 1 1 1 1 1 1 1 1 1 1 1 1 1 1 1 1 1 1 1 1 1 1 1 1 1 1 1 1 1 1 1 1 1 1 1 1 1 1 1 1 1 1 1 1 1 1 1 1 1 1 1 1 1 1 1 1 1 1 1 1 1 0 0 0 0 0
program/173 1 1 1 1 1 1 1 1 1 1 1 1 1 1 1 1 1 1 1 1 1 1 1 1 1 1 1 1 1 1 1 1 1 1 1 1 1 1 1 1 1 1 1 1 1 1 1 1 1 1 1 1 1 1 1 1 1 1 1 1 1 1 1 1 1 0 0 0 0 0
program/170 1 1 1 1 1 1 1 1 1 1 1 1 1 1 1 1 1 1 1 1 1 1 1 1 1 1 1 1 1 1 1 1 1 1 1 1 1 1 1 1 1 1 1 1 1 1 1 1 1 1 1 1 1 1 1 1 1 1 1 1 1 1 1 1 1 0 0 0 0 0
program/181 0 0 0 0 0 1 1 1 0 0 0 0 1 0 0 0 1 0 1 1 1 1 1 1 1 1 0 0 0 1 1 0 0 0 0 0 1 1 0 1 0 1 0 1 0 1 1 1 1 0 1 1 0 1 1 1 1 1 0 1 1 0 0 0 1 0 0 0 0 0
program/178 0 0 0 0 0 1 1 1 0 0 0 0 1 0 0 0 1 0 1 1 1 1 1 1 1 1 0 0 0 1 1 0 0 0 0 0 1 1 0 1 0 1 0 1 0 1 1 1 1 0 1 1 0 1 1 1 1 1 0 1 1 0 0 0 1 0 0 0 0 0
program/179 0 0 0 0 0 1 1 1 0 0 0 0 1 0 0 0 1 0 1 1 1 1 1 1 1 1 0 0 0 1 1 0 0 0 0 0 1 1 0 1 0 1 0 1 0 1 1 1 1 0 1 1 0 1 1 1 1 1 0 1 1 0 0 0 1 0 0 0 0 0
program/180 0 0 0 0 0 1 1 1 0 0 0 0 1 0 0 0 1 0 1 1 1 1 1 1 1 1 0 0 0 1 1 0 0 0 0 0 1 1 0 1 0 1 0 1 0 1 1 1 1 0 1 1 0 1 1 1 1 1 0 1 1 0 0 0 1 0 0 0 0 0
program/187 0 0 0 0 0 1 1 1 0 0 0 0 1 0 0 0 1 0 1 1 1 1 1 1 1 1 0 0 0 1 1 0 0 0 0 0 1 1 0 1 0 1 0 1 0 1 1 1 1 0 1 1 0 1 1 1 1 1 0 1 1 0 0 0 1 0 0 0 0 0
program/186 1 1 1 1 1 1 1 1 1 1 1 1 1 1 1 1 1 1 1 1 1 1 1 1 1 1 1 1 1 1 1 1 1 1 1 1 1 1 1 1 1 1 1 1 1 1 1 1 1 1 1 1 1 1 1 1 1 1 1 1 1 1 1 1 1 0 0 0 0 0
program/185 0 0 0 0 0 1 1 1 0 0 0 0 1 0 0 0 1 0 1 1 1 1 1 1 1 1 0 0 0 1 1 0 0 0 0 0 1 1 0 1 0 1 0 1 0 1 1 1 1 0 1 1 0 1 1 1 1 1 0 1 1 0 0 0 1 0 0 0 0 0
program/184 0 0 0 0 0 1 1 1 0 0 0 0 1 0 0 0 1 0 1 1 1 1 1 1 1 1 0 0 0 1 1 0 0 0 0 0 1 1 0 1 0 1 0 1 0 1 1 1 1 0 1 1 0 1 1 1 1 1 0 1 1 0 0 0 1 0 0 0 0 0
program/148 0 0 0 0 0 0 0 0 0 0 0 0 1 0 0 0 1 0 0 0 1 0 1 1 1 1 0 0 0 1 0 0 0 0 0 0 1 1 0 0 0 0 0 1 0 1 1 0 1 0 1 0 0 1 1 1 1 1 0 1 1 0 0 0 1 0 0 0 0 0
program/183 0 0 0 0 0 1 1 1 0 0 0 0 1 0 0 0 1 0 1 1 1 1 1 1 1 1 0 0 0 1 1 0 0 0 0 0 1 1 0 1 0 1 0 1 0 1 1 1 1 0 1 1 0 1 1 1 1 1 0 1 1 0 0 0 1 0 0 0 0 0
program/157 0 0 0 0 0 0 0 0 0 0 0 0 1 0 0 0 1 0 0 0 1 0 1 1 1 1 0 0 0 1 0 0 0 0 0 0 1 1 0 0 0 0 0 1 0 1 1 0 1 0 1 0 0 1 1 1 1 1 0 1 1 0 0 0 1 0 0 0 0 0
program/103 0 0 0 0 0 1 1 1 0 0 0 0 1 0 0 0 1 0 1 1 1 1 1 1 1 1 0 0 0 1 1 0 0 0 0 0 1 1 0 1 0 1 0 1 0 1 1 1 1 0 1 1 0 1 1 1 1 1 0 1 1 0 0 0 1 0 0 0 0 0
program/102 0 1 0 1 0 1 1 1 1 0 0 1 1 1 1 1 1 1 1 1 1 1 1 1 1 1 1 1 1 1 1 1 1 0 1 1 1 1 1 1 1 1 1 1 0 1 1 1 1 1 1 1 1 1 1 1 1 1 1 1 0 0 1 1 0 0 0 0 0 0
program/101 0 1 0 1 0 1 1 1 1 0 0 1 1 1 1 1 1 1 1 1 1 1 1 1 1 1 1 1 1 1 1 1 1 1 1 1 1 1 1 1 1 1 1 1 1 1 1 1 1 1 1 1 1 1 1 1 1 1 1 1 1 1 1 1 1 0 0 0 0 0
program/100 0 0 0 0 0 1 1 1 0 0 0 0 1 0 1 0 1 0 1 1 1 1 1 1 1 1 1 0 1 1 1 1 1 0 1 1 1 1 1 1 1 1 1 1 0 1 1 1 1 0 1 1 1 1 1 1 1 1 0 1 1 0 1 1 1 0 0 0 0 0
program/107 0 0 0 0 0 0 0 0 0 0 0 0 1 0 0 0 1 0 0 0 1 0 1 1 1 1 0 0 0 1 0 0 0 0 0 0 1 1 0 0 0 0 0 1 0 1 1 0 1 0 1 0 0 1 1 1 1 1 0 1 1 0 0 0 1 0 0 0 0 0
program/106 0 1 0 1 0 1 1 1 1 0 0 1 1 1 1 1 1 1 1 1 1 1 1 1 1 1 1 1 1 1 1 1 1 0 1 1 1 1 1 1 1 1 1 1 0 1 1 1 1 1 1 1 1 1 1 1 1 1 1 1 1 1 1 1 1 0 0 0 0 0
program/105 0 1 0 1 0 1 1 1 1 0 0 1 1 1 1 1 1 1 1 1 1 1 1 1 1 1 1 1 1 1 1 1 1 1 1 1 1 1 1 1 1 1 1 1 1 1 1 1 1 1 1 1 1 1 1 1 1 1 1 1 1 1 1 1 1 0 0 0 0 0
program/104 0 0 0 0 0 1 1 1 0 0 0 0 1 0 0 0 1 0 1 1 1 1 1 1 1 1 0 0 0 1 1 0 0 0 0 0 1 1 0 1 0 1 0 1 0 1 1 1 1 0 1 1 0 1 1 1 1 1 0 1 1 0 0 0 1 0 0 0 0 0
program/109 0 0 0 0 0 0 0 0 0 0 0 0 1 0 0 0 1 0 0 0 1 0 1 1 1 1 0 0 0 1 0 0 0 0 0 0 1 1 0 0 0 0 0 1 0 1 1 0 1 0 1 0 0 1 1 1 1 1 0 1 1 0 0 0 1 0 0 0 0 0
program/108 1 0 1 0 1 0 0 0 0 1 1 0 1 0 0 0 1 0 0 0 1 0 1 1 1 1 0 0 0 1 0 0 0 0 0 0 1 1 0 0 0 0 0 1 0 1 1 0 1 0 1 0 0 1 1 1 1 1 0 1 1 0 0 0 1 0 0 0 0 0
program/29 0 1 1 1 1 1 1 1 1 1 1 0 1 0 0 1 1 1 0 0 1 0 1 1 1 1 0 1 1 1 0 1 0 1 1 1 1 1 1 0 0 0 1 1 1 1 1 0 1 1 1 0 1 1 1 1 1 1 1 1 1 1 1 1 1 1 0 0 0 0
program/28 0 0 0 0 0 1 1 1 0 0 0 0 0 0 0 0 0 0 0 0 0 0 0 0 0 0 0 0 0 0 0 0 0 0 0 0 0 0 0 0 0 0 0 0 0 0 0 0 0 0 0 0 0 0 0 0 0 0 0 0 0 0 0 0 0 0 0 0 0 0
program/23 0 1 1 1 1 1 1 1 1 1 1 0 1 0 0 1 1 1 0 0 1 0 1 1 1 1 0 1 1 1 0 1 0 1 1 1 1 1 1 0 0 0 1 1 1 1 1 0 1 1 1 0 1 1 1 1 1 1 1 1 1 1 1 1 1 1 0 0 0 0
program/182 1 1 1 1 1 1 1 1 1 1 1 1 1 1 1 1 1 1 1 1 1 1 1 1 1 1 1 1 1 1 1 1 1 1 1 1 1 1 1 1 1 1 1 1 1 1 1 1 1 1 1 1 1 1 1 1 1 1 1 1 1 1 1 1 1 0 0 0 0 0
program/21 0 0 0 0 0 1 1 1 0 0 0 0 1 0 0 0 1 0 1 1 1 1 1 1 1 1 0 0 0 1 1 0 0 0 0 0 1 1 0 1 0 1 0 1 0 1 1 1 1 0 1 1 0 1 1 1 1 1 0 1 1 0 0 0 1 0 0 0 0 0
program/20 0 0 0 0 0 1 1 1 0 0 0 0 0 0 0 0 0 0 0 0 0 0 0 0 0 0 0 0 0 0 0 0 0 0 0 0 0 0 0 0 0 0 0 0 0 0 0 0 0 0 0 0 0 0 0 0 0 0 0 0 0 0 0 0 0 0 0 0 0 0
program/27 0 0 0 0 0 1 1 1 0 0 0 0 1 0 0 0 1 0 1 1 1 1 1 1 1 1 0 0 0 1 1 0 0 0 0 0 1 1 0 1 0 1 0 1 0 1 1 1 1 0 1 1 0 1 1 1 1 1 0 1 1 0 0 0 1 0 0 0 0 0
program/26 0 0 0 0 0 1 1 1 0 0 0 0 0 0 0 0 0 0 0 0 0 0 0 0 0 0 0 0 0 0 0 0 0 0 0 0 0 0 0 0 0 0 0 0 0 0 0 0 0 0 0 0 0 0 0 0 0 0 0 0 0 0 0 0 0 0 0 0 0 0
program/25 0 1 1 1 1 1 1 1 1 1 1 0 1 0 0 1 1 1 0 0 1 0 1 1 1 1 0 1 1 1 0 1 0 1 1 1 1 1 1 0 0 0 1 1 1 1 1 0 1 1 1 0 1 1 1 1 1 1 1 1 1 1 1 1 1 1 0 0 0 0
program/24 0 0 0 0 0 1 1 1 0 0 0 0 1 0 0 0 1 0 1 1 1 1 1 1 1 1 0 0 0 1 1 0 0 0 0 0 1 1 0 1 0 1 0 1 0 1 1 1 1 0 1 1 0 1 1 1 1 1 0 1 1 0 0 0 1 0 0 0 0 0
program/110 1 0 1 0 1 0 0 0 0 1 1 0 0 0 0 0 1 0 0 0 1 0 1 1 1 1 0 0 0 1 0 0 0 0 0 0 1 1 0 0 0 0 0 1 0 1 1 0 1 0 0 0 0 1 1 0 1 0 0 1 1 0 0 0 1 0 0 0 0 0
program/111 1 0 1 0 1 0 0 0 0 1 1 0 1 0 0 0 1 0 0 0 1 0 1 1 1 1 0 0 0 1 0 0 0 0 0 0 1 1 0 0 0 0 0 1 0 1 1 0 1 0 1 0 0 1 1 0 1 1 0 1 1 0 0 0 1 0 0 0 0 0
program/112 1 0 1 0 1 0 0 0 0 1 1 0 1 0 0 0 1 0 0 0 1 0 1 1 1 1 0 0 0 1 0 0 0 0 0 0 1 1 0 0 0 0 0 1 0 1 1 0 1 0 1 0 0 1 1 1 1 1 0 1 1 0 0 0 1 0 0 0 0 0
program/113 0 0 0 0 0 0 0 0 0 0 0 0 1 0 0 0 1 0 0 0 1 0 1 1 1 1 0 0 0 1 0 0 0 0 0 0 1 1 0 0 0 0 0 1 0 1 1 0 1 0 1 0 0 1 1 1 1 1 0 1 1 0 0 0 1 0 0 0 0 0
program/114 1 0 1 0 1 0 0 0 0 1 1 0 1 0 0 0 1 0 0 0 1 0 1 1 1 1 0 0 0 1 0 0 0 0 0 0 1 1 0 0 0 0 0 1 0 1 1 0 1 0 1 0 0 1 1 1 1 1 0 1 1 0 0 0 1 0 0 0 0 0
program/115 1 0 1 0 1 0 0 0 0 1 1 0 1 0 0 0 1 0 0 0 1 0 1 1 1 1 0 0 0 1 0 0 0 0 0 0 1 1 0 0 0 0 0 1 0 1 1 0 1 0 1 0 0 1 1 1 1 1 0 1 1 0 0 0 1 0 0 0 0 0
program/116 0 0 0 0 0 0 0 0 0 0 0 0 1 0 0 0 1 0 0 0 1 0 1 1 1 1 0 0 0 1 0 0 0 0 0 0 1 1 0 0 0 0 0 1 0 1 1 0 1 0 1 0 0 1 1 1 1 1 0 1 1 0 0 0 1 0 0 0 0 0
program/117 1 0 1 0 1 0 0 0 0 1 1 0 1 0 0 0 1 0 0 0 1 0 1 1 1 1 0 0 0 1 0 0 0 0 0 0 1 1 0 0 0 0 0 1 0 1 1 0 1 0 1 0 0 1 1 1 1 1 0 1 1 0 0 0 1 0 0 0 0 0
program/118 1 0 1 0 1 0 0 0 0 1 1 0 1 0 0 0 1 0 0 0 1 0 1 1 1 1 0 0 0 1 0 0 0 0 0 0 1 1 0 0 0 0 0 1 0 1 1 0 1 0 1 0 0 1 1 1 1 1 0 1 1 0 0 0 1 0 0 0 0 0
program/119 0 0 0 0 0 0 0 0 0 0 0 0 1 0 0 0 1 0 0 0 1 0 1 1 1 1 0 0 0 1 0 0 0 0 0 0 1 1 0 0 0 0 0 1 0 1 1 0 1 0 1 0 0 1 1 1 1 1 0 1 1 0 0 0 1 0 0 0 0 0
program/145 0 0 0 0 0 0 0 0 0 0 0 0 1 0 0 0 1 0 0 0 1 0 1 1 1 1 0 0 0 1 0 0 0 0 0 0 1 1 0 0 0 0 0 1 0 1 1 0 1 0 1 0 0 1 1 1 1 1 0 1 1 0 0 0 1 0 0 0 0 0
program/58 0 1 0 1 0 1 1 1 1 0 0 1 1 1 1 1 1 1 1 1 1 1 1 1 1 1 1 1 1 1 1 1 1 1 1 1 1 1 1 1 1 1 1 1 1 1 1 1 1 1 1 1 1 1 1 1 1 1 1 1 1 1 1 1 1 0 0 0 0 0
program/56 0 0 0 0 0 1 1 1 0 0 0 0 1 0 0 0 1 0 1 1 1 1 1 1 1 1 0 0 0 1 1 0 0 0 0 0 1 1 0 1 0 1 0 1 0 1 1 1 1 0 1 1 0 1 1 1 1 1 0 1 1 0 0 0 1 0 0 0 0 0
program/57 0 0 0 0 0 1 1 1 0 0 0 0 1 0 0 0 1 0 1 1 1 1 1 1 1 1 0 0 0 1 1 0 0 0 0 0 1 1 0 1 0 1 0 1 0 1 1 1 1 0 1 1 0 1 1 1 1 1 0 1 1 0 0 0 1 0 0 0 0 0
program/54 0 1 0 1 0 1 1 1 1 0 0 1 1 1 1 1 1 1 1 1 1 1 1 1 1 1 1 1 1 1 1 1 1 1 1 1 1 1 1 1 1 1 1 1 1 1 1 1 1 1 1 1 1 1 1 1 1 1 1 1 1 1 1 1 1 0 0 0 0 0
program/55 0 1 0 1 0 1 1 1 1 0 0 1 1 1 1 1 1 1 1 1 1 1 1 1 1 1 1 1 1 1 1 1 1 1 1 1 1 1 1 1 1 1 1 1 1 1 1 1 1 1 1 1 1 1 1 1 1 1 1 1 1 1 1 1 1 0 0 0 0 0
program/52 0 1 0 1 0 1 1 1 1 0 0 0 1 0 0 1 1 1 0 0 1 0 1 1 1 1 0 1 1 1 0 1 0 1 1 1 1 1 1 0 0 0 1 1 0 1 1 0 1 1 1 0 0 1 1 1 1 1 1 1 1 0 0 1 1 1 0 0 0 0
program/53 0 0 0 0 0 0 0 0 0 0 0 0 1 0 0 0 1 0 0 0 1 0 1 1 1 1 0 0 0 1 0 0 0 0 0 0 1 1 0 0 0 0 0 1 0 1 1 0 1 0 1 0 0 1 1 1 1 1 0 1 1 0 0 0 1 0 0 0 0 0
program/196 0 1 1 1 1 1 1 1 1 1 1 0 1 0 0 1 1 1 0 0 1 0 1 1 1 1 0 1 1 1 0 1 0 1 1 1 1 1 1 0 0 0 1 1 1 1 1 0 1 1 1 0 1 1 1 1 1 1 1 1 1 1 1 1 1 1 0 0 0 0
program/197 0 1 1 1 1 1 1 1 1 1 1 0 1 0 0 1 1 1 0 0 1 0 1 1 1 1 0 1 1 1 0 1 0 1 1 1 1 1 1 0 0 0 1 1 1 1 1 0 1 1 1 0 1 1 1 1 1 1 1 1 1 1 1 1 1 1 0 0 0 0
program/190 0 0 0 0 0 1 1 1 0 0 0 0 1 0 0 0 1 0 1 1 1 1 1 1 1 1 0 0 0 1 1 0 0 0 0 0 1 1 0 1 0 1 0 1 0 1 1 1 1 0 1 1 0 1 1 1 1 1 0 1 1 0 0 0 1 0 0 0 0 0
program/154 0 0 0 0 0 0 0 0 0 0 0 0 1 0 0 0 1 0 0 0 1 0 1 1 1 1 0 0 0 1 0 0 0 0 0 0 1 1 0 0 0 0 0 1 0 1 1 0 1 0 1 0 0 1 1 1 1 1 0 1 1 0 0 0 1 0 0 0 0 0
program/155 0 0 0 0 0 0 0 0 0 0 0 0 1 0 0 0 1 0 0 0 1 0 1 1 1 1 0 0 0 1 0 0 0 0 0 0 1 1 0 0 0 0 0 1 0 1 1 0 1 0 1 0 0 1 1 1 1 1 0 1 1 0 0 0 1 0 0 0 0 0
program/156 0 0 0 0 0 0 0 0 0 0 0 0 1 0 0 0 1 0 0 0 1 0 1 1 1 1 0 0 0 1 0 0 0 0 0 0 1 1 0 0 0 0 0 1 0 1 1 0 1 0 1 0 0 1 1 1 1 1 0 1 1 0 0 0 1 0 0 0 0 0
program/125 1 0 1 0 1 0 0 0 0 1 1 0 1 0 0 0 1 0 0 0 1 0 1 1 1 1 0 0 0 1 0 0 0 0 0 0 1 1 0 0 0 0 0 1 0 1 1 0 1 0 1 0 0 1 1 1 1 1 0 1 1 0 0 0 1 0 0 0 0 0
program/124 0 0 0 0 0 0 0 0 0 0 0 0 1 0 0 0 1 0 0 0 1 0 1 1 1 1 0 0 0 1 0 0 0 0 0 0 1 1 0 0 0 0 0 1 0 1 1 0 1 0 1 0 0 1 1 1 1 1 0 1 1 0 0 0 1 0 0 0 0 0
program/127 1 0 1 0 1 0 0 0 0 1 1 0 1 0 0 0 1 0 0 0 1 0 1 1 1 1 0 0 0 1 0 0 0 0 0 0 1 1 0 0 0 0 0 1 0 1 1 0 1 0 1 0 0 1 1 1 1 1 0 1 1 0 0 0 1 0 0 0 0 0
program/126 0 0 0 0 0 0 0 0 0 0 0 0 1 0 0 0 1 0 0 0 1 0 1 1 1 1 0 0 0 1 0 0 0 0 0 0 1 1 0 0 0 0 0 1 0 1 1 0 1 0 1 0 0 1 1 1 1 1 0 1 1 0 0 0 1 0 0 0 0 0
program/121 1 0 1 0 1 0 0 0 0 1 1 0 1 0 0 0 1 0 0 0 1 0 1 1 1 1 0 0 0 1 0 0 0 0 0 0 1 1 0 0 0 0 0 1 0 1 1 0 1 0 1 0 0 1 1 1 1 1 0 1 1 0 0 0 1 0 0 0 0 0
program/120 0 0 0 0 0 0 0 0 0 0 0 0 1 0 0 0 1 0 0 0 1 0 1 1 1 1 0 0 0 1 0 0 0 0 0 0 1 1 0 0 0 0 0 1 0 1 1 0 1 0 1 0 0 1 1 1 1 1 0 1 1 0 0 0 1 0 0 0 0 0
program/123 0 0 0 0 0 0 0 0 0 0 0 0 1 0 0 0 1 0 0 0 1 0 1 1 1 1 0 0 0 1 0 0 0 0 0 0 1 1 0 0 0 0 0 1 0 1 1 0 1 0 1 0 0 1 1 1 1 1 0 1 1 0 0 0 1 0 0 0 0 0
program/122 1 0 1 0 1 0 0 0 0 1 1 0 1 0 0 0 1 0 0 0 1 0 1 1 1 1 0 0 0 1 0 0 0 0 0 0 1 1 0 0 0 0 0 1 0 1 1 0 1 0 1 0 0 1 1 1 1 1 0 1 1 0 0 0 1 0 0 0 0 0
program/150 0 0 0 0 0 0 0 0 0 0 0 0 1 0 0 0 1 0 0 0 1 0 1 1 1 1 0 0 0 1 0 0 0 0 0 0 1 1 0 0 0 0 0 1 0 1 1 0 1 0 1 0 0 1 1 1 1 1 0 1 1 0 0 0 1 0 0 0 0 0
program/129 0 0 0 0 0 0 0 0 0 0 0 0 1 0 0 0 1 0 0 0 1 0 1 1 1 1 0 0 0 1 0 0 0 0 0 0 1 1 0 0 0 0 0 1 0 1 1 0 1 0 1 0 0 1 1 1 1 1 0 1 1 0 0 0 1 0 0 0 0 0
program/128 1 0 1 0 1 0 0 0 0 1 1 0 1 0 0 0 1 0 0 0 1 0 1 1 1 1 0 0 0 1 0 0 0 0 0 0 1 1 0 0 0 0 0 1 0 1 1 0 1 0 1 0 0 1 1 1 1 1 0 1 1 0 0 0 1 0 0 0 0 0
program/151 0 0 0 0 0 0 0 0 0 0 0 0 1 0 0 0 1 0 0 0 1 0 1 1 1 1 0 0 0 1 0 0 0 0 0 0 1 1 0 0 0 0 0 1 0 1 1 0 1 0 1 0 0 1 1 1 1 1 0 1 1 0 0 0 1 0 0 0 0 0
program/152 0 0 0 0 0 0 0 0 0 0 0 0 1 0 0 0 1 0 0 0 1 0 1 1 1 1 0 0 0 1 0 0 0 0 0 0 1 1 0 0 0 0 0 1 0 1 1 0 1 0 1 0 0 1 1 1 1 1 0 1 1 0 0 0 1 0 0 0 0 0
program/45 0 1 0 1 0 1 1 1 1 0 0 1 1 1 1 1 1 1 1 1 1 1 1 1 1 1 1 1 1 1 1 1 1 0 1 1 1 1 1 1 1 1 0 1 0 1 1 1 1 1 1 1 1 1 1 1 1 1 1 1 1 1 1 1 1 0 0 0 0 0
program/44 0 0 0 0 0 1 1 1 0 0 0 0 1 0 0 0 1 0 1 1 1 1 1 1 1 1 0 0 0 1 1 0 0 0 0 0 1 0 0 1 0 1 0 1 0 1 1 1 1 0 1 1 0 1 1 1 1 1 0 1 0 0 0 0 0 0 0 0 0 0
program/153 0 0 0 0 0 0 0 0 0 0 0 0 1 0 0 0 1 0 0 0 1 0 1 1 1 1 0 0 0 1 0 0 0 0 0 0 1 1 0 0 0 0 0 1 0 1 1 0 1 0 1 0 0 1 1 1 1 1 0 1 1 0 0 0 1 0 0 0 0 0
program/41 0 1 0 1 0 1 1 1 1 0 0 1 1 1 1 1 1 1 1 1 1 1 1 1 1 1 1 1 1 1 1 1 1 0 1 1 1 1 1 1 1 1 0 1 1 1 1 1 1 1 1 1 1 1 1 1 1 0 1 0 1 1 1 1 1 0 0 0 0 0
program/40 0 1 0 1 0 1 1 1 1 0 0 1 1 1 1 1 1 1 1 1 1 1 1 1 1 1 1 1 1 1 1 1 1 1 1 1 1 1 1 1 1 1 1 1 1 1 1 1 1 1 1 1 1 1 1 1 1 1 1 1 1 1 1 1 1 0 0 0 0 0
program/43 0 1 0 1 0 1 1 1 1 0 0 1 1 1 1 1 1 1 1 1 1 1 1 1 1 1 1 1 1 1 1 1 1 0 1 1 1 1 1 1 1 1 0 1 1 1 1 1 1 1 1 1 1 1 1 1 1 0 1 0 1 1 1 1 1 0 0 0 0 0
program/42 0 0 0 0 0 1 1 1 0 0 0 1 1 0 1 0 1 0 1 1 1 1 1 1 1 1 0 0 0 1 1 1 0 0 0 0 1 1 0 1 0 1 0 1 0 1 1 1 1 0 1 1 0 1 1 0 1 1 0 1 1 0 0 0 1 0 0 0 0 0
program/138 1 0 1 0 1 0 0 0 0 1 1 0 1 0 0 0 1 0 0 0 1 0 1 1 1 1 0 0 0 1 0 0 0 0 0 0 1 1 0 0 0 0 0 1 0 1 1 0 1 0 1 0 0 1 1 1 1 1 0 1 1 0 0 0 1 0 0 0 0 0
program/139 0 0 0 0 0 0 0 0 0 0 0 0 1 0 0 0 1 0 0 0 1 0 1 1 1 1 0 0 0 1 0 0 0 0 0 0 1 1 0 0 0 0 0 1 0 1 1 0 1 0 1 0 0 1 1 1 1 1 0 1 1 0 0 0 1 0 0 0 0 0
program/132 0 0 0 0 0 0 0 0 0 0 0 0 1 0 0 0 1 0 0 0 1 0 1 1 1 1 0 0 0 1 0 0 0 0 0 0 1 1 0 0 0 0 0 1 0 1 1 0 1 0 1 0 0 1 1 1 1 1 0 1 1 0 0 0 1 0 0 0 0 0
program/133 1 0 1 0 1 0 0 0 0 1 1 0 1 0 0 0 1 0 0 0 1 0 1 1 1 1 0 0 0 1 0 0 0 0 0 0 1 1 0 0 0 0 0 1 0 1 1 0 1 0 1 0 0 1 1 1 1 1 0 1 1 0 0 0 1 0 0 0 0 0
program/130 1 0 1 0 1 0 0 0 0 1 1 0 0 0 0 0 1 0 0 0 1 0 1 1 1 1 0 0 0 1 0 0 0 0 0 0 1 1 0 0 0 0 0 1 0 1 1 0 1 0 0 0 0 1 1 0 1 0 0 1 1 0 0 0 1 0 0 0 0 0
program/131 0 0 0 0 0 0 0 0 0 0 0 0 1 0 0 0 1 0 0 0 1 0 1 1 1 1 0 0 0 1 0 0 0 0 0 0 1 1 0 0 0 0 0 1 0 1 1 0 1 0 1 0 0 1 1 1 1 1 0 1 1 0 0 0 1 0 0 0 0 0
program/136 1 0 1 0 1 0 0 0 0 1 1 0 1 0 0 0 1 0 0 0 1 0 1 1 1 1 0 0 0 1 0 0 0 0 0 0 1 1 0 0 0 0 0 1 0 1 1 0 1 0 1 0 0 1 1 1 1 1 0 1 1 0 0 0 1 0 0 0 0 0
program/137 0 0 0 0 0 0 0 0 0 0 0 0 1 0 0 0 1 0 0 0 1 0 1 1 1 1 0 0 0 1 0 0 0 0 0 0 1 1 0 0 0 0 0 1 0 1 1 0 1 0 1 0 0 1 1 1 1 1 0 1 1 0 0 0 1 0 0 0 0 0
program/134 0 0 0 0 0 0 0 0 0 0 0 0 1 0 0 0 1 0 0 0 1 0 1 1 1 1 0 0 0 1 0 0 0 0 0 0 1 1 0 0 0 0 0 1 0 1 1 0 1 0 1 0 0 1 1 1 1 1 0 1 1 0 0 0 1 0 0 0 0 0
program/135 1 0 1 0 1 0 0 0 0 1 1 0 1 0 0 0 1 0 0 0 1 0 1 1 1 1 0 0 0 1 0 0 0 0 0 0 1 1 0 0 0 0 0 1 0 1 1 0 1 0 1 0 0 1 1 1 1 1 0 1 1 0 0 0 1 0 0 0 0 0
program/141 0 0 0 0 0 0 0 0 0 0 0 0 1 0 0 0 1 0 0 0 1 0 1 1 1 1 0 0 0 1 0 0 0 0 0 0 1 1 0 0 0 0 0 1 0 1 1 0 1 0 1 0 0 1 1 1 1 1 0 1 1 0 0 0 1 0 0 0 0 0
program/192 0 1 1 1 1 1 1 1 1 1 1 0 1 0 0 1 1 1 0 0 1 0 1 1 1 1 0 1 1 1 0 1 0 1 1 1 1 1 1 0 0 0 1 1 1 1 1 0 1 1 1 0 1 1 1 1 1 1 1 1 1 1 1 1 1 1 0 0 0 0
program/71 0 1 0 1 0 1 1 1 1 0 0 1 1 1 1 1 1 1 1 1 1 1 1 1 1 1 1 1 1 1 1 1 1 1 1 1 1 1 1 1 1 1 1 1 1 1 1 1 1 1 1 1 1 1 1 1 1 1 1 1 1 1 1 1 1 0 0 0 0 0
program/72 0 1 0 1 0 1 1 1 1 0 0 1 1 1 1 1 1 1 1 1 1 1 1 1 1 1 1 1 1 1 1 1 1 1 1 1 1 1 1 1 1 1 1 1 1 1 1 1 1 1 1 1 1 1 1 1 1 1 1 1 1 1 1 1 1 0 0 0 0 0
program/73 0 1 0 1 0 1 1 1 1 0 0 1 1 1 1 1 1 1 1 1 1 1 1 1 1 1 1 1 1 1 1 1 1 1 1 1 1 1 1 1 1 1 1 1 1 1 1 1 1 1 1 1 1 1 1 1 1 1 1 1 1 1 1 1 1 0 0 0 0 0
program/75 1 1 1 1 1 1 1 1 1 1 1 1 1 1 1 1 1 1 1 1 1 1 1 0 0 1 1 1 1 1 1 1 1 1 1 1 1 1 1 1 1 1 1 1 1 1 1 1 1 1 1 1 1 1 1 1 1 1 1 1 0 1 1 1 0 0 0 0 0 0
program/76 0 0 0 0 0 1 1 1 0 0 0 0 1 0 0 0 1 0 1 1 1 1 1 1 1 1 0 0 0 1 1 0 0 0 0 0 1 1 0 1 0 1 0 1 0 1 1 1 1 0 0 0 0 1 1 0 1 0 0 1 1 0 0 0 1 0 0 0 0 0
program/77 0 0 0 0 0 1 1 1 0 0 0 0 1 0 0 0 1 0 1 1 1 1 1 1 1 1 0 0 0 1 1 0 0 0 0 0 1 1 0 1 0 1 0 1 0 1 1 1 1 0 0 0 0 1 1 0 1 0 0 1 1 0 0 0 1 0 0 0 0 0
program/78 0 0 0 0 0 1 1 1 0 0 0 0 1 0 0 0 1 0 1 1 1 1 1 1 1 1 0 0 0 1 1 0 0 0 0 0 1 1 0 1 0 1 0 1 0 1 1 1 1 0 1 1 0 1 1 1 1 1 0 1 1 0 0 0 1 0 0 0 0 0
program/79 0 0 0 0 0 1 1 1 0 0 0 0 1 0 0 0 1 0 1 1 1 1 1 1 1 1 0 0 0 1 1 0 0 0 0 0 1 1 0 1 0 1 0 1 0 1 1 1 1 0 1 1 0 1 1 1 1 1 0 1 1 0 0 0 1 0 0 0 0 0
program/13 0 0 0 0 0 1 1 1 0 0 0 0 0 0 0 0 0 0 0 0 0 0 0 0 0 0 0 0 0 0 0 0 0 0 0 0 0 0 0 0 0 0 0 0 0 0 0 0 0 0 0 0 0 0 0 0 0 0 0 0 0 0 0 0 0 0 0 0 0 0
program/10 1 1 1 1 1 1 1 1 1 1 1 1 1 1 1 1 1 1 1 1 1 1 1 1 1 1 1 1 1 1 1 1 1 1 1 1 1 1 1 1 1 1 1 1 1 1 1 1 1 1 1 1 1 1 1 1 1 1 1 1 1 1 1 1 1 0 0 0 0 0
program/16 0 0 0 0 0 1 1 1 0 0 0 0 0 0 0 0 0 0 0 0 0 0 0 0 0 0 0 0 0 0 0 0 0 0 0 0 0 0 0 0 0 0 0 0 0 0 0 0 0 0 0 0 0 0 0 0 0 0 0 0 0 0 0 0 0 0 0 0 0 0
program/17 0 0 0 0 0 1 1 1 0 0 0 0 1 0 0 0 1 0 1 1 1 1 1 1 1 1 0 0 0 1 1 0 0 0 0 0 1 1 0 1 0 1 0 1 0 1 1 1 1 0 1 1 0 1 1 1 1 1 0 1 1 0 0 0 1 0 0 0 0 0
program/14 1 1 1 1 1 1 1 1 1 1 1 1 1 1 1 1 1 1 1 1 1 1 1 1 1 1 1 1 1 1 1 1 1 1 1 1 1 1 1 1 1 1 1 1 1 1 1 1 1 1 1 1 1 1 1 1 1 1 1 1 1 1 1 1 1 0 0 0 0 0
program/19 0 0 0 0 0 1 1 1 0 0 0 0 1 0 0 0 1 0 1 1 1 1 1 1 1 1 0 0 0 1 1 0 0 0 0 0 1 1 0 1 0 1 0 1 0 1 1 1 1 0 1 1 0 1 1 1 1 1 0 1 1 0 0 0 1 0 0 0 0 0
program/147 0 0 0 0 0 0 0 0 0 0 0 0 1 0 0 0 1 0 0 0 1 0 1 1 1 1 0 0 0 1 0 0 0 0 0 0 1 1 0 0 0 0 0 1 0 1 1 0 1 0 1 0 0 1 1 1 1 1 0 1 1 0 0 0 1 0 0 0 0 0
program/98 0 1 0 1 0 1 1 1 1 0 0 1 1 1 1 1 1 1 1 1 1 1 1 1 1 1 1 1 1 1 1 1 1 1 1 1 1 1 1 1 1 1 1 1 1 1 1 1 1 1 1 1 1 1 1 1 1 1 1 1 1 1 1 1 1 0 0 0 0 0
program/99 0 0 0 0 0 1 1 1 0 0 0 0 1 0 0 0 1 0 1 1 1 1 1 1 1 1 0 0 0 1 1 0 0 0 0 0 1 1 0 1 0 1 0 1 0 1 1 1 1 0 1 1 0 1 1 1 1 1 0 1 1 0 0 0 1 0 0 0 0 0
program/149 0 0 0 0 0 0 0 0 0 0 0 0 1 0 0 0 1 0 0 0 1 0 1 1 1 1 0 0 0 1 0 0 0 0 0 0 1 1 0 0 0 0 0 1 0 1 1 0 1 0 1 0 0 1 1 1 1 1 0 1 1 0 0 0 1 0 0 0 0 0
program/146 0 0 0 0 0 0 0 0 0 0 0 0 1 0 0 0 1 0 0 0 1 0 1 1 1 1 0 0 0 1 0 0 0 0 0 0 1 1 0 0 0 0 0 1 0 1 1 0 1 0 1 0 0 1 1 1 1 1 0 1 1 0 0 0 1 0 0 0 0 0
program/92 0 1 0 1 0 1 1 1 1 0 0 1 1 1 1 1 1 1 1 1 1 1 1 1 1 1 1 1 1 1 1 1 1 1 1 1 1 1 1 1 1 1 1 1 1 1 1 1 1 1 1 1 1 1 1 1 1 1 1 1 1 1 1 1 1 0 0 0 0 0
program/93 0 1 0 1 0 1 1 1 1 0 0 1 1 1 1 1 1 1 1 1 1 1 1 1 1 1 1 1 1 1 1 1 1 1 1 1 1 1 1 1 1 1 1 1 1 1 1 1 1 1 1 1 1 1 1 1 1 1 1 1 1 1 1 1 1 0 0 0 0 0
program/90 0 0 0 0 0 1 1 1 0 0 0 0 1 0 0 0 1 0 1 1 1 1 1 1 1 1 0 0 0 1 1 0 0 0 0 0 1 1 0 1 0 1 0 1 0 1 1 1 1 0 1 1 0 1 1 1 1 1 0 1 1 0 0 0 1 0 0 0 0 0
program/91 0 0 0 0 0 1 1 1 0 0 0 0 1 0 0 0 1 0 1 1 1 1 1 1 1 1 0 0 0 1 1 0 0 0 0 0 1 1 0 1 0 1 0 1 0 1 1 1 1 0 1 1 0 1 1 1 1 1 0 1 1 0 0 0 1 0 0 0 0 0
program/96 0 0 0 0 0 1 1 1 0 0 0 0 1 0 0 0 1 0 1 1 1 1 1 1 1 1 0 0 0 1 1 0 0 0 0 0 1 1 0 1 0 1 0 1 0 1 1 1 1 0 1 1 0 1 1 1 1 1 0 1 1 0 0 0 1 0 0 0 0 0
program/97 0 0 0 0 0 1 1 1 0 0 0 0 1 0 0 0 1 0 1 1 1 1 1 1 1 1 0 0 0 1 1 0 0 0 0 0 1 1 0 1 0 1 0 1 0 1 1 1 1 0 1 1 0 1 1 1 1 1 0 1 1 0 0 0 1 0 0 0 0 0
program/94 0 1 0 1 0 1 1 1 1 0 0 1 1 1 1 1 1 1 1 1 1 1 1 1 1 1 1 1 1 1 1 1 1 0 1 1 1 1 1 1 1 1 1 1 0 1 1 1 1 1 0 1 1 1 1 0 1 1 1 1 0 0 1 1 0 0 0 0 0 0
program/95 0 0 0 0 0 1 1 1 0 0 0 0 1 0 0 0 1 0 1 1 1 1 1 1 1 1 0 0 0 1 1 0 0 0 0 0 1 1 0 1 0 1 0 1 0 1 1 1 1 0 1 1 0 1 1 1 1 1 0 1 1 0 0 0 1 0 0 0 0 0
program/144 0 0 0 0 0 0 0 0 0 0 0 0 1 0 0 0 1 0 0 0 1 0 1 1 1 1 0 0 0 1 0 0 0 0 0 0 1 1 0 0 0 0 0 1 0 1 1 0 1 0 1 0 0 1 1 1 1 1 0 1 1 0 0 0 1 0 0 0 0 0
program/143 0 0 0 0 0 0 0 0 0 0 0 0 1 0 0 0 1 0 0 0 1 0 1 1 1 1 0 0 0 1 0 0 0 0 0 0 1 1 0 0 0 0 0 1 0 1 1 0 1 0 1 0 0 1 1 1 1 1 0 1 1 0 0 0 1 0 0 0 0 0
program/142 0 0 0 0 0 0 0 0 0 0 0 0 1 0 0 0 1 0 0 0 1 0 1 1 1 1 0 0 0 1 0 0 0 0 0 0 1 1 0 0 0 0 0 1 0 1 1 0 1 0 1 0 0 1 1 1 1 1 0 1 1 0 0 0 1 0 0 0 0 0
program/66 0 1 0 1 0 1 1 1 1 0 0 1 1 1 1 1 1 1 1 1 1 1 1 1 1 1 1 1 1 1 1 1 1 1 1 1 1 1 1 1 1 1 1 1 1 1 1 1 1 1 1 1 1 1 1 1 1 1 1 1 1 1 1 1 1 0 0 0 0 0
program/65 0 1 0 1 0 1 1 1 1 0 0 1 1 1 1 1 1 1 1 1 1 1 1 1 1 1 1 1 1 1 1 1 1 1 1 1 1 1 1 1 1 1 1 1 1 1 1 1 1 1 1 1 1 1 1 1 1 1 1 1 1 1 1 1 1 0 0 0 0 0
program/64 0 0 0 0 0 0 0 0 0 0 0 0 1 0 0 0 1 0 0 0 1 0 1 1 1 1 0 0 0 1 0 0 0 0 0 0 1 1 0 0 0 0 0 1 0 1 1 0 1 0 1 0 0 1 1 1 1 1 0 1 1 0 0 0 1 0 0 0 0 0
program/63 0 1 0 1 0 1 1 1 1 0 0 1 1 1 1 1 1 1 1 1 1 1 1 1 1 1 1 1 1 1 1 1 1 1 1 1 1 1 1 1 1 1 1 1 1 1 1 1 1 1 1 1 1 1 1 1 1 1 1 1 1 1 1 1 1 0 0 0 0 0
program/62 0 1 0 1 0 1 1 1 1 0 0 1 1 1 1 1 1 1 1 1 1 1 1 1 1 1 1 1 1 1 1 1 1 1 1 1 1 1 1 1 1 1 1 1 1 1 1 1 1 1 1 1 1 1 1 1 1 1 1 1 1 1 1 1 1 0 0 0 0 0
program/61 0 0 0 0 0 0 0 0 0 0 0 0 1 0 0 0 1 0 0 0 1 0 1 1 1 1 0 0 0 1 0 0 0 0 0 0 1 1 0 0 0 0 0 1 0 1 1 0 1 0 1 0 0 1 1 1 1 1 0 1 1 0 0 0 1 0 0 0 0 0
program/60 0 1 0 1 0 1 1 1 1 0 0 1 1 1 1 1 1 1 1 1 1 1 1 1 1 1 1 1 1 1 1 1 1 1 1 1 1 1 1 1 1 1 1 1 1 1 1 1 1 1 1 1 1 1 1 1 1 1 1 1 1 1 1 1 1 0 0 0 0 0
program/140 1 0 1 0 1 0 0 0 0 1 1 0 0 0 0 0 1 0 0 0 1 0 1 1 1 1 0 0 0 1 0 0 0 0 0 0 1 1 0 0 0 0 0 1 0 1 1 0 1 0 0 0 0 1 1 0 1 0 0 1 1 0 0 0 1 0 0 0 0 0
program/69 0 1 0 1 0 1 1 1 1 0 0 1 1 1 1 1 1 1 1 1 1 1 1 1 1 1 1 1 1 1 1 1 1 1 1 1 1 1 1 1 1 1 1 1 1 1 1 1 1 1 1 1 1 1 1 1 1 1 1 1 1 1 1 1 1 0 0 0 0 0
program/68 0 1 0 1 0 1 1 1 1 0 0 1 1 1 1 1 1 1 1 1 1 1 1 1 1 1 1 1 1 1 1 1 1 1 1 1 1 1 1 1 1 1 1 1 1 1 1 1 1 1 1 1 1 1 1 1 1 1 1 1 1 1 1 1 1 0 0 0 0 0
program/89 0 0 0 0 0 1 1 1 0 0 0 0 1 0 0 0 1 0 1 1 1 1 1 1 1 1 0 0 0 1 1 0 0 0 0 0 1 1 0 1 0 1 0 1 0 1 1 1 1 0 1 1 0 1 1 1 1 1 0 1 1 0 0 0 1 0 0 0 0 0
program/88 0 1 0 1 0 1 1 1 1 0 0 1 1 1 1 1 1 1 1 1 1 1 1 1 1 1 1 1 1 1 1 1 1 1 1 1 1 1 1 1 1 1 1 1 1 1 1 1 1 1 1 1 1 1 1 1 1 1 1 1 1 1 1 1 1 0 0 0 0 0
program/158 0 0 0 0 0 0 0 0 0 0 0 0 1 0 0 0 1 0 0 0 1 0 1 1 1 1 0 0 0 1 0 0 0 0 0 0 1 1 0 0 0 0 0 1 0 1 1 0 1 0 1 0 0 1 1 1 1 1 0 1 1 0 0 0 1 0 0 0 0 0
program/159 0 0 0 0 0 0 0 0 0 0 0 0 1 0 0 0 1 0 0 0 1 0 1 1 1 1 0 0 0 1 0 0 0 0 0 0 1 1 0 0 0 0 0 1 0 1 1 0 1 0 1 0 0 1 1 1 1 1 0 1 1 0 0 0 1 0 0 0 0 0
program/191 0 1 1 1 1 1 1 1 1 1 1 0 1 0 0 1 1 1 0 0 1 0 1 1 1 1 0 1 1 1 0 1 0 1 1 1 1 1 1 0 0 0 1 1 1 1 1 0 1 1 1 0 1 1 1 1 1 1 1 1 1 1 1 1 1 1 0 0 0 0
program/81 0 0 0 0 0 1 1 1 0 0 0 0 1 0 0 0 1 0 1 1 1 1 1 1 1 1 0 0 0 1 1 0 0 0 0 0 1 1 0 1 0 1 0 1 0 1 1 1 1 0 1 1 0 1 1 1 1 1 0 1 1 0 0 0 1 0 0 0 0 0
program/80 0 0 0 0 0 1 1 1 0 0 0 0 1 0 0 0 1 0 1 1 1 1 1 1 1 1 0 0 0 1 1 0 0 0 0 0 1 1 0 1 0 1 0 1 0 1 1 1 1 0 0 0 0 1 1 0 1 0 0 1 1 0 0 0 1 0 0 0 0 0
program/83 1 1 1 1 1 1 1 1 1 1 1 1 1 1 1 1 1 1 1 1 1 1 1 1 1 1 1 1 1 1 1 1 1 0 1 1 1 1 1 1 1 1 1 1 0 1 1 1 1 1 1 1 1 1 1 1 1 1 1 1 0 0 1 1 0 0 0 0 0 0
program/82 0 1 0 1 0 1 1 1 1 0 0 1 1 1 1 1 1 1 1 1 1 1 1 1 1 1 1 1 1 1 1 1 1 1 1 1 1 1 1 1 1 1 1 1 1 1 1 1 1 1 1 1 1 1 1 1 1 1 1 1 1 1 1 1 1 0 0 0 0 0
program/85 0 1 0 1 0 1 1 1 1 0 0 1 1 1 1 1 1 1 1 1 1 1 1 1 1 1 1 1 1 1 1 1 1 0 1 1 1 1 1 1 1 1 1 1 0 1 1 1 1 1 1 1 1 1 1 1 1 1 1 1 0 0 1 1 0 0 0 0 0 0
program/84 0 0 0 0 0 1 1 1 0 0 0 0 1 0 0 0 1 0 1 1 1 1 1 1 1 1 0 0 0 1 1 0 0 0 0 0 1 1 0 1 0 1 0 1 0 1 1 1 1 0 0 0 0 1 1 0 1 0 0 1 1 0 0 0 1 0 0 0 0 0
program/87 0 1 0 1 0 1 1 1 1 0 0 1 1 1 1 1 1 1 1 1 1 1 1 1 1 1 1 1 1 1 1 1 1 0 1 1 1 1 1 1 1 1 1 1 0 1 1 1 1 1 0 1 1 1 1 0 1 1 1 1 0 0 1 1 0 0 0 0 0 0
program/86 0 1 0 1 0 1 1 1 1 0 0 1 1 1 1 1 1 1 1 1 1 1 1 1 1 1 1 1 1 1 1 1 1 1 1 1 1 1 1 1 1 1 1 1 1 1 1 1 1 1 1 1 1 1 1 1 1 1 1 1 1 1 1 1 1 0 0 0 0 0
program/2 0 0 0 0 0 1 1 1 0 1 0 0 0 0 0 0 0 0 0 0 0 0 0 0 0 0 0 0 0 0 0 0 0 0 0 0 0 0 0 0 0 0 0 0 0 0 0 0 0 0 0 0 0 0 0 0 0 0 0 0 0 0 0 0 0 0 0 0 0 0
program/3 1 1 1 1 1 1 1 1 1 1 1 1 1 1 1 1 1 1 1 1 1 1 1 1 1 1 1 1 1 1 1 1 1 1 1 1 1 1 1 1 1 1 1 1 1 1 1 1 1 1 1 1 1 1 1 1 1 1 1 1 1 1 1 1 1 0 0 0 0 0
program/5 1 1 1 1 1 1 1 1 1 1 1 1 1 1 1 1 1 1 1 1 1 1 1 1 1 1 1 1 1 1 1 1 1 1 1 1 1 1 1 1 1 1 1 1 1 1 1 1 1 1 1 1 1 1 1 1 1 1 1 1 1 1 1 1 1 0 0 0 0 0
program/8 0 0 0 0 0 1 1 1 0 0 0 0 1 0 0 0 0 0 0 0 1 0 1 1 1 1 0 0 0 0 0 0 0 0 0 0 0 1 0 0 0 0 0 1 0 1 1 0 0 0 0 0 0 1 1 1 1 0 0 0 1 0 0 0 1 0 0 0 0 0
program/9 0 0 0 0 0 1 1 1 0 0 0 0 0 0 0 0 0 0 0 0 0 0 0 0 0 0 0 0 0 0 0 0 0 0 0 0 0 0 0 0 0 0 0 0 0 0 0 0 0 0 0 0 0 0 0 0 0 0 0 0 0 0 0 0 0 0 0 0 0 0
program/195 0 1 1 1 1 1 1 1 1 1 1 0 1 0 0 1 1 1 0 0 1 0 1 1 1 1 0 1 1 1 0 1 0 1 1 1 1 1 1 0 0 0 1 1 1 1 1 0 1 1 1 0 1 1 1 1 1 1 1 1 1 1 1 1 1 1 0 0 0 0
